239.040431	-12.202619	-11.911280
234.088175	-1.141885	-2.599474
226.810288	14.267436	4.200248
224.521268	-11.855222	-6.898722
861.443410	-204.147364	-207.632647
208.999188	9.993596	2.306415
207.228060	29.168787	11.967123
223.929796	21.686357	29.340668
259.453877	-1.721696	-11.649350
223.583205	-11.552060	-6.892574
233.223777	-19.791461	-28.221788
84.003531	100.117460	-35.878512
251.737335	2.239611	-6.331617
266.128770	127.327115	130.086072
239.362989	0.023528	0.105976
222.070309	10.598287	11.925193
213.254922	7.697151	4.245612
245.517870	40.171106	30.559484
190.103328	37.882115	25.855200
-3980.977380	27490.542349	27490.523137
220.445621	-6.248343	-6.070050
233.062899	13.637774	9.473577
231.267446	16.833163	5.928383
222.788268	37.098520	15.139894
194.119087	34.201650	26.660538
181.379858	-92.992748	-98.901812
393.322044	202.037443	195.473563
256.300855	47.416642	45.813917
247.035629	69.888313	53.560541
422.292593	-59.522298	-80.298969
218.578060	-4.173816	-40.035626
232.964157	-12.836529	-8.558397
48.204864	775.470135	772.910896
254.352151	-34.147525	-34.385145
160.212917	-14.858025	12.749561
234.116465	-5.344917	-9.418740
164.894421	2.469864	7.368804
263.945206	-50.099220	-28.158103
191.660321	10.745258	-55.903647
-66.304516	-73.670432	-77.089929
227.175438	-30.269024	-25.144666
255.214756	25.570740	21.435785
247.939632	-27.731925	-27.409818
203.792560	9.617711	7.571062
249.392081	-52.912790	-59.130555
368.807784	13.498025	9.942502
190.722293	-9.712179	-4.154626
238.645027	-15.681231	-16.454801
223.879812	-18.191794	-14.796926
267.617962	4.526013	-15.096214
274.329121	52.619587	17.756372
204.883541	3.722279	4.590277
187.044671	20.707867	19.045256
245.339706	38.310283	32.549113
200.159281	-51.226906	-54.141568
221.176669	-6.342028	-2.459377
186.777739	12.576824	10.299387
117.691012	-54.835936	112.986249
229.344361	-22.664660	-13.344023
273.621959	0.756421	-14.710051
323.916487	111.872910	185.625507
221.614263	-2.630998	-0.320829
201.380214	-25.512851	-20.148239
249.450442	-16.338411	-19.622587
223.282978	-34.653601	-26.670414
243.269739	51.642259	36.326221
252.928162	20.627456	19.365604
108.965221	166.452300	159.973531
288.180885	-86.256381	251.447681
241.449464	-20.364096	-26.154722
194.889274	-41.622615	-17.847513
220.925760	-113.922362	9.722705
383.284184	-788.889881	-691.320707
225.487444	-27.695040	-21.379531
236.910363	50.487676	38.252021
250.196066	32.952400	-0.620481
226.223367	-26.897848	-23.595161
229.698028	17.699198	4.073144
229.817239	102.154831	71.307983
206.398821	59.229453	46.467092
154.516300	-40.376259	-44.179468
258.939211	40.395535	4.520495
417.962756	230.387568	222.860332
225.873005	-27.518958	-25.769594
318.182961	-77.177892	-100.524879
200.359425	4.232150	5.730067
251.933522	-15.537679	-18.055039
242.072497	-23.730689	-22.366133
224.598654	-33.184254	-28.137547
210.343303	8.853425	4.753441
333.981165	-58.972556	-67.627540
265.705239	17.193598	-4.126830
228.134382	-27.878800	-23.858346
253.289073	31.853581	23.251548
530.562716	-139.023855	-142.024043
177.034999	-7.292590	14.742346
181.539314	13.462033	14.063816
252.662685	3.687085	-6.666140
222.071074	-8.524382	-4.485860
219.576267	11.477024	1.980173
624.721120	-118.338694	-123.976336
198.388506	9.570081	8.959050
360.346778	32.515553	24.964578
164.919213	50.190600	29.340338
217.681992	18.702601	11.441301
216.533176	-19.808446	-40.467286
218.796128	-0.535463	1.223785
242.011830	-22.439419	-24.664800
72.689472	633.728663	528.434031
244.868703	55.352003	58.993868
-1497.040454	-654.576229	1317.554427
542.472510	21.029097	13.822948
217.456290	0.522880	2.708522
313.996906	160.536780	150.180410
209.132218	5.551257	3.323130
178.374171	-34.267167	-45.918387
253.038992	-0.459801	-4.766277
208.166890	42.300419	24.072524
238.642515	-5.963663	-4.088582
209.877983	27.964898	17.408821
202.661590	91.615967	79.274926
293.307563	-18.257096	-21.533439
208.594582	-29.309851	-22.622304
197.738354	-36.226474	-20.784846
243.319904	-22.039251	-20.666636
233.959769	-4.169319	-2.097905
229.296190	-29.250180	-26.140498
203.585219	33.326205	16.356549
650.397420	-1982.971893	-1983.258422
250.434734	-31.225078	-34.792563
207.327053	41.357258	17.788579
253.722382	-31.812431	-31.902310
-792.507988	-621.443751	-623.700620
194.010372	15.281753	11.334958
71.725112	212.532586	50.063720
229.341324	-9.189885	3.016322
210.260214	89.269498	82.370687
310.905250	29.051722	29.667329
228.855678	-23.420409	-20.950416
190.397039	36.748222	32.586994
-9021.728001	12684.476150	12684.454869
246.515902	-3.870576	-11.414707
55.686068	-19.375231	-23.755532
237.765947	-13.914604	-16.585939
233.597816	27.956378	20.908771
135.602980	84.550598	80.129336
-1052.243726	95.244118	-485.863935
-1191.794686	-146.110342	-169.553349
233.779482	1.383105	2.831222
250.771015	-14.249520	-13.702175
232.329686	88.533296	72.023209
314.005581	113.715012	149.225140
104.565513	-45.486482	-49.066421
232.371044	-14.708632	-13.403046
220.067471	-4.350439	-4.043543
201.597013	8.300026	5.320238
237.940319	0.572484	0.996743
194.014887	-42.946975	-19.260380
343.990415	65.811883	-85.200268
183.987654	-34.904757	-24.902571
286.002392	48.183110	-14.505999
286.294042	28.538666	21.389934
290.475352	-11.076707	-20.090549
227.504457	76.943117	70.630908
228.479676	-14.381386	-10.056033
243.902809	3.118044	-7.162548
234.094529	1.923045	-0.697333
249.371920	-131.358629	-125.489686
232.067076	4.382084	1.290839
477.745770	13.616020	10.540024
263.807870	-27.782604	-26.370788
211.483107	-12.814196	-4.870199
215.122751	11.622738	6.113163
157.565455	-103.247764	-99.354279
968.780695	-1102.846986	-1184.917393
193.766199	7.586167	12.234591
243.872677	24.076340	23.440465
260.339872	27.252644	16.930249
200.297563	62.701703	52.073119
207.413899	-83.599082	-35.592821
232.715445	-1.139091	-3.828800
243.786261	51.705819	35.332056
245.008355	51.297324	31.567275
141.359426	80.957620	75.897279
154.578461	53.674856	45.911287
146.617169	-1.644596	-21.011381
269.232876	-12.776690	-17.117904
35.494427	56.485016	52.329103
220.995270	14.319932	11.628658
270.593881	-15.159243	-15.941474
158.304980	11.175763	9.839560
112.224273	2.181356	7.901679
220.488474	1.237266	2.531577
230.926738	-23.842114	-24.329296
1185.039668	-511.281399	-523.190620
256.498102	71.623120	78.238653
242.096569	-25.388574	-23.430263
264.029590	31.307660	13.862309
226.075703	50.119594	21.988271
167.486813	20.123031	18.695697
249.914072	-0.481626	-3.895514
824.983837	-79.177713	-84.550015
202.822890	-4.135013	-20.534902
177.413645	-14.922820	10.661603
-272.141242	365.895157	50.826646
-317.206237	323.143669	-9.204916
-346.939657	364.934384	-65.567654
-324.206921	343.359217	-20.178591
-324.864677	343.929788	-18.725999
-294.583558	331.948482	-13.651463
-325.097067	338.941640	-32.933729
-323.200011	344.207841	-19.670423
-334.904537	353.087880	-15.166744
-332.891050	354.939923	-18.194883
-334.727319	363.463413	-27.340999
-326.061231	344.293024	-22.714366
-468.269986	282.227243	-151.042438
-322.239912	344.135648	-19.932104
-329.177973	376.175361	-14.121251
-314.242982	306.000242	-53.464842
-299.699184	321.601949	-69.277778
-318.756442	339.248389	-52.480540
-284.258677	329.058124	-14.058958
-337.330507	366.983512	-21.429017
-340.596032	350.004221	-30.586013
-318.448223	318.777956	-49.016896
-323.101690	348.266648	-16.572916
-285.952029	341.634556	-5.488616
-301.943450	321.219318	-16.190652
-334.272153	342.836721	-16.448100
-472.120331	287.857720	-204.684824
-338.520718	377.845580	-18.077414
-330.889911	317.568737	-286.299256
-327.108868	345.317525	-25.978351
-333.969539	358.975996	-18.937731
-181.447519	671.686478	-724.025738
-341.840445	345.884729	-25.910336
-300.618350	347.100899	-18.789199
-334.405492	380.198550	-18.262733
-337.607303	354.455350	-18.505876
-313.562179	319.592008	-68.154767
-335.482973	359.907509	-13.354266
-260.659169	349.125510	13.061529
-313.989062	312.798564	-60.154931
562.197264	1950.846791	940.063293
-275.007126	290.073546	-101.957147
-306.469137	326.313777	-12.689982
-330.080694	356.355872	-17.228108
-329.834545	358.649906	-16.293811
-341.535994	364.528804	-22.331171
-275.035603	505.623629	168.042126
-331.502707	321.465706	-49.245065
-328.854717	345.753056	-21.841178
298.742283	-571.596902	-871.397065
-324.506155	318.462386	-41.301347
-450.281319	472.271830	-13.337218
-325.930504	358.567090	-20.683957
-254.531615	331.115192	-42.150455
-323.869703	312.581496	-76.971316
-332.763703	340.456274	-56.542122
-327.762317	344.482082	-26.237617
-306.008050	307.102745	-25.633732
-334.486296	340.773572	-57.266260
-346.228947	342.480709	38.094508
-298.033860	338.268552	-12.534441
-334.359646	352.908257	-20.252942
-325.660731	351.397321	-19.123634
-334.354140	355.459168	-20.154604
-358.391753	339.834919	-223.028519
-337.571872	342.439659	-31.049203
-327.024471	365.667491	-20.353059
-309.049281	339.390552	-7.903161
-332.650894	354.954565	-17.634640
-321.437487	323.571018	-46.671693
-322.649704	294.098102	-143.251394
-326.172541	349.861319	-23.578643
-321.149636	311.245337	-46.832819
-332.396398	354.354724	-18.993744
-326.179205	321.234043	-46.209541
-323.888969	352.356860	-25.087446
-330.297266	351.410547	-21.012789
-329.521130	321.432823	-48.831220
-59.552257	222.512935	-77.556135
-337.929384	357.185574	-30.231740
-314.658356	342.179787	-22.145128
-330.360822	324.793947	-44.353926
-346.716057	344.940672	-18.185906
-329.467222	335.824103	-14.174521
-329.914812	350.900403	-16.342876
-372.762864	341.426352	-13.418986
-331.165137	350.050817	-22.707410
-310.964868	336.597570	-2.017423
-333.671282	353.157540	-22.780964
-254.913516	319.044007	-60.093496
-325.520973	346.440802	-20.220824
-323.518337	320.399530	-50.415085
-324.004894	342.449915	-21.028966
-581.333936	357.414192	-663.700511
-368.911617	310.625383	-73.530387
-331.472163	346.429820	-28.004857
-329.323355	331.838635	-24.957823
-312.087504	306.365786	-62.444324
-328.337767	351.734363	-20.791906
-277.337942	335.921589	-8.442120
-333.611058	357.546143	-17.284327
-206.704742	591.196057	105.692089
-328.132423	348.914732	-23.437487
-331.394175	352.805679	-20.207898
-329.658973	404.597106	-28.507975
-316.087490	316.888352	-50.989121
-307.905488	334.248400	-14.931803
-325.867012	347.365110	-17.189982
-316.929871	348.248492	-13.012052
-332.945555	342.763936	-24.231607
-322.480347	346.428469	-17.927113
-306.124625	298.838003	-52.587992
-315.199014	333.098826	-18.565187
-328.196670	344.993085	-18.217344
-328.966025	355.342501	-17.446376
-333.443387	361.068823	-21.929392
-330.016618	381.001516	-21.278145
-328.518682	356.032179	-30.921534
-254.839886	249.232441	-83.909719
-324.129783	321.603057	-47.718955
-330.641440	353.042466	-17.821232
-312.381585	312.238295	-52.867201
-332.990468	352.072587	-25.994262
-313.525350	360.753059	-23.171104
-329.803250	321.211998	-49.035213
-341.361454	351.698092	-26.258941
-335.041679	365.471885	-20.863823
-308.555149	303.502623	-56.905578
-349.314231	346.828002	-65.516819
-340.408292	325.584583	-33.700889
-327.723813	340.267451	-19.396179
-344.892072	352.945095	-16.371047
-314.132098	312.921815	-52.797018
-512.107241	600.017531	-1154.592990
-321.136163	321.800283	-47.339603
-317.580133	316.928553	-30.476853
-319.894646	249.349093	-45.261287
-321.116413	377.356971	-48.404858
-316.856348	327.147048	-48.608424
-317.299444	397.734605	-4.186314
-329.455273	351.281875	-20.971807
-321.041975	318.073428	-47.798842
-321.289255	322.523658	-39.358977
-436.754692	220.546953	-126.460766
-346.220302	362.850889	-71.794266
-277.292451	212.796921	-131.775467
-327.620709	353.856491	-19.272886
-324.274671	345.907656	-24.719462
231.450862	163.722840	-15.007643
-329.811764	348.551677	-14.240845
-329.971790	326.460889	-50.572354
-297.613138	344.084943	-46.037552
-294.624387	233.794575	-144.610587
-322.322011	347.664262	-26.169463
-322.861957	347.014899	-21.955037
-344.815301	355.715588	-16.718661
-305.009194	330.753045	-36.505547
-328.247261	345.055668	-21.789580
-321.422045	344.662365	-25.163443
-325.660754	346.964702	-21.131772
-314.093516	312.632503	-53.797837
-333.227302	348.521489	-19.556096
-326.693422	353.307481	-19.262367
-292.226169	329.356903	-32.383282
-328.633136	349.920610	-21.483187
-310.706283	105.859520	37.755033
-324.310473	353.789456	-23.584600
-327.056482	345.393368	-23.894398
1257.379959	1255.476377	-13084.137959
-329.558614	335.139038	-29.917661
-323.944887	326.241150	-10.035091
-417.663508	288.401638	-51.661168
-315.775210	322.970028	-65.341447
-312.942355	306.834811	-53.246622
-323.912935	349.358133	-23.136297
-324.297203	336.070377	-35.548257
-330.786380	346.496778	-32.593088
-329.472962	351.691684	-18.246140
-333.045973	348.882909	-18.135912
-332.574883	358.468863	-22.984403
-308.919346	398.921477	23.645968
-331.704367	363.404770	-17.815848
-332.190858	351.248238	-26.007756
-346.165201	358.757288	-12.764645
-330.180587	360.169092	-13.419356
-312.742189	307.826891	-61.638605
-324.978226	341.928210	-25.742013
-322.958284	332.046594	-38.638986
-323.949589	320.390337	-45.226995
-326.707822	321.571541	14.433278
-305.301378	331.353409	-25.875650
-333.283615	358.731633	-18.166658
-326.896664	342.004056	-22.440412
-284.260835	354.382999	12.117864
-326.769967	351.729393	-23.366597
-295.619408	331.278721	-52.225931
-336.488819	363.822688	-33.142149
-207.151577	395.786363	-129.842192
-323.169756	297.430151	-73.082478
-323.747270	343.109312	-17.537744
-329.520321	358.304966	-16.705838
-312.709015	337.939286	-19.907899
-329.941172	351.892399	-19.479687
-332.750324	354.792691	-18.316136
