239.034118	-12.200863	-11.913072
234.110182	-1.141417	-2.610601
226.810177	14.264632	4.201779
224.526932	-11.868125	-6.896611
861.443370	-204.147348	-207.632634
208.978159	9.967185	2.375321
207.241686	28.821104	11.930050
223.930011	21.685816	29.336446
259.448333	-1.721924	-11.647175
223.585092	-11.528308	-6.886517
233.222991	-19.796679	-28.210464
84.003813	100.117247	-35.878381
251.736468	2.233583	-6.325313
266.128660	127.326825	130.085742
239.356687	0.021543	0.108975
222.069182	10.600839	11.917520
213.254440	7.698492	4.241825
245.516212	40.165766	30.560234
190.106795	37.878220	25.855465
-3980.977380	27490.542349	27490.523137
220.464405	-6.236602	-6.059773
233.279163	13.887006	9.604557
231.040198	16.527636	5.763009
222.788031	37.095085	15.139605
194.119400	34.201902	26.659040
181.379947	-92.992330	-98.901319
393.321948	202.037372	195.473483
256.298840	47.415903	45.811730
247.034962	69.886657	53.559652
422.292306	-59.522200	-80.298856
218.583238	-4.179928	-40.027703
232.962365	-12.831840	-8.561705
48.204860	775.470118	772.910872
254.347081	-34.141462	-34.380571
160.215227	-14.856866	12.748930
234.114376	-5.345819	-9.407682
164.896844	2.470346	7.369059
263.943361	-50.096452	-28.157600
191.661262	10.744612	-55.901871
-66.304404	-73.670334	-77.089882
227.160557	-30.246326	-25.124290
255.211925	25.570999	21.431540
248.375128	-27.740790	-27.492950
203.795459	9.768621	7.588522
249.391540	-52.911446	-59.128920
368.807072	13.498101	9.942525
190.725947	-9.710665	-4.153878
238.638479	-15.674479	-16.452870
223.886265	-18.189554	-14.794094
267.614717	4.523531	-15.094281
274.326855	52.617412	17.756021
204.886262	3.730922	4.586220
187.047643	20.705970	19.042710
245.339688	38.314895	32.544813
200.159956	-51.225618	-54.140025
221.206067	-6.309101	-2.500311
186.782395	12.575963	10.300734
117.691265	-54.835716	112.985908
229.345346	-22.656777	-13.347453
273.617063	0.755978	-14.709416
323.916321	111.872836	185.625211
221.619333	-2.635924	-0.321041
201.383968	-25.512423	-20.147383
249.445058	-16.337638	-19.616596
223.291653	-34.643746	-26.668807
243.260023	51.638375	36.305532
252.926810	20.629426	19.364925
108.965283	166.452173	159.973351
288.180825	-86.256296	251.447500
241.449553	-20.371815	-26.147817
194.860742	-41.634680	-17.859433
220.925766	-113.921440	9.722500
383.284178	-788.889864	-691.320695
225.517798	-27.608141	-21.431480
236.912466	50.485900	38.249552
250.194792	32.949568	-0.618889
226.177825	-26.911956	-23.624105
229.695556	17.691441	4.076672
229.817120	102.153340	71.307548
206.398915	59.228389	46.466330
154.517489	-40.375653	-44.178803
258.937483	40.392374	4.521597
417.962646	230.387474	222.860230
225.774333	-27.906275	-26.000270
318.182617	-77.177577	-100.524465
200.324488	4.049699	5.805022
251.861233	-15.478721	-18.168796
242.098862	-23.761268	-22.301548
224.596537	-33.175886	-28.128380
210.374676	8.867140	4.693502
333.980586	-58.972262	-67.627244
265.701946	17.191586	-4.126447
228.108972	-27.874464	-23.858461
253.287674	31.850087	23.249726
530.562615	-139.023797	-142.023993
177.037308	-7.291979	14.740558
181.544610	13.461576	14.062103
252.650555	3.674584	-6.666541
222.114922	-8.548843	-4.464361
219.576072	11.471481	1.984833
624.721026	-118.338665	-123.976312
198.201061	9.574623	8.947887
360.346122	32.515347	24.964379
164.920593	50.189538	29.340004
217.684168	18.697149	11.437491
216.535987	-19.808666	-40.461527
218.806145	-0.530049	1.222220
242.008743	-22.436279	-24.654437
72.689461	633.728635	528.433995
244.868304	55.351396	58.991826
-1497.040449	-654.576227	1317.554422
542.472325	21.029092	13.822938
217.461967	0.518680	2.699884
313.996755	160.536547	150.180232
209.135835	5.555835	3.326742
178.375559	-34.266533	-45.916899
253.030371	-0.449099	-4.766330
208.167440	42.297177	24.069535
238.622821	-5.959203	-4.089456
209.893962	28.301021	17.445268
202.662911	91.615012	79.274640
293.304812	-18.255715	-21.532691
208.597186	-29.307559	-22.620582
197.739347	-36.226910	-20.782917
243.290385	-21.996464	-20.740800
233.941375	-4.156832	-2.142130
229.304229	-29.335540	-26.236040
203.589227	33.321412	16.355414
650.397419	-1982.971891	-1983.258420
250.468727	-31.266842	-34.717542
207.327924	41.352872	17.789574
253.686812	-31.765616	-31.974232
-792.507978	-621.443738	-623.700611
194.013086	15.278109	11.333088
71.725159	212.532434	50.063673
229.383750	-9.094750	3.001398
210.259712	89.269035	82.369333
310.903874	29.051482	29.666834
229.074634	-23.037111	-20.575046
190.399459	36.746953	32.582671
-9021.728001	12684.476150	12684.454869
246.521896	-3.900460	-11.405629
55.686503	-19.375128	-23.755464
237.766088	-13.922566	-16.580071
233.597474	27.954086	20.906518
135.604367	84.549779	80.128243
-1052.243701	95.244122	-485.863921
-1191.794664	-146.110333	-169.553346
233.797051	1.299685	2.872141
250.833368	-14.303657	-13.601497
232.329232	88.532244	72.022430
314.005377	113.714891	149.224910
104.566109	-45.486202	-49.066157
232.369201	-14.703853	-13.398741
219.988271	-4.356160	-4.038819
201.821865	8.321475	5.246698
237.926942	0.565694	0.979422
194.047932	-42.927113	-19.250028
343.990021	65.811666	-85.199957
183.990566	-34.903677	-24.901599
286.001010	48.181930	-14.505317
286.291809	28.538229	21.389241
290.472790	-11.077161	-20.090142
227.504614	76.942875	70.629963
228.483733	-14.376450	-10.054477
243.899797	3.112238	-7.158855
234.044495	1.869503	-0.645488
249.371839	-131.358290	-125.489382
232.055086	4.453310	1.236851
477.745533	13.616022	10.540012
263.803430	-27.780653	-26.369570
211.489778	-12.809766	-4.870647
215.123675	11.616170	6.109266
157.565788	-103.247320	-99.353916
968.780691	-1102.846981	-1184.917388
193.771433	7.588391	12.230598
243.871481	24.075944	23.437660
260.336161	27.252789	16.929981
200.298764	62.700295	52.071568
207.414176	-83.597600	-35.592429
232.714272	-1.161117	-3.831694
243.794225	51.704360	35.344996
245.006355	51.294091	31.571868
141.358933	80.957732	75.897546
154.579528	53.674259	45.910578
146.618699	-1.644593	-21.010735
269.229915	-12.780954	-17.115202
35.494708	56.484981	52.329001
220.994970	14.315185	11.625110
270.588596	-15.152635	-15.943306
158.307847	11.175185	9.839465
112.225266	2.181410	7.901599
220.481922	1.232917	2.529265
230.922700	-23.851091	-24.330046
1185.039654	-511.281392	-523.190614
256.497409	71.622532	78.237530
241.530179	-25.369285	-23.309768
264.025143	31.305482	13.862917
226.075883	50.116482	21.987970
167.489448	20.122078	18.694747
249.912915	-0.480063	-3.904125
824.983783	-79.177705	-84.550011
202.826175	-4.135735	-20.531668
177.415727	-14.920363	10.661196
-272.142046	365.894769	50.825332
-317.208551	323.151476	-9.210591
-346.953769	364.862282	-65.705884
-324.256345	343.359143	-20.165078
-324.465774	343.824109	-18.845926
-294.591022	331.951805	-13.653337
-325.098538	338.943429	-32.918887
-323.256701	344.245155	-19.686623
-334.842632	353.360028	-15.366761
-332.911525	354.839135	-18.134887
-334.604359	363.534866	-27.016572
-326.058522	344.303275	-22.646850
-468.269664	282.227331	-151.042224
-322.265017	344.157466	-19.953896
-329.179380	376.165302	-14.126714
-314.227540	305.996244	-53.467417
-299.702881	321.602172	-69.273588
-318.759048	339.245485	-52.473455
-284.263783	329.060325	-14.060044
-337.314214	366.965426	-21.424401
-340.549879	349.998574	-30.550269
-318.448110	318.780294	-48.977693
-323.161556	348.367709	-16.625281
-285.956762	341.633899	-5.491654
-301.949026	321.226414	-16.192254
-333.950072	343.102206	-16.621129
-472.120120	287.857763	-204.684585
-338.513702	377.836615	-18.079469
-330.889887	317.568741	-286.298986
-327.090181	345.405264	-25.955614
-333.930383	358.938355	-18.985444
-181.447519	671.686457	-724.025705
-341.624001	345.624841	-25.755703
-300.628317	347.097865	-18.789950
-334.403575	380.187177	-18.263491
-337.547050	354.440366	-18.532196
-313.564433	319.593718	-68.145849
-335.484533	359.872934	-13.385573
-260.661341	349.125250	13.060247
-313.987987	312.799177	-60.145999
562.197262	1950.846785	940.063290
-275.007878	290.074189	-101.956026
-306.473799	326.319122	-12.695304
-330.065652	356.339003	-17.132232
-330.180023	358.700524	-16.419094
-341.529780	364.340494	-22.276776
-275.035622	505.623467	168.041942
-331.507924	321.622430	-49.091848
-328.810643	345.757597	-21.743718
298.742279	-571.596889	-871.397047
-324.501759	318.473536	-41.308165
-450.280982	472.271491	-13.337252
-325.922703	358.557194	-20.669097
-254.534036	331.115265	-42.150083
-323.868495	312.583217	-76.966027
-332.764997	340.459919	-56.544197
-327.759753	344.592362	-26.399865
-306.010724	307.108275	-25.635195
-334.478684	340.767353	-57.251039
-346.227958	342.480882	38.091678
-298.041841	338.268551	-12.538378
-334.299053	352.925201	-20.227099
-325.711950	351.379872	-19.109520
-334.423738	355.230140	-20.334602
-358.391651	339.834880	-223.028132
-337.557614	342.444560	-31.037596
-327.067358	365.625518	-20.347257
-309.056727	339.392574	-7.910566
-332.720607	354.891208	-17.626918
-321.426455	323.581874	-46.725182
-322.649642	294.098396	-143.250439
-326.123272	349.876247	-23.570612
-321.147950	311.256350	-46.834149
-332.330832	354.309950	-18.994020
-326.175680	321.110906	-46.413940
-323.866899	352.483203	-25.571331
-330.252876	351.427332	-20.984088
-329.501595	321.417596	-48.831489
-59.552336	222.512939	-77.556078
-337.960451	357.146019	-30.234832
-314.676309	342.180806	-22.138990
-330.352141	324.792447	-44.357243
-346.557651	344.927503	-18.592488
-329.462380	335.840592	-14.187760
-329.952256	350.829093	-16.363913
-372.758214	341.426906	-13.419953
-331.212303	350.060288	-22.646443
-310.968839	336.600102	-2.027440
-333.784916	353.576509	-22.584711
-254.915479	319.044516	-60.092551
-325.571670	346.446901	-20.233112
-323.515371	320.310008	-50.361937
-324.466973	339.893290	-21.739920
-581.333914	357.414187	-663.700471
-368.909704	310.626329	-73.528838
-331.766781	346.336320	-27.959644
-329.319777	331.857286	-24.958358
-312.089309	306.378979	-62.434769
-328.494653	351.683711	-20.238961
-277.343011	335.921882	-8.443647
-333.548741	357.564832	-17.285385
-206.704791	591.195895	105.692015
-328.282193	349.234997	-23.549559
-331.479724	352.834590	-20.079691
-329.658787	404.593269	-28.507367
-316.093210	316.889446	-50.985951
-308.142665	334.218105	-15.362224
-325.913415	347.358582	-17.111536
-316.982205	348.204457	-13.079742
-332.921579	342.784000	-24.214028
-322.519879	346.424544	-17.939413
-306.128940	298.845128	-52.587915
-315.207002	333.109181	-18.568140
-328.137255	345.291604	-18.167049
-329.030150	354.709459	-17.615499
-333.432596	361.045407	-21.916205
-330.019342	380.991327	-21.276384
-328.613183	355.891741	-30.758090
-254.840407	249.233121	-83.909354
-324.113005	321.647404	-47.720315
-330.534935	352.967995	-17.772166
-312.377271	312.235704	-52.886265
-333.510509	351.986645	-25.995726
-313.537404	360.743262	-23.168084
-329.803941	321.220018	-48.997416
-341.293505	351.760695	-26.327047
-335.040289	365.449402	-20.862965
-308.561773	303.509998	-56.901569
-349.127517	346.769254	-65.484483
-340.400385	325.590381	-33.699281
-327.717862	340.400942	-19.443257
-344.612110	352.814607	-16.324497
-314.165200	312.931598	-52.786183
-512.107235	600.017525	-1154.592973
-321.162486	321.821929	-47.297185
-317.582381	316.936261	-30.479232
-319.894595	249.350764	-45.261139
-321.117371	377.352493	-48.401074
-316.862966	327.142647	-48.603184
-317.300398	397.730787	-4.187803
-329.325144	351.264048	-20.918074
-321.068142	318.085084	-47.833322
-321.293013	322.528261	-39.363866
-436.754410	220.547220	-126.460567
-346.219555	362.927572	-71.659518
-277.292603	212.797396	-131.775158
-327.666416	353.824864	-19.293402
-324.307098	345.901757	-24.680706
231.450801	163.722355	-15.007536
-330.018015	350.027464	-14.083048
-329.965187	326.455036	-50.562975
-297.618278	344.082970	-46.033962
-294.624403	233.794926	-144.610082
-322.269951	347.863588	-26.399208
-322.522877	347.180084	-21.984565
-344.725551	355.405760	-17.039221
-305.016024	330.754760	-36.502308
-328.076432	344.944606	-21.816298
-321.359124	344.773058	-25.106622
-325.727666	346.827288	-20.942877
-314.086148	312.638146	-53.780465
-333.192682	348.444031	-19.508636
-326.757089	353.229192	-19.269796
-292.232811	329.358751	-32.382029
-328.600784	350.221937	-21.004586
-310.706242	105.859759	37.754952
-324.533762	353.747136	-23.865718
-327.096262	345.435192	-23.862177
1257.379959	1255.476377	-13084.137959
-329.556289	335.153711	-29.908694
-323.943786	326.249889	-10.042167
-417.662483	288.402154	-51.660971
-315.775704	322.967024	-65.336087
-312.957923	306.857039	-53.245704
-323.976903	349.394555	-23.094044
-324.340872	336.010989	-35.403277
-331.148792	346.644316	-32.333138
-329.481181	351.694684	-18.183240
-333.001123	348.782159	-18.327203
-332.669310	358.376870	-23.135493
-308.919918	398.919682	23.644260
-331.712408	363.368819	-17.823246
-332.313766	351.333609	-26.092026
-346.139929	358.754154	-12.785126
-330.021627	360.112705	-13.326434
-312.745287	307.825930	-61.631361
-324.991068	341.947836	-25.716611
-322.932945	332.121796	-38.754940
-323.951695	320.396814	-45.234051
-326.707449	321.574108	14.428771
-305.308925	331.357874	-25.874610
-333.273410	358.646798	-18.206146
-326.834288	341.872301	-22.187140
-284.263398	354.382041	12.115208
-327.081375	351.724612	-23.544550
-295.624455	331.278746	-52.222713
-336.483199	363.813909	-33.130809
-207.151941	395.786131	-129.841842
-323.165812	297.435530	-73.077070
-323.403462	343.064806	-17.559089
-329.548231	358.238133	-16.753007
-312.551276	338.066236	-19.433787
-329.995277	351.948783	-19.487544
-332.697571	354.834759	-18.434536
