239.021821	-12.197510	-11.916614
234.152189	-1.139900	-2.631355
226.810001	14.259202	4.204767
224.537890	-11.894410	-6.893051
861.443294	-204.147318	-207.632609
208.942223	9.915659	2.507522
207.320962	28.147215	11.969715
223.930427	21.684764	29.328241
259.437553	-1.722366	-11.642958
223.588758	-11.480664	-6.874480
233.221429	-19.806794	-28.188486
84.004362	100.116833	-35.878127
251.734997	2.222070	-6.313024
266.128446	127.326260	130.085100
239.344541	0.017923	0.115292
222.066970	10.605840	11.902595
213.253407	7.701145	4.234496
245.512978	40.155297	30.561778
190.113549	37.870648	25.855989
-3980.977380	27490.542349	27490.523137
220.501288	-6.213780	-6.039295
233.686693	14.481000	9.792130
230.628327	15.812943	5.526021
222.787569	37.088412	15.139046
194.119994	34.202398	26.656132
181.380119	-92.991518	-98.900362
393.321761	202.037234	195.473329
256.294926	47.414467	45.807482
247.033667	69.883439	53.557926
422.291748	-59.522011	-80.298637
218.592597	-4.191751	-40.011892
232.958806	-12.822765	-8.568230
48.204852	775.470085	772.910826
254.337167	-34.129605	-34.371645
160.219715	-14.854614	12.747704
234.110373	-5.347704	-9.386849
164.901552	2.471282	7.369555
263.939775	-50.091077	-28.156623
191.663089	10.743359	-55.898422
-66.304188	-73.670142	-77.089791
227.131578	-30.201294	-25.084305
255.206417	25.571487	21.423312
250.137901	-27.575359	-27.549827
203.780651	10.090980	7.625656
249.390486	-52.908834	-59.125742
368.805688	13.498247	9.942571
190.733047	-9.707723	-4.152428
238.625672	-15.661159	-16.449091
223.898819	-18.185168	-14.788605
267.608414	4.518705	-15.090529
274.322467	52.613202	17.755346
204.891583	3.747792	4.578430
187.053417	20.702285	19.037763
245.339658	38.323945	32.536377
200.161268	-51.223115	-54.137026
221.264744	-6.245170	-2.582838
186.791442	12.574301	10.303343
117.691755	-54.835289	112.985246
229.347249	-22.641475	-13.354128
273.607539	0.755120	-14.708179
323.915998	111.872693	185.624635
221.628985	-2.645457	-0.321596
201.391265	-25.511586	-20.145719
249.434600	-16.336130	-19.604924
223.308629	-34.624489	-26.665752
243.241043	51.630802	36.264505
252.924181	20.633272	19.363603
108.965403	166.451925	159.973001
288.180709	-86.256129	251.447148
241.449779	-20.387021	-26.134336
194.805955	-41.658389	-17.883125
220.925778	-113.919649	9.722102
383.284167	-788.889831	-691.320672
225.581482	-27.438893	-21.533239
236.916578	50.482454	38.244744
250.192319	32.944069	-0.615796
226.083950	-26.942077	-23.684563
229.690745	17.676311	4.083562
229.816889	102.150445	71.306702
206.399096	59.226325	46.464851
154.519800	-40.374476	-44.177512
258.934114	40.386241	4.523732
417.962434	230.387292	222.860032
225.468629	-29.927015	-27.217125
318.181950	-77.176966	-100.523662
200.254676	3.684237	6.006887
251.688752	-15.334134	-18.403070
242.152139	-23.815739	-22.174239
224.592396	-33.159666	-28.110453
210.430937	8.894025	4.578145
333.979462	-58.971690	-67.626669
265.695546	17.187679	-4.125706
228.058765	-27.865993	-23.858738
253.284952	31.843294	23.246180
530.562418	-139.023684	-142.023895
177.041796	-7.290794	14.737084
181.554907	13.460688	14.058774
252.626827	3.650033	-6.667263
222.208440	-8.588900	-4.419901
219.575674	11.460711	1.993880
624.720844	-118.338608	-123.976264
197.767746	9.584157	8.888306
360.344848	32.514947	24.963993
164.923273	50.187474	29.339355
217.688406	18.686511	11.430092
216.541421	-19.809080	-40.450373
218.825654	-0.519372	1.219320
242.002697	-22.430042	-24.634248
72.689439	633.728580	528.433925
244.867528	55.350218	58.987859
-1497.040440	-654.576221	1317.554413
542.471965	21.029083	13.822918
217.473204	0.510377	2.682927
313.996463	160.536093	150.179886
209.142860	5.564798	3.333778
178.378255	-34.265300	-45.914009
253.013376	-0.428300	-4.766505
208.168508	42.290872	24.063717
238.584431	-5.950097	-4.090979
209.872857	28.967134	17.407314
202.665478	91.613156	79.274083
293.299463	-18.253023	-21.531238
208.602248	-29.303093	-22.617236
197.741280	-36.227723	-20.779181
243.230754	-21.918458	-20.887074
233.909197	-4.133377	-2.233003
229.305204	-29.509408	-26.436773
203.597017	33.312130	16.353215
650.397417	-1982.971885	-1983.258415
250.533473	-31.338565	-34.582726
207.329619	41.344351	17.791512
253.617888	-31.684414	-32.102495
-792.507957	-621.443713	-623.700593
194.018371	15.271014	11.329461
71.725251	212.532137	50.063582
229.444629	-8.942031	2.984584
210.258736	89.268137	82.366705
310.901200	29.051015	29.665872
229.963743	-21.099888	-19.122599
190.404159	36.744482	32.574260
-9021.728001	12684.476150	12684.454869
246.529113	-3.968815	-11.386344
55.687346	-19.374927	-23.755333
237.766427	-13.938152	-16.568650
233.596804	27.949636	20.902145
135.607061	84.548186	80.126120
-1052.243653	95.244132	-485.863895
-1191.794622	-146.110316	-169.553341
233.833199	1.112989	2.967355
250.984665	-14.434623	-13.397047
232.328348	88.530203	72.020918
314.004980	113.714656	149.224461
104.567266	-45.485658	-49.065643
232.365642	-14.694571	-13.390360
219.823170	-4.375812	-4.029583
202.333622	8.350778	5.084052
237.900879	0.552225	0.945140
194.111563	-42.888251	-19.229375
343.989258	65.811243	-85.199354
183.996227	-34.901579	-24.899706
285.998325	48.179639	-14.503993
286.287472	28.537381	21.387893
290.467817	-11.078052	-20.089353
227.504919	76.942404	70.628129
228.491609	-14.366783	-10.051527
243.893926	3.100943	-7.151671
233.971054	1.811014	-0.555502
249.371683	-131.357632	-125.488792
232.031904	4.616726	1.115997
477.745072	13.616027	10.539988
263.794803	-27.776862	-26.367203
211.502743	-12.801156	-4.871518
215.125436	11.603374	6.101673
157.566434	-103.246457	-99.353210
968.780683	-1102.846971	-1184.917378
193.781614	7.592713	12.222831
243.869174	24.075177	23.432212
260.328954	27.253059	16.929457
200.301101	62.697557	52.068554
207.414712	-83.594719	-35.591668
232.712205	-1.204034	-3.836913
243.809830	51.701544	35.370897
245.002441	51.287821	31.580853
141.357977	80.957954	75.898065
154.581601	53.673100	45.909200
146.621671	-1.644588	-21.009481
269.224210	-12.789296	-17.109916
35.495253	56.484913	52.328803
220.994391	14.305936	11.618181
270.578278	-15.139737	-15.946897
158.313418	11.174063	9.839281
112.227197	2.181514	7.901446
220.469004	1.224379	2.524698
230.914679	-23.868625	-24.331436
1185.039629	-511.281378	-523.190602
256.496063	71.621391	78.235348
239.000090	-25.691316	-23.267805
264.016507	31.301233	13.864100
226.076233	50.110437	21.987385
167.494568	20.120226	18.692901
249.910795	-0.476980	-3.920900
824.983678	-79.177690	-84.550003
202.832566	-4.137135	-20.525386
177.419774	-14.915587	10.660406
-272.143608	365.894015	50.822780
-317.213055	323.166664	-9.221630
-346.969939	364.750196	-65.925792
-324.350450	343.360353	-20.143440
-323.477221	343.469149	-19.377596
-294.605516	331.958265	-13.656990
-325.101485	338.947100	-32.889935
-323.367247	344.319310	-19.717985
-334.574374	353.963403	-15.626434
-332.950492	354.636878	-18.014797
-334.324131	363.893812	-26.695135
-326.054060	344.324244	-22.513715
-468.269040	282.227503	-151.041808
-322.314433	344.200244	-19.996646
-329.182138	376.145714	-14.137349
-314.196433	305.988200	-53.472441
-299.710070	321.602604	-69.265440
-318.764118	339.239841	-52.459661
-284.273714	329.064604	-14.062156
-337.282404	366.930067	-21.415419
-340.460008	349.988965	-30.480437
-318.449212	318.784198	-48.898980
-323.282636	348.556905	-16.723023
-285.965959	341.632617	-5.497557
-301.959865	321.240189	-16.195381
-333.486472	343.574901	-17.001580
-472.119712	287.857847	-204.684121
-338.500037	377.819170	-18.083456
-330.889839	317.568749	-286.298463
-327.052708	345.577956	-25.909011
-333.853479	358.863147	-19.079262
-181.447519	671.686418	-724.025641
-341.182352	345.095687	-25.437848
-300.647685	347.091976	-18.791419
-334.399848	380.165037	-18.264991
-337.428100	354.411064	-18.583723
-313.568832	319.597044	-68.128511
-335.487230	359.805638	-13.446997
-260.665559	349.124743	13.057756
-313.985927	312.800318	-60.128606
562.197258	1950.846773	940.063284
-275.009339	290.075438	-101.953850
-306.482861	326.329522	-12.705635
-330.038387	356.303333	-16.937945
-330.848514	358.754894	-16.665518
-341.505139	364.017293	-22.189622
-275.035660	505.623151	168.041586
-331.467430	321.901234	-48.796422
-328.719397	345.768994	-21.548438
298.742270	-571.596865	-871.397013
-324.493211	318.495274	-41.321528
-450.280327	472.270834	-13.337318
-325.911606	358.538922	-20.640578
-254.538740	331.115407	-42.149362
-323.866152	312.586553	-76.955742
-332.767790	340.467099	-56.548382
-327.790365	344.937376	-26.841345
-306.015928	307.119024	-25.638041
-334.463652	340.755162	-57.221219
-346.226039	342.481218	38.086182
-298.057343	338.268536	-12.546030
-334.181542	352.968486	-20.175503
-325.813005	351.345554	-19.082716
-334.554657	354.829473	-20.707873
-358.391453	339.834803	-223.027381
-337.529767	342.454236	-31.014870
-327.147538	365.541739	-20.336114
-309.071209	339.396481	-7.924980
-332.855193	354.768807	-17.615013
-321.404819	323.603070	-46.835800
-322.649523	294.098969	-143.248582
-326.024901	349.905437	-23.556505
-321.144661	311.277811	-46.836729
-332.201135	354.220129	-18.994371
-326.220025	320.912264	-46.787788
-324.053906	352.766672	-26.618922
-330.164015	351.458583	-20.926957
-329.463073	321.387121	-48.832548
-59.552490	222.512947	-77.555968
-338.019479	357.118719	-30.244212
-314.711336	342.182846	-22.127180
-330.335196	324.789465	-44.363751
-346.408385	344.691618	-19.140250
-329.452991	335.872758	-14.213578
-330.024488	350.690023	-16.411147
-372.749170	341.427985	-13.421837
-331.308508	350.074319	-22.533550
-310.976556	336.605040	-2.046917
-334.000017	354.328415	-22.114041
-254.919293	319.045504	-60.090715
-325.671276	346.458409	-20.257869
-323.504284	320.135567	-50.248894
-332.152413	338.942120	-17.930993
-581.333869	357.414177	-663.700393
-368.905987	310.628168	-73.525830
-332.333233	346.178548	-27.855483
-329.312851	331.893618	-24.959402
-312.092893	306.404816	-62.416101
-329.011407	351.755986	-19.235124
-277.352862	335.922455	-8.446617
-333.425168	357.602068	-17.288935
-206.704886	591.195579	105.691872
-328.587882	349.827945	-23.769483
-331.649322	352.877348	-19.789697
-329.658428	404.585808	-28.506186
-316.104431	316.891619	-50.979733
-308.518524	334.259236	-15.951637
-326.011817	347.344624	-16.957144
-317.085641	348.123475	-13.208649
-332.874546	342.823558	-24.179605
-322.597261	346.417002	-17.963829
-306.137334	298.858990	-52.587775
-315.222504	333.129387	-18.573906
-328.034104	345.879946	-18.085594
-329.086959	354.122275	-17.754176
-333.411469	360.999390	-21.890433
-330.024646	380.971489	-21.272947
-328.790794	355.626614	-30.456544
-254.841420	249.234442	-83.908646
-324.079306	321.733173	-47.722734
-330.314539	352.808191	-17.676228
-312.367158	312.229992	-52.925264
-334.370836	351.664536	-26.335222
-313.560920	360.724189	-23.162253
-329.805696	321.235939	-48.922246
-341.169176	351.879815	-26.446930
-335.037531	365.405506	-20.861310
-308.574670	303.524355	-56.893780
-348.688090	345.778891	-64.576941
-340.385011	325.601693	-33.696155
-327.700536	340.642572	-19.537209
-344.258486	352.801936	-16.209678
-314.231659	312.951283	-52.763804
-512.107224	600.017514	-1154.592939
-321.219973	321.864794	-47.216629
-317.586758	316.951248	-30.483866
-319.894497	249.354011	-45.260854
-321.119242	377.343779	-48.393711
-316.875876	327.134062	-48.592987
-317.302253	397.723369	-4.190698
-329.071413	351.234669	-20.796303
-321.118009	318.108944	-47.902719
-321.300349	322.537175	-39.373420
-436.753861	220.547738	-126.460179
-346.221059	363.044200	-71.439277
-277.292898	212.798317	-131.774556
-327.756810	353.762298	-19.333298
-324.371042	345.890377	-24.604607
231.450680	163.721413	-15.007327
-327.134062	351.252124	-26.193693
-329.952326	326.443588	-50.544673
-297.628277	344.079141	-46.026986
-294.624434	233.795607	-144.609101
-322.289422	348.167564	-26.945243
-321.798818	347.564843	-22.021679
-344.521215	354.935238	-17.400897
-305.029311	330.758105	-36.496021
-327.727309	344.698876	-21.836403
-321.241795	345.004970	-24.990175
-325.858050	346.434456	-20.799236
-314.071199	312.649095	-53.746290
-333.127210	348.299682	-19.417628
-326.880770	353.080655	-19.284895
-292.245719	329.362340	-32.379598
-328.498592	350.792693	-19.864940
-310.706164	105.860222	37.754793
-324.956645	353.626078	-24.367216
-327.176168	345.516084	-23.800268
1257.379959	1255.476377	-13084.137959
-329.551709	335.182344	-29.891234
-323.941652	326.266889	-10.055929
-417.660492	288.403158	-51.660588
-315.776644	322.961174	-65.325664
-312.989162	306.900600	-53.243912
-324.104613	349.465405	-23.009320
-324.426686	335.853004	-35.110749
-331.771209	346.911725	-31.820149
-329.492572	351.654808	-18.060244
-332.913491	348.589386	-18.712779
-333.021356	358.195984	-23.466378
-308.921030	398.916194	23.640941
-331.728023	363.298601	-17.837665
-332.566799	351.521853	-26.285348
-346.090842	358.747777	-12.824624
-329.510125	360.038246	-13.083481
-312.751247	307.823871	-61.617367
-325.016348	341.986557	-25.666874
-322.887639	332.304680	-38.982610
-323.955729	320.409470	-45.247993
-326.706725	321.579099	14.420014
-305.323613	331.366556	-25.872591
-333.253904	358.480368	-18.283651
-326.709661	341.502701	-21.502163
-284.268376	354.380179	12.110048
-327.456227	351.729462	-23.926476
-295.634266	331.278798	-52.216456
-336.472232	363.796729	-33.108685
-207.152648	395.785679	-129.841162
-323.158236	297.445936	-73.066616
-322.867043	343.185115	-17.801361
-329.604947	358.106860	-16.847721
-312.260879	338.138435	-18.746503
-330.102297	352.059877	-19.514019
-332.587732	354.907224	-18.690533
