239.015833	-12.195910	-11.918363
234.172357	-1.138901	-2.641097
226.809935	14.256574	4.206225
224.543185	-11.907809	-6.891590
861.443257	-204.147303	-207.632597
208.926943	9.890485	2.571121
207.383691	27.831561	12.041501
223.930628	21.684253	29.324255
259.432312	-1.722579	-11.640912
223.590542	-11.456760	-6.868490
233.220654	-19.811698	-28.177820
84.004629	100.116631	-35.878003
251.734384	2.216573	-6.307034
266.128342	127.325986	130.084788
239.338684	0.016283	0.118606
222.065886	10.608291	11.895336
213.252858	7.702457	4.230949
245.511400	40.150164	30.562570
190.116839	37.866966	25.856247
-3980.977380	27490.542349	27490.523137
220.519400	-6.202687	-6.029092
233.874428	14.830415	9.841570
230.449823	15.401707	5.461958
222.787342	37.085169	15.138776
194.120275	34.202644	26.654718
181.380203	-92.991124	-98.899896
393.321670	202.037167	195.473255
256.293024	47.413768	45.805418
247.033038	69.881875	53.557088
422.291477	-59.521918	-80.298530
218.596811	-4.197434	-40.004030
232.957044	-12.818377	-8.571446
48.204849	775.470069	772.910804
254.332320	-34.123807	-34.367289
160.221896	-14.853519	12.747109
234.108514	-5.348708	-9.377009
164.903840	2.471737	7.369796
263.938032	-50.088467	-28.156147
191.663977	10.742751	-55.896747
-66.304083	-73.670049	-77.089748
227.117460	-30.178943	-25.064672
255.203739	25.571717	21.419323
252.855217	-26.607947	-26.651970
203.760244	10.262673	7.645303
249.389974	-52.907564	-59.124197
368.805016	13.498318	9.942593
190.736497	-9.706294	-4.151726
238.619407	-15.654590	-16.447242
223.904925	-18.183021	-14.785944
267.605354	4.516359	-15.088708
274.320343	52.611164	17.755020
204.894187	3.756024	4.574691
187.056223	20.700494	19.035360
245.339645	38.328386	32.532237
200.161906	-51.221899	-54.135569
221.294044	-6.214166	-2.624408
186.795838	12.573499	10.304608
117.691993	-54.835082	112.984925
229.348168	-22.634047	-13.357377
273.602907	0.754705	-14.707577
323.915842	111.872623	185.624355
221.633581	-2.650072	-0.321935
201.394812	-25.511177	-20.144911
249.429523	-16.335393	-19.599238
223.316936	-34.615080	-26.664300
243.231769	51.627110	36.244155
252.922903	20.635150	19.362960
108.965461	166.451805	159.972831
288.180652	-86.256049	251.446977
241.449914	-20.394511	-26.127754
194.779601	-41.670058	-17.894903
220.925783	-113.918779	9.721909
383.284162	-788.889815	-691.320661
225.614847	-27.356536	-21.583102
236.918589	50.480782	38.242402
250.191118	32.941399	-0.614295
226.035563	-26.958245	-23.716313
229.688403	17.668931	4.086926
229.816777	102.149039	71.306291
206.399182	59.225322	46.464134
154.520923	-40.373904	-44.176885
258.932472	40.383265	4.524766
417.962330	230.387203	222.859935
231.626100	-39.215090	-29.062578
318.181626	-77.176670	-100.523272
200.218256	3.510603	6.142674
251.585698	-15.245676	-18.522281
242.179099	-23.839918	-22.111320
224.590370	-33.151803	-28.101685
210.456192	8.907232	4.522479
333.978916	-58.971413	-67.626390
265.692435	17.185780	-4.125347
228.033942	-27.861859	-23.858907
253.283627	31.839992	23.244453
530.562323	-139.023629	-142.023847
177.043977	-7.290219	14.735396
181.559912	13.460257	14.057155
252.615220	3.637975	-6.667585
222.258064	-8.603961	-4.396945
219.575470	11.455477	1.998272
624.720756	-118.338580	-123.976241
197.514459	9.586062	8.832300
360.344229	32.514753	24.963806
164.924574	50.186471	29.339040
217.690470	18.681322	11.426500
216.544048	-19.809275	-40.444970
218.835154	-0.514107	1.217981
241.999736	-22.426950	-24.624413
72.689429	633.728553	528.433891
244.867150	55.349645	58.985932
-1497.040436	-654.576218	1317.554409
542.471791	21.029078	13.822908
217.478766	0.506274	2.674603
313.996321	160.535873	150.179718
209.146272	5.569187	3.337203
178.379566	-34.264701	-45.912605
253.005003	-0.418192	-4.766625
208.169025	42.287807	24.060884
238.565714	-5.945451	-4.091646
209.837513	29.286087	17.335660
202.666726	91.612253	79.273813
293.296862	-18.251711	-21.530532
208.604709	-29.300918	-22.615610
197.742222	-36.228102	-20.777372
243.200615	-21.882936	-20.959394
233.895416	-4.122782	-2.278960
229.297200	-29.598693	-26.543485
203.600802	33.307635	16.352149
650.397417	-1982.971883	-1983.258413
250.564326	-31.369631	-34.521685
207.330444	41.340212	17.792455
253.584585	-31.648899	-32.160126
-792.507946	-621.443701	-623.700584
194.020945	15.267560	11.327702
71.725295	212.531993	50.063538
229.468100	-8.878282	2.979805
210.258261	89.267702	82.365429
310.899901	29.050789	29.665404
241.766896	0.037711	-29.062437
190.406443	36.743279	32.570168
-9021.728001	12684.476150	12684.454869
246.529716	-4.007139	-11.376540
55.687756	-19.374829	-23.755269
237.766623	-13.945782	-16.563091
233.596476	27.947475	20.900024
135.608370	84.547411	80.125089
-1052.243630	95.244136	-485.863882
-1191.794602	-146.110308	-169.553339
233.851688	1.006975	3.023480
251.075966	-14.513559	-13.294703
232.327918	88.529212	72.020183
314.004788	113.714542	149.224244
104.567828	-45.485394	-49.065393
232.363923	-14.690064	-13.386281
219.737320	-4.390346	-4.025097
202.628859	8.353292	4.993219
237.888183	0.545544	0.928172
194.142249	-42.869219	-19.219071
343.988886	65.811038	-85.199060
183.998978	-34.900561	-24.898784
285.997020	48.178526	-14.503350
286.285366	28.536969	21.387237
290.465403	-11.078489	-20.088970
227.505068	76.942175	70.627238
228.495432	-14.362052	-10.050129
243.891064	3.095448	-7.148175
233.943206	1.799347	-0.514334
249.371607	-131.357312	-125.488505
232.021127	4.711625	1.047292
477.744848	13.616029	10.539977
263.790610	-27.775020	-26.366052
211.509044	-12.796972	-4.871943
215.126274	11.597140	6.097974
157.566748	-103.246038	-99.352868
968.780679	-1102.846965	-1184.917373
193.786567	7.594814	12.219054
243.868062	24.074805	23.429565
260.325454	27.253185	16.929202
200.302237	62.696226	52.067087
207.414973	-83.593320	-35.591298
232.711244	-1.224978	-3.839230
243.817479	51.700185	35.383866
245.000526	51.284780	31.585248
141.357513	80.958063	75.898317
154.582609	53.672536	45.908530
146.623115	-1.644585	-21.008872
269.221461	-12.793378	-17.107331
35.495517	56.484879	52.328706
220.994110	14.301429	11.614796
270.573241	-15.133440	-15.948656
158.316124	11.173516	9.839191
112.228135	2.181564	7.901371
220.462636	1.220188	2.522443
230.910696	-23.877191	-24.332081
1185.039616	-511.281371	-523.190596
256.495409	71.620837	78.234287
235.168811	-28.037807	-25.474912
264.012313	31.299161	13.864674
226.076403	50.107500	21.987101
167.497056	20.119326	18.692003
249.909827	-0.475460	-3.929071
824.983628	-79.177683	-84.549999
202.835676	-4.137814	-20.522333
177.421740	-14.913266	10.660022
-272.144366	365.893649	50.821541
-317.215248	323.174051	-9.227001
-346.974317	364.705324	-66.015442
-324.395208	343.361766	-20.135300
-322.931228	343.077092	-20.261327
-294.612554	331.961405	-13.658770
-325.102962	338.948979	-32.875812
-323.421170	344.356113	-19.733191
-334.354934	354.300353	-15.755124
-332.969053	354.535370	-17.954538
-334.143635	363.787158	-26.539011
-326.052295	344.334951	-22.448048
-468.268737	282.227587	-151.041606
-322.338739	344.221214	-20.017616
-329.183491	376.136176	-14.142526
-314.180764	305.984154	-53.474891
-299.713565	321.602814	-69.261479
-318.766586	339.237098	-52.452944
-284.278543	329.066683	-14.063182
-337.266874	366.912780	-21.411049
-340.416326	349.984931	-30.446417
-318.450438	318.785771	-48.859483
-323.343448	348.645280	-16.769659
-285.970426	341.631992	-5.500425
-301.965134	321.246875	-16.196907
-333.317468	343.782959	-17.206162
-472.119513	287.857888	-204.683895
-338.493381	377.810683	-18.085392
-330.889816	317.568753	-286.298209
-327.033934	345.663043	-25.885108
-333.815703	358.825574	-19.125383
-181.447519	671.686398	-724.025611
-340.961825	344.849003	-25.267811
-300.657097	347.089117	-18.792138
-334.398037	380.154259	-18.265732
-337.369379	354.396755	-18.608933
-313.570979	319.598661	-68.120082
-335.488379	359.772880	-13.477125
-260.667608	349.124497	13.056546
-313.984938	312.800848	-60.120136
562.197256	1950.846768	940.063281
-275.010049	290.076045	-101.952792
-306.487265	326.334581	-12.710650
-330.026245	356.284275	-16.839416
-331.181755	358.761580	-16.784321
-341.490704	363.882701	-22.155075
-275.035678	505.622998	168.041413
-331.426677	322.023602	-48.657000
-328.672208	345.775992	-21.450540
298.742266	-571.596853	-871.396996
-324.489054	318.505872	-41.328078
-450.280009	472.270515	-13.337350
-325.908179	358.530297	-20.626905
-254.541026	331.115477	-42.149012
-323.865014	312.588170	-76.950740
-332.769284	340.470635	-56.550492
-327.835761	345.213371	-27.168621
-306.018459	307.124248	-25.639425
-334.456229	340.749187	-57.206610
-346.225107	342.481381	38.083512
-298.064872	338.268522	-12.549750
-334.124719	352.995151	-20.149489
-325.862839	351.328679	-19.069999
-334.617700	354.647513	-20.899740
-358.391357	339.834766	-223.027015
-337.516166	342.459012	-31.003744
-327.184920	365.500167	-20.330746
-309.078254	339.398369	-7.931996
-332.920391	354.709811	-17.610776
-321.394173	323.613398	-46.892935
-322.649465	294.099247	-143.247680
-325.975716	349.918728	-23.550291
-321.143058	311.288269	-46.837981
-332.137027	354.175054	-18.994402
-326.260573	320.833935	-46.956667
-324.292169	352.918378	-27.105211
-330.119413	351.473137	-20.898442
-329.444085	321.371871	-48.833344
-59.552564	222.512951	-77.555914
-338.047676	357.133201	-30.248165
-314.728425	342.183869	-22.121499
-330.326924	324.787986	-44.366944
-346.293591	344.480201	-19.354084
-329.448442	335.888444	-14.226168
-330.059252	350.622067	-16.437208
-372.744771	341.428512	-13.422755
-331.355800	350.078722	-22.481351
-310.980307	336.607448	-2.056388
-334.056793	354.645208	-21.801998
-254.921145	319.045984	-60.089824
-325.720201	346.463841	-20.270339
-323.496245	320.050969	-50.189131
-332.385475	340.582953	-18.056123
-581.333848	357.414172	-663.700355
-368.904181	310.629063	-73.524368
-332.605148	346.112915	-27.799676
-329.309499	331.911318	-24.959913
-312.094673	306.417468	-62.406980
-329.249903	351.898169	-18.693051
-277.357651	335.922734	-8.448061
-333.363859	357.620599	-17.291465
-206.704932	591.195426	105.691802
-328.742818	350.106071	-23.877765
-331.732537	352.886199	-19.622585
-329.658254	404.582181	-28.505614
-316.109933	316.892698	-50.976685
-308.672103	334.300660	-16.165699
-326.063941	347.337265	-16.881382
-317.136384	348.086278	-13.269866
-332.851470	342.843065	-24.162749
-322.635135	346.413382	-17.975943
-306.141416	298.865733	-52.587712
-315.230027	333.139245	-18.576720
-327.989596	346.169946	-18.054152
-329.109843	353.891915	-17.789345
-333.401128	360.976778	-21.877838
-330.027227	380.961830	-21.271270
-328.873527	355.502625	-30.317689
-254.841912	249.235084	-83.908302
-324.062409	321.774669	-47.723831
-330.200384	352.721941	-17.629687
-312.361344	312.226868	-52.945236
-334.742222	351.401323	-26.665727
-313.572391	360.714904	-23.159437
-329.806761	321.243847	-48.884841
-341.111475	351.938631	-26.499321
-335.036164	365.384077	-20.860514
-308.580950	303.531346	-56.889997
-348.555978	345.656752	-64.116555
-340.377535	325.607211	-33.694637
-327.689818	340.752696	-19.583348
-344.244152	353.069310	-15.803798
-314.265055	312.961197	-52.752227
-512.107219	600.017508	-1154.592923
-321.251071	321.885717	-47.178304
-317.588888	316.958535	-30.486124
-319.894450	249.355588	-45.260715
-321.120156	377.339538	-48.390128
-316.882174	327.129874	-48.588025
-317.303154	397.719764	-4.192106
-328.948040	351.223272	-20.729630
-321.141721	318.121142	-47.937630
-321.303931	322.541492	-39.378089
-436.753594	220.547990	-126.459990
-346.222628	363.089843	-71.347191
-277.293041	212.798764	-131.774264
-327.801486	353.731304	-19.352665
-324.402578	345.884883	-24.567244
231.450622	163.720955	-15.007226
-327.745225	348.083967	-26.260547
-329.946061	326.437988	-50.535743
-297.633142	344.077282	-46.023595
-294.624450	233.795938	-144.608625
-322.396746	348.285341	-27.264936
-321.418601	347.783449	-22.018531
-344.454919	354.755010	-17.532710
-305.035775	330.759736	-36.492969
-327.540311	344.566380	-21.817406
-321.189640	345.125824	-24.930262
-325.901361	346.198692	-20.773977
-314.063620	312.654407	-53.729473
-333.096262	348.232617	-19.374586
-326.940545	353.010143	-19.292426
-292.251993	329.364084	-32.378419
-328.399646	351.019413	-19.235482
-310.706125	105.860447	37.754716
-325.156492	353.545991	-24.601376
-327.216341	345.555201	-23.770556
1257.379959	1255.476377	-13084.137959
-329.549453	335.196317	-29.882731
-323.940617	326.275158	-10.062621
-417.659525	288.403645	-51.660402
-315.777092	322.958326	-65.320596
-313.004839	306.921949	-53.243037
-324.168414	349.499752	-22.966780
-324.467927	335.752610	-34.965668
-332.026725	347.022361	-31.571749
-329.498206	351.606233	-18.001613
-332.871459	348.497447	-18.906582
-333.333698	358.117016	-23.624636
-308.921571	398.914500	23.639329
-331.735606	363.264309	-17.844696
-332.698441	351.629254	-26.397736
-346.067003	358.744540	-12.843670
-329.065209	360.027425	-12.954718
-312.754114	307.822775	-61.610607
-325.028796	342.005662	-25.642524
-322.868431	332.412877	-39.092033
-323.957662	320.415656	-45.254881
-326.706374	321.581525	14.415758
-305.330762	331.370778	-25.871612
-333.244582	358.398632	-18.321722
-326.650730	341.214747	-20.986292
-284.270794	354.379274	12.107540
-327.592945	351.751548	-24.103908
-295.639037	331.278824	-52.213415
-336.466880	363.788322	-33.097892
-207.152992	395.785459	-129.840832
-323.154598	297.450972	-73.061563
-322.697327	343.367898	-17.959649
-329.633673	358.042370	-16.895129
-312.134133	338.130111	-18.490546
-330.155753	352.114361	-19.532020
-332.530689	354.937140	-18.827936
