239.004169	-12.192855	-11.921821
234.211339	-1.136504	-2.659542
226.809846	14.251483	4.209075
224.553412	-11.935161	-6.889285
861.443184	-204.147274	-207.632573
208.901009	9.841185	2.693974
207.546445	27.262779	12.272451
223.931017	21.683259	29.316504
259.422112	-1.722994	-11.636940
223.594026	-11.408755	-6.856547
233.219090	-19.821323	-28.157087
84.005147	100.116240	-35.877763
251.733387	2.206068	-6.295353
266.128140	127.325453	130.084182
239.327370	0.013332	0.125541
222.063759	10.613096	11.881206
213.251701	7.705051	4.224079
245.508317	40.140096	30.564192
190.123251	37.859805	25.856758
-3980.977380	27490.542349	27490.523137
220.554991	-6.181109	-6.008755
234.200453	15.649088	9.821234
230.173120	14.467367	5.472818
222.786900	37.078864	15.138253
194.120809	34.203129	26.651971
181.380366	-92.990356	-98.898992
393.321494	202.037037	195.473109
256.289327	47.412408	45.801407
247.031816	69.878835	53.555457
422.290949	-59.521739	-80.298323
218.604402	-4.208314	-39.988479
232.953560	-12.809892	-8.577783
48.204841	775.470038	772.910760
254.322834	-34.112461	-34.358783
160.226137	-14.851392	12.745952
234.105168	-5.350853	-9.358314
164.908288	2.472622	7.370263
263.934642	-50.083391	-28.155221
191.665704	10.741569	-55.893491
-66.303879	-73.669868	-77.089662
227.088808	-30.133136	-25.025996
255.198526	25.572150	21.411585
241.280377	-23.131356	-18.383492
203.685150	10.626175	7.686132
249.388978	-52.905094	-59.121193
368.803709	13.498456	9.942635
190.743205	-9.703512	-4.150363
238.607143	-15.641630	-16.443630
223.916816	-18.178793	-14.780773
267.599405	4.511795	-15.085170
274.316229	52.607217	17.754394
204.899285	3.772095	4.567506
187.061677	20.697011	19.030690
245.339626	38.337105	32.524110
200.163147	-51.219533	-54.132736
221.352616	-6.154078	-2.708098
186.804388	12.571947	10.307059
117.692456	-54.834679	112.984300
229.349964	-22.619606	-13.363700
273.593891	0.753901	-14.706404
323.915537	111.872488	185.623811
221.642343	-2.659016	-0.322724
201.401707	-25.510377	-20.143339
249.419655	-16.333951	-19.588148
223.333236	-34.596705	-26.661589
243.213630	51.619903	36.203746
252.920414	20.638818	19.361710
108.965575	166.451570	159.972501
288.180542	-86.255892	251.446644
241.450212	-20.409284	-26.114896
194.728750	-41.693085	-17.918341
220.925794	-113.917088	9.721533
383.284152	-788.889784	-691.320640
225.688753	-27.210042	-21.674321
236.922522	50.477534	38.237837
250.188784	32.936210	-0.611376
225.937602	-26.993017	-23.787540
229.683842	17.654524	4.093502
229.816558	102.146305	71.305491
206.399347	59.223375	46.462743
154.523107	-40.372791	-44.175665
258.929272	40.377485	4.526772
417.962129	230.387031	222.859748
238.376990	-34.643863	-28.905831
318.180996	-77.176093	-100.522513
200.132729	3.229410	6.511856
251.337041	-15.027448	-18.758641
242.233789	-23.882748	-21.986497
224.586474	-33.136498	-28.084549
210.501698	8.933268	4.414628
333.977854	-58.970873	-67.625847
265.686384	17.182090	-4.124649
227.984250	-27.853787	-23.859781
253.281046	31.833565	23.241087
530.562137	-139.023522	-142.023754
177.048218	-7.289102	14.732114
181.569652	13.459419	14.054003
252.592500	3.614278	-6.668155
222.362729	-8.622682	-4.349607
219.575056	11.445298	2.006809
624.720583	-118.338527	-123.976196
196.914015	9.565465	8.641473
360.343026	32.514375	24.963441
164.927105	50.184522	29.338428
217.694494	18.671191	11.419518
216.549144	-19.809643	-40.434499
218.853669	-0.503720	1.215517
241.993916	-22.420837	-24.605241
72.689408	633.728501	528.433825
244.866416	55.348532	58.982186
-1497.040427	-654.576213	1317.554401
542.471451	21.029070	13.822889
217.489779	0.498164	2.658258
313.996044	160.535445	150.179391
209.152905	5.577789	3.343877
178.382113	-34.263534	-45.909876
252.988502	-0.398526	-4.766925
208.170028	42.281841	24.055364
238.529187	-5.935972	-4.092835
209.723976	29.872513	17.099226
202.669155	91.610496	79.273286
293.291800	-18.249153	-21.529160
208.609483	-29.296676	-22.612451
197.744055	-36.228811	-20.773866
243.139587	-21.818252	-21.102916
233.871925	-4.104338	-2.370363
229.308249	-29.754790	-26.763215
203.608161	33.298925	16.350084
650.397415	-1982.971878	-1983.258408
250.623276	-31.424212	-34.409966
207.332049	41.332165	17.794294
253.520269	-31.585941	-32.264852
-792.507927	-621.443677	-623.700567
194.025963	15.260829	11.324289
71.725382	212.531713	50.063452
229.507325	-8.767724	2.973733
210.257335	89.266858	82.362948
310.897375	29.050349	29.664495
243.125917	-15.015580	-39.748118
190.410885	36.740934	32.562200
-9021.728001	12684.476150	12684.454869
246.523342	-4.092313	-11.357083
55.688554	-19.374639	-23.755145
237.767066	-13.960737	-16.552272
233.595834	27.943277	20.895904
135.610913	84.545901	80.123085
-1052.243584	95.244145	-485.863857
-1191.794562	-146.110292	-169.553334
233.888861	0.759243	3.159807
251.297013	-14.704773	-13.095832
232.327082	88.527286	72.018755
314.004413	113.714320	149.223820
104.568921	-45.484881	-49.064908
232.360610	-14.681305	-13.378341
219.559418	-4.430473	-4.016447
203.325822	8.309615	4.789002
237.863440	0.532283	0.894571
194.201580	-42.831879	-19.198497
343.988165	65.810639	-85.198490
184.004330	-34.898580	-24.896990
285.994483	48.176364	-14.502100
286.281271	28.536168	21.385962
290.460713	-11.079347	-20.088228
227.505357	76.941728	70.625507
228.502864	-14.352786	-10.047480
243.885482	3.084749	-7.141370
233.901003	1.802747	-0.436491
249.371459	-131.356690	-125.487947
232.003168	4.938034	0.886335
477.744413	13.616033	10.539955
263.782456	-27.771439	-26.363816
211.521298	-12.788833	-4.872769
215.127872	11.584987	6.090761
157.567359	-103.245224	-99.352202
968.780671	-1102.846956	-1184.917363
193.796209	7.598902	12.211701
243.865915	24.074085	23.424419
260.318650	27.253420	16.928703
200.304450	62.693637	52.064233
207.415480	-83.590599	-35.590579
232.709340	-1.265982	-3.843272
243.832484	51.697561	35.409857
244.996775	51.278879	31.593849
141.356612	80.958277	75.898806
154.584568	53.671440	45.907228
146.625922	-1.644579	-21.007689
269.216160	-12.801370	-17.102269
35.496032	56.484815	52.328519
220.993567	14.292641	11.608182
270.563400	-15.121141	-15.952107
158.321388	11.172453	9.839016
112.229959	2.181662	7.901225
220.450083	1.211954	2.517992
230.902765	-23.894087	-24.333445
1185.039592	-511.281358	-523.190585
256.494138	71.619760	78.232226
242.365086	-31.183936	-29.929497
264.004161	31.295116	13.865791
226.076735	50.101789	21.986548
167.501893	20.117576	18.690258
249.908062	-0.472459	-3.945000
824.983529	-79.177669	-84.549991
202.841733	-4.139132	-20.516398
177.425564	-14.908750	10.659274
-272.145841	365.892937	50.819131
-317.219519	323.188432	-9.237458
-346.978756	364.630686	-66.166386
-324.480360	343.366556	-20.124227
-323.521286	342.948716	-21.996907
-294.626231	331.967515	-13.662242
-325.105920	338.952808	-32.848248
-323.526497	344.429091	-19.762718
-333.950146	354.987673	-16.200524
-333.004557	354.331367	-17.833119
-333.734427	363.431661	-26.056771
-326.049654	344.356770	-22.318443
-468.268147	282.227750	-151.041213
-322.386572	344.262349	-20.058777
-329.186146	376.117591	-14.152612
-314.149186	305.976017	-53.479674
-299.720366	321.603223	-69.253772
-318.771393	339.231764	-52.439857
-284.287944	329.070730	-14.065180
-337.236531	366.878960	-21.402538
-340.331498	349.978189	-30.380280
-318.454268	318.788171	-48.780241
-323.464682	348.810519	-16.860282
-285.979111	341.630773	-5.506004
-301.975383	321.259865	-16.199887
-333.049354	344.164041	-17.672507
-472.119127	287.857967	-204.683456
-338.480407	377.794159	-18.089153
-330.889771	317.568760	-286.297715
-326.996296	345.830972	-25.835989
-333.741437	358.750485	-19.216069
-181.447519	671.686361	-724.025550
-340.513296	344.433577	-24.906161
-300.675401	347.083564	-18.793545
-334.394515	380.133262	-18.267200
-337.253393	354.368850	-18.658254
-313.575173	319.601807	-68.103684
-335.490304	359.709061	-13.536248
-260.671590	349.124018	13.054192
-313.983042	312.801834	-60.103628
562.197252	1950.846757	940.063275
-275.011429	290.077224	-101.950737
-306.495831	326.344431	-12.720392
-330.005134	356.242976	-16.639371
-331.845559	358.747239	-17.009920
-341.466543	363.660756	-22.098643
-275.035714	505.622700	168.041077
-331.315047	322.236651	-48.398617
-328.574621	345.792910	-21.254181
298.742258	-571.596829	-871.396964
-324.480963	318.526549	-41.340922
-450.279390	472.269894	-13.337412
-325.905177	358.513566	-20.600695
-254.545472	331.115613	-42.148331
-323.862803	312.591308	-76.941004
-332.772458	340.477604	-56.554743
-328.136111	346.437680	-28.487658
-306.023388	307.134409	-25.642119
-334.441558	340.737465	-57.177969
-346.223296	342.481698	38.078323
-298.079508	338.268482	-12.556988
-334.015271	353.059674	-20.096197
-325.961117	351.295482	-19.045857
-334.735849	354.300654	-21.288960
-358.391170	339.834694	-223.026305
-337.489581	342.468446	-30.981945
-327.254581	365.418141	-20.320362
-309.091965	339.402020	-7.945666
-333.047402	354.596309	-17.605341
-321.373119	323.633489	-47.010930
-322.649353	294.099788	-143.245925
-325.876974	349.940495	-23.539961
-321.139932	311.308662	-46.840415
-332.010366	354.084506	-18.994063
-326.364889	320.712094	-47.259923
-324.857485	353.185789	-27.843051
-330.029627	351.500343	-20.841385
-329.406640	321.341337	-48.835482
-59.552710	222.512959	-77.555811
-338.095445	357.228484	-30.241765
-314.761785	342.185918	-22.110560
-330.310767	324.785052	-44.373212
-345.902925	343.982948	-19.768693
-329.439618	335.919056	-14.250739
-330.125984	350.488844	-16.493966
-372.736207	341.429538	-13.424548
-331.443686	350.084375	-22.384074
-310.987602	336.612148	-2.074819
-333.894084	355.072897	-21.098350
-254.924747	319.046918	-60.088091
-325.816355	346.474089	-20.295449
-323.475442	319.887762	-50.063532
-332.247148	341.955601	-18.635868
-581.333806	357.414162	-663.700281
-368.900670	310.630804	-73.521524
-333.131206	346.000166	-27.685269
-329.303003	331.945827	-24.960913
-312.098206	306.442262	-62.389146
-330.040928	352.774224	-17.249479
-277.366964	335.923281	-8.450874
-333.242059	357.657442	-17.298136
-206.705022	591.195128	105.691667
-329.055877	350.637824	-24.095494
-331.892280	352.856208	-19.223154
-329.657917	404.575122	-28.504503
-316.120725	316.894836	-50.970706
-308.933521	334.397858	-16.499623
-326.174133	347.321943	-16.733293
-317.235274	348.017878	-13.386160
-332.806165	342.881560	-24.129725
-322.709315	346.406432	-17.999972
-306.149361	298.878864	-52.587600
-315.244636	333.158492	-18.582218
-327.911382	346.743903	-18.007264
-329.152786	353.522790	-17.832679
-333.380872	360.932321	-21.853210
-330.032255	380.943009	-21.267993
-329.026398	355.271998	-30.059359
-254.842868	249.236332	-83.907634
-324.028569	321.855069	-47.725888
-329.963493	352.533950	-17.540580
-312.348158	312.220076	-52.986235
-335.134074	350.083305	-28.299995
-313.594784	360.696813	-23.153993
-329.809266	321.259580	-48.810315
-341.002408	352.058435	-26.589950
-335.033454	365.342218	-20.858982
-308.593185	303.544968	-56.882641
-348.392221	345.547069	-63.518727
-340.362990	325.617986	-33.691683
-327.665545	340.955849	-19.672957
-342.550625	353.495227	-14.117167
-314.332286	312.981206	-52.728211
-512.107209	600.017498	-1154.592891
-321.317785	321.925856	-47.105007
-317.593036	316.972714	-30.490526
-319.894358	249.358655	-45.260445
-321.121942	377.331280	-48.383154
-316.894471	327.121698	-48.578364
-317.304906	397.712756	-4.194844
-328.708611	351.207007	-20.588813
-321.186728	318.146066	-48.007857
-321.310928	322.549862	-39.387218
-436.753076	220.548480	-126.459623
-346.226525	363.164175	-71.188732
-277.293320	212.799634	-131.773697
-327.889748	353.669776	-19.390213
-324.464808	345.874255	-24.493849
231.450509	163.720065	-15.007029
-328.296130	346.608286	-25.688339
-329.933851	326.427028	-50.518304
-297.642614	344.073669	-46.017001
-294.624480	233.796581	-144.607698
-322.862832	348.566208	-27.829781
-320.646187	348.258509	-21.930707
-344.377982	354.440957	-17.824189
-305.048358	330.762922	-36.487040
-327.151645	344.313720	-21.682151
-321.103412	345.373796	-24.807801
-325.961872	345.662337	-20.765751
-314.048257	312.664723	-53.696344
-333.037181	348.108236	-19.294080
-327.055628	352.875916	-19.307074
-292.264197	329.367472	-32.376129
-328.083241	351.289300	-18.009344
-310.706051	105.860885	37.754566
-325.539584	353.341114	-25.063328
-327.297207	345.630872	-23.713541
1257.379959	1255.476377	-13084.137958
-329.545012	335.223607	-29.866162
-323.938609	326.291254	-10.075647
-417.657644	288.404594	-51.660041
-315.777948	322.952777	-65.310730
-313.036327	306.963824	-53.241329
-324.295971	349.566019	-22.881199
-324.544305	335.505629	-34.685893
-332.440883	347.195520	-31.091731
-329.522799	351.434555	-17.904182
-332.792401	348.323090	-19.293850
-334.370958	358.052256	-23.677609
-308.922622	398.911207	23.636196
-331.750348	363.197302	-17.858420
-332.977701	351.890494	-26.665002
-346.020676	358.737991	-12.880425
-327.485080	360.042177	-13.115765
-312.759631	307.820462	-61.597538
-325.053328	342.043374	-25.594821
-322.838900	332.662857	-39.295542
-323.961365	320.427755	-45.268495
-326.705692	321.586245	14.407481
-305.344687	331.378993	-25.869710
-333.226714	358.237756	-18.396611
-326.675042	339.860233	-18.578587
-284.275495	354.377517	12.102666
-327.841946	351.836995	-24.411001
-295.648321	331.278875	-52.207497
-336.456428	363.771860	-33.076821
-207.153660	395.785033	-129.840191
-323.147603	297.460727	-73.051785
-322.523168	343.916432	-18.175104
-329.691677	357.915578	-16.989740
-311.914166	338.074569	-18.089408
-330.263010	352.220657	-19.575598
-332.412656	354.983536	-19.120257
