0.004798	0.007215	0.007192
-0.062200	-0.033276	-0.033308
-0.000606	-0.000591	-0.000668
0.002299	0.001059	0.001006
-0.003560	0.000088	0.000033
0.011629	0.000784	0.000750
0.000710	0.001062	0.000922
0.000475	0.000234	-0.000092
0.256926	-0.209499	-0.209710
0.034705	-0.018723	-0.018753
0.000715	0.001895	0.001848
-0.002079	-0.003512	-0.003633
0.001754	0.002659	0.002589
0.007188	-0.000286	-0.000394
-0.005060	-0.001191	-0.001624
0.000936	0.008549	0.008529
0.006799	-0.000612	-0.000633
-0.001215	0.000538	0.000404
0.001892	-0.001733	-0.001780
0.001589	-0.001691	-0.001791
-0.057705	-0.001785	-0.002015
0.004535	-0.008606	-0.008631
0.005066	-0.161089	-0.161612
-0.019350	-0.000324	-0.000356
0.000939	-0.003485	-0.003516
0.000102	0.000854	0.000818
0.002210	0.000405	0.000305
0.002638	0.004054	0.003751
0.001880	0.001050	0.001008
0.007279	-0.000923	-0.000944
-0.004870	0.005373	0.005337
-0.029299	0.027496	0.027472
0.002383	-0.000244	-0.000331
-0.001363	0.002918	0.002891
0.002523	0.000240	0.000203
0.002095	0.000574	0.000535
0.005292	-0.004487	-0.004531
-0.001447	0.000011	-0.000032
-0.001719	-0.006690	-0.006716
-0.002495	-0.001352	-0.001375
0.007729	-0.007447	-0.007481
0.000340	-0.005419	-0.005467
0.002092	-0.000138	-0.000176
-0.001189	0.000524	0.000484
0.001850	-0.001184	-0.001225
-0.001811	-0.003567	-0.003610
0.001525	0.001091	0.001063
-0.018952	-0.007660	-0.007949
0.002044	0.001430	0.001038
0.001704	0.000064	0.000022
0.000356	0.000262	0.000074
0.021597	-0.006286	-0.006315
0.001922	0.009225	0.009118
-0.000366	-0.000781	-0.000835
0.005177	0.002015	0.001965
0.005768	0.299964	0.299857
0.000627	0.000718	0.000606
0.002718	-0.009015	-0.009073
0.028671	-0.009051	-0.009478
0.014474	-0.002197	-0.002217
-0.004040	0.000469	0.000442
0.001936	0.007507	0.007464
-0.001137	0.004594	0.004530
-0.008424	0.001201	0.001177
-0.000240	-0.003412	-0.003473
0.002876	0.003768	0.003740
-0.000857	-0.013167	-0.013347
-0.011434	0.009825	0.009805
-0.035350	-0.027114	-0.027266
0.000228	0.002903	0.002785
0.041356	-0.009385	-0.009863
-0.001335	-0.005053	-0.005088
-0.000379	0.003381	0.003356
0.018396	-0.007479	-0.007499
-0.022111	0.015048	0.014989
0.020238	0.025766	0.025743
-0.002351	0.003904	0.003617
-0.000681	0.001859	0.001672
0.003294	-0.003729	-0.003878
0.004857	-0.000776	-0.000799
0.002806	-0.002832	-0.002970
-0.281507	0.233310	0.233096
-0.004568	-0.016313	-0.016348
0.000749	-0.001087	-0.001144
0.003488	-0.004318	-0.004340
-0.003633	0.006282	0.006244
-0.001966	-0.008703	-0.008727
0.022158	-0.007150	-0.007319
0.021135	0.009068	0.008882
0.065323	0.041178	0.041146
0.007534	0.000426	0.000407
-0.003392	0.027068	0.027033
-0.007836	-0.002586	-0.002613
0.000202	0.000719	0.000433
-0.006396	0.002793	0.002633
-0.001388	-0.000773	-0.000838
-0.009475	0.010810	0.010294
0.009911	0.006385	0.006337
0.004197	0.011862	0.011844
0.010122	-0.000144	-0.000166
0.024702	0.012717	0.012699
0.014226	-0.004422	-0.004444
0.051629	-0.057396	-0.057420
0.007468	0.001419	0.001400
0.016346	-0.023322	-0.023396
-0.000664	0.001080	0.001046
-0.003984	-0.004516	-0.004574
-0.002092	0.000442	0.000413
-0.006179	-0.014539	-0.014588
0.000489	-0.000003	-0.000050
0.004361	0.001034	0.001014
-0.007091	0.004151	0.004090
0.025907	-0.170001	-0.170023
-0.002218	-0.001431	-0.001472
-0.003339	-0.003549	-0.003848
-0.001399	0.002281	0.002221
0.006273	0.000933	0.000909
0.006578	0.000398	0.000152
0.002617	0.007334	0.007311
-0.001475	-0.003646	-0.003666
-0.000036	-0.000972	-0.001005
-0.005199	0.002707	0.002634
0.008990	-0.032244	-0.032268
-0.002204	0.004436	0.004416
0.003928	-0.004092	-0.004122
0.003700	0.004641	0.004614
0.001504	0.000326	0.000277
-0.011779	0.005642	0.005593
0.032446	-0.027636	-0.027835
0.004922	-0.003350	-0.003394
-0.002982	0.002170	0.002102
-0.002517	0.010334	0.010285
-0.002400	0.002657	0.002360
-0.024639	-0.005627	-0.005646
-0.000446	-0.000983	-0.001011
0.003974	0.013250	0.013218
0.000798	-0.001047	-0.001223
-0.034173	0.000720	0.000689
0.032530	0.034653	0.034506
-0.003179	0.000590	0.000400
0.001163	0.003932	0.003680
0.030555	0.000185	-0.000081
0.004032	-0.000988	-0.001011
0.005308	0.012279	0.012247
0.005760	0.001475	0.001446
0.013286	0.006840	0.006818
-0.002701	0.004968	0.004943
0.010511	-0.004130	-0.004152
0.001096	-0.001157	-0.001307
0.002059	0.000798	0.000769
0.008028	0.000414	0.000359
0.000818	-0.002875	-0.002979
-0.036469	0.131094	0.131071
-0.005421	0.007331	0.006821
-0.004722	0.009589	0.009558
0.003877	0.003544	0.003208
-0.001301	-0.000190	-0.000233
-0.087134	0.153054	0.152528
0.000413	-0.000948	-0.001039
-0.005425	-0.001004	-0.001428
0.001485	-0.002073	-0.002128
0.164744	0.185703	0.185674
-0.017976	0.024142	0.024068
0.002208	0.001385	0.001292
-0.004223	0.007807	0.007782
-0.002000	-0.004514	-0.004650
-0.002367	-0.002606	-0.002678
0.006072	-0.001584	-0.001744
0.000809	-0.004490	-0.004517
-0.002845	0.002644	0.002612
-0.013872	0.013980	0.013957
-0.005290	0.003325	0.002994
0.020647	-0.024547	-0.024566
0.006418	0.009271	0.009248
0.020139	-0.010150	-0.010207
-0.001763	-0.000795	-0.000864
-0.001440	-0.003792	-0.003829
0.001620	-0.012636	-0.012666
0.000779	0.000744	0.000588
-0.003935	-0.296917	-0.297025
0.001779	0.000778	0.000684
0.000940	0.001782	0.001751
0.006585	-0.002224	-0.002251
0.001418	-0.000270	-0.000512
-0.006712	-0.003341	-0.003456
0.015180	-0.012549	-0.012582
0.008643	0.004595	0.004574
0.001468	0.001723	0.001568
0.000178	0.000681	0.000636
0.003173	0.000526	0.000412
0.046684	-0.020169	-0.020192
0.002794	0.000458	0.000435
-0.001255	0.003675	0.003650
-0.001419	-0.002415	-0.002847
-0.006482	0.000914	0.000890
-0.002728	0.005641	0.005249
0.016220	-0.000534	-0.000553
-0.000939	-0.003858	-0.003927
-0.005596	0.005557	0.005081
-0.167540	-0.183043	-0.183072
-0.000337	-0.001557	-0.001580
-0.044761	0.062433	0.062409
-0.015964	-0.001336	-0.001372
-0.014032	0.002782	0.002730
-83.985411	84.010133	0.010568
-83.998333	83.987928	-0.012053
-84.004459	84.005362	0.005384
-84.004350	84.000387	0.000515
-84.012355	83.988178	-0.011788
-83.996428	84.001684	0.001721
-84.000840	83.999465	-0.000485
-84.004404	84.003583	0.003638
-83.999916	83.995066	-0.004629
-84.231335	84.327732	0.327702
-84.003805	84.000117	0.000140
-83.994100	83.998318	-0.001662
-84.036981	84.039907	0.039285
-84.001374	84.000953	0.000976
-83.989968	84.010615	0.010647
-84.008713	83.997073	-0.002707
-83.995576	83.998418	-0.001555
-83.998455	83.998036	-0.001893
-83.984724	84.002400	0.002427
-84.008600	83.989209	-0.010767
-84.008005	84.006838	0.006862
-84.003624	83.995411	-0.004340
-84.018336	83.977876	-0.022103
-84.001619	83.997143	-0.002807
-83.999844	83.999288	-0.000578
-84.012019	83.994803	-0.005146
-83.999669	83.999824	-0.000093
-84.006454	84.005597	0.005711
-84.002891	83.996938	-0.003036
-83.994515	84.004403	0.004433
-84.005375	84.001421	0.001479
-83.999398	83.997773	-0.002187
-84.018904	83.988367	-0.011520
-83.994772	84.005355	0.005504
-84.003636	83.994859	-0.005061
-84.005640	84.001406	0.001427
-84.001837	83.998202	-0.001642
-84.001827	83.997476	-0.002336
-83.991433	83.997087	-0.002890
-84.008567	83.999932	-0.000034
-83.993877	83.996500	-0.003465
-83.979402	83.979487	-0.020485
-83.504443	84.004476	0.004620
-83.999885	84.005048	0.005423
-84.014709	84.001180	0.001342
-84.008731	84.002126	0.002146
-84.003170	83.996420	-0.003275
-84.002673	83.999068	-0.000904
-84.007472	84.004181	0.004203
-83.984153	83.999982	-0.000002
-84.004840	83.995734	-0.004248
-83.998140	84.001420	0.001448
-84.001066	83.996673	-0.003163
-84.001199	83.988878	-0.011091
-83.996698	83.997283	-0.002627
-83.988597	83.969074	-0.032177
-83.999609	83.998470	-0.001482
-83.995156	84.008077	0.008105
-83.996598	84.000433	0.000615
-84.005246	84.000897	0.000917
-84.006761	84.001061	0.001083
-84.033498	84.011022	0.011043
-84.001780	84.000214	0.000248
-83.993386	84.008807	0.009291
-83.997183	83.993546	-0.006338
-84.041590	84.023221	0.023241
-83.992015	84.004948	0.005007
-83.997702	83.996036	-0.003938
-84.001328	83.999920	0.000064
-83.997907	83.997056	-0.002829
-83.976608	84.038078	0.038101
-84.017169	83.997289	-0.002693
-84.002083	84.002305	0.002518
-84.004258	84.002922	0.002966
-84.005788	84.000550	0.000575
-83.994624	83.997451	-0.002527
-84.009547	83.998378	-0.001379
-83.991051	83.998456	-0.001516
-83.998323	83.997650	-0.002318
-83.997418	83.999564	-0.000381
-83.995533	84.004597	0.004635
-84.000801	84.003252	0.003291
-83.994609	83.997315	-0.002564
-83.997546	83.997180	-0.002796
-83.999551	84.000823	0.000968
-84.007317	84.003657	0.003783
-83.999881	83.999806	-0.000153
-84.005568	84.003741	0.003765
-84.024720	84.057483	0.057668
-84.012248	84.014718	0.014728
-83.998568	83.999821	-0.000152
-83.997099	83.992326	-0.007638
-83.996598	84.002752	0.002781
-84.004519	84.000524	0.000912
-83.992964	83.997964	-0.002015
-83.997426	83.996397	-0.003349
-84.015841	84.002965	0.003234
-83.994699	84.004114	0.004428
-84.008446	83.990626	-0.009355
-84.005613	84.003486	0.003504
-84.000463	83.999500	-0.000473
-83.990098	84.004858	0.004877
-84.004851	83.998820	-0.001000
-84.002560	83.997423	-0.002444
-84.007704	83.998174	-0.001803
-83.999204	84.000877	0.000928
-84.016902	84.013681	0.013699
-84.000760	83.998776	-0.001159
-84.003291	83.998704	-0.001276
-84.001818	83.994619	-0.005360
-84.008662	84.012640	0.012653
-83.996400	84.001110	0.001139
-84.000608	84.000845	0.000876
-84.004704	83.999752	-0.000222
-84.002045	83.999934	-0.000042
-83.995567	84.001217	0.001312
-84.000815	83.995482	-0.004419
-83.997814	83.995565	-0.004408
-84.007409	84.003421	0.003440
-84.000605	84.002175	0.002199
-83.996539	83.999514	-0.000455
-84.021548	83.997999	-0.001980
-83.795059	83.671583	-0.329418
-84.020010	84.007369	0.007386
-84.006905	84.001820	0.001838
-83.999425	83.999547	-0.000398
-83.999535	84.001357	0.001413
-83.993858	84.000310	0.000349
-84.001185	83.994226	-0.005748
-83.998984	84.000074	0.000103
-84.005434	84.003159	0.003289
-84.044647	84.010734	0.010746
-84.002552	83.998546	-0.001356
-83.996470	84.006226	0.006259
-83.986011	84.004948	0.004982
-83.996916	83.990226	-0.009637
-83.982142	83.984139	-0.015868
-84.000480	84.001495	0.001572
-83.993244	84.005015	0.005047
-83.950980	83.948954	-0.050926
-113.096552	98.571965	-7.978530
-84.625600	84.545350	0.545138
-84.002929	84.000288	0.000352
-84.010015	83.997982	-0.001644
-83.991545	84.019676	0.019692
-83.999868	83.999508	-0.000413
-83.998170	83.998926	-0.001045
-84.016546	84.012182	0.012470
-84.000220	83.998213	-0.001721
-84.024471	84.000780	0.000802
-96.213571	111.459082	8.076756
-84.024750	83.994188	-0.005801
-84.006634	83.989558	-0.010144
-84.003885	83.997381	-0.002600
-83.993730	83.991951	-0.007997
-84.002113	83.996503	-0.003437
-84.004375	84.000160	0.000182
-84.000531	84.001556	0.001575
-83.999023	84.003373	0.003419
-84.481605	84.016563	0.015803
-83.996202	83.997536	-0.002423
-83.999005	83.999275	-0.000689
-83.999539	84.002696	0.002757
-83.999547	84.001308	0.001343
-84.001543	84.002620	0.002651
-83.986972	84.004548	0.004818
-83.998305	83.995711	-0.004266
-84.014321	84.001395	0.001503
-84.005672	83.992030	-0.007521
-83.996805	83.999513	-0.000463
-83.991788	84.005168	0.005219
-83.997530	83.975476	-0.024117
-83.992795	84.000487	0.000532
-83.993292	84.001681	0.002123
-84.004756	83.996954	-0.003025
-83.998885	83.997287	-0.002671
-83.363597	83.461435	-0.541097
-83.989904	84.018148	0.018250
-83.997997	83.993000	-0.006985
-84.008261	84.001164	0.001181
-83.998559	83.999754	-0.000182
-84.008160	84.006021	0.006044
-83.972557	83.994586	-0.005130
-84.001275	83.998651	-0.001294
-83.966642	83.962451	-0.037570
-83.950891	84.022064	0.022051
-84.002112	84.004312	0.004393
-83.998264	84.000611	0.000637
-84.001601	84.003217	0.003242
-83.996068	84.000712	0.000753
-84.008271	83.994292	-0.005541
-83.999862	83.997098	-0.002833
-84.004112	84.005681	0.005698
-84.008853	84.007203	0.007522
-83.998421	83.998579	-0.001082
-84.004700	84.004730	0.004744
-84.002752	83.999980	0.000069
-83.995452	83.997889	-0.001874
-84.000162	83.999749	-0.000213
-84.002530	83.982583	-0.017411
-84.023643	83.961763	-0.038256
-83.999327	84.001089	0.001155
-83.971653	84.001190	0.001691
-84.000159	84.000932	0.000966
