0.005019	0.007548	0.007522
-0.065125	-0.034848	-0.034883
-0.000628	-0.000615	-0.000700
0.002406	0.001112	0.001053
-0.003723	0.000096	0.000035
0.012167	0.000821	0.000783
0.000746	0.001119	0.000965
0.000517	0.000258	-0.000109
0.272980	-0.222364	-0.222602
0.036316	-0.019586	-0.019619
0.000748	0.001985	0.001934
-0.002167	-0.003667	-0.003802
0.001841	0.002783	0.002705
0.007525	-0.000294	-0.000414
-0.005278	-0.001223	-0.001706
0.000980	0.008942	0.008921
0.007113	-0.000640	-0.000663
-0.001261	0.000569	0.000419
0.001980	-0.001810	-0.001861
0.001670	-0.001765	-0.001876
-0.060344	-0.001853	-0.002111
0.004745	-0.009000	-0.009029
0.005615	-0.169292	-0.169879
-0.020235	-0.000338	-0.000374
0.000983	-0.003643	-0.003678
0.000108	0.000896	0.000855
0.002314	0.000430	0.000320
0.002775	0.004255	0.003916
0.001969	0.001101	0.001054
0.007615	-0.000964	-0.000988
-0.005090	0.005620	0.005581
-0.030660	0.028771	0.028745
0.002499	-0.000252	-0.000348
-0.001423	0.003052	0.003023
0.002642	0.000253	0.000212
0.002195	0.000601	0.000558
0.005539	-0.004692	-0.004741
-0.001509	0.000012	-0.000035
-0.001797	-0.006995	-0.007023
-0.002607	-0.001413	-0.001438
0.008087	-0.007789	-0.007826
0.000360	-0.005667	-0.005721
0.002192	-0.000143	-0.000184
-0.001240	0.000550	0.000506
0.001936	-0.001235	-0.001281
-0.001890	-0.003731	-0.003778
0.001596	0.001143	0.001112
-0.019811	-0.007998	-0.008321
0.002155	0.001516	0.001077
0.001783	0.000070	0.000024
0.000386	0.000282	0.000072
0.022590	-0.006575	-0.006607
0.002011	0.009655	0.009537
-0.000378	-0.000815	-0.000874
0.005417	0.002111	0.002055
0.006109	0.318264	0.318145
0.000662	0.000757	0.000633
0.002848	-0.009429	-0.009493
0.030007	-0.009446	-0.009925
0.015140	-0.002297	-0.002320
-0.004223	0.000492	0.000462
0.002026	0.007855	0.007807
-0.001189	0.004809	0.004739
-0.008809	0.001257	0.001231
-0.000247	-0.003565	-0.003633
0.003011	0.003942	0.003911
-0.000883	-0.013767	-0.013969
-0.011959	0.010278	0.010256
-0.036987	-0.028368	-0.028537
0.000245	0.003043	0.002912
0.043302	-0.009804	-0.010341
-0.001396	-0.005283	-0.005321
-0.000396	0.003537	0.003510
0.019243	-0.007822	-0.007843
-0.023127	0.015745	0.015679
0.021162	0.026951	0.026926
-0.002446	0.004098	0.003779
-0.000698	0.001951	0.001741
0.003451	-0.003892	-0.004056
0.005081	-0.000810	-0.000835
0.002945	-0.002960	-0.003113
-0.298640	0.247269	0.247028
-0.004777	-0.017065	-0.017104
0.000788	-0.001134	-0.001198
0.003650	-0.004515	-0.004539
-0.003799	0.006572	0.006531
-0.002054	-0.009101	-0.009128
0.023188	-0.007474	-0.007663
0.022119	0.009487	0.009279
0.068397	0.043112	0.043077
0.007882	0.000446	0.000426
-0.003547	0.028318	0.028279
-0.008194	-0.002703	-0.002733
0.000222	0.000769	0.000449
-0.006686	0.002931	0.002754
-0.001447	-0.000804	-0.000877
-0.009891	0.011332	0.010752
0.010371	0.006679	0.006626
0.004391	0.012408	0.012388
0.010588	-0.000150	-0.000173
0.025838	0.013305	0.013285
0.014880	-0.004623	-0.004648
0.054074	-0.060121	-0.060147
0.007811	0.001485	0.001465
0.017103	-0.024395	-0.024477
-0.000692	0.001131	0.001094
-0.004166	-0.004720	-0.004783
-0.002186	0.000463	0.000431
-0.006459	-0.015206	-0.015261
0.000514	-0.000000	-0.000053
0.004563	0.001082	0.001060
-0.007411	0.004342	0.004275
0.027217	-0.178606	-0.178631
-0.002316	-0.001495	-0.001540
-0.003474	-0.003703	-0.004040
-0.001459	0.002388	0.002322
0.006562	0.000977	0.000951
0.006892	0.000430	0.000155
0.002738	0.007671	0.007646
-0.001541	-0.003812	-0.003834
-0.000037	-0.001014	-0.001050
-0.005437	0.002836	0.002756
0.009407	-0.033731	-0.033757
-0.002304	0.004641	0.004618
0.004111	-0.004279	-0.004312
0.003871	0.004856	0.004826
0.001574	0.000344	0.000291
-0.012319	0.005904	0.005850
0.033934	-0.028896	-0.029118
0.005151	-0.003503	-0.003552
-0.003113	0.002273	0.002198
-0.002627	0.010810	0.010755
-0.002502	0.002796	0.002466
-0.025773	-0.005885	-0.005906
-0.000464	-0.001027	-0.001058
0.004156	0.013862	0.013826
0.000845	-0.001085	-0.001282
-0.035754	0.000758	0.000723
0.034048	0.036272	0.036108
-0.003321	0.000629	0.000418
0.001225	0.004127	0.003846
0.031977	0.000207	-0.000091
0.004219	-0.001032	-0.001058
0.005552	0.012844	0.012809
0.006025	0.001545	0.001513
0.013896	0.007156	0.007131
-0.002822	0.005197	0.005170
0.010995	-0.004318	-0.004342
0.001157	-0.001205	-0.001372
0.002155	0.000837	0.000804
0.008400	0.000436	0.000375
0.000864	-0.003005	-0.003122
-0.038254	0.137912	0.137887
-0.005652	0.007692	0.007120
-0.004937	0.010031	0.009998
0.004070	0.003724	0.003348
-0.001357	-0.000197	-0.000244
-0.091435	0.160952	0.160360
0.000440	-0.000989	-0.001090
-0.005650	-0.001032	-0.001511
0.001557	-0.002165	-0.002226
0.173811	0.195895	0.195863
-0.018805	0.025263	0.025182
0.002314	0.001454	0.001351
-0.004416	0.008167	0.008139
-0.002081	-0.004719	-0.004871
-0.002470	-0.002725	-0.002806
0.006363	-0.001652	-0.001831
0.000848	-0.004695	-0.004725
-0.002974	0.002767	0.002732
-0.014507	0.014629	0.014603
-0.005512	0.003489	0.003115
0.021598	-0.025677	-0.025697
0.006714	0.009697	0.009672
0.021071	-0.010615	-0.010678
-0.001838	-0.000831	-0.000907
-0.001503	-0.003966	-0.004006
0.001697	-0.013215	-0.013248
0.000822	0.000787	0.000614
-0.004186	-0.315063	-0.315183
0.001865	0.000820	0.000715
0.000986	0.001865	0.001831
0.006889	-0.002325	-0.002355
0.001499	-0.000273	-0.000545
-0.007018	-0.003488	-0.003614
0.015878	-0.013125	-0.013160
0.009041	0.004807	0.004784
0.001544	0.001810	0.001638
0.000188	0.000715	0.000665
0.003327	0.000555	0.000428
0.048847	-0.021106	-0.021132
0.002924	0.000479	0.000454
-0.001311	0.003845	0.003818
-0.001463	-0.002506	-0.002992
-0.006778	0.000957	0.000930
-0.002841	0.005921	0.005483
0.016966	-0.000557	-0.000578
-0.000976	-0.004033	-0.004111
-0.005835	0.005836	0.005303
-0.176731	-0.193110	-0.193143
-0.000351	-0.001627	-0.001653
-0.046887	0.065391	0.065365
-0.016694	-0.001397	-0.001436
-0.014672	0.002910	0.002853
-83.984754	84.010578	0.011063
-83.998257	83.987371	-0.012608
-84.004666	84.005607	0.005631
-84.004551	84.000397	0.000538
-84.012925	83.987633	-0.012329
-83.996264	84.001759	0.001799
-84.000879	83.999437	-0.000508
-84.004607	84.003744	0.003805
-83.999920	83.994822	-0.004839
-84.246599	84.349729	0.349691
-84.003982	84.000121	0.000147
-83.993830	83.998240	-0.001738
-84.037578	84.040663	0.039731
-84.001438	84.000995	0.001020
-83.989508	84.011102	0.011138
-84.009122	83.996926	-0.002829
-83.995375	83.998344	-0.001625
-83.998385	83.997942	-0.001980
-83.984023	84.002509	0.002538
-84.008997	83.988713	-0.011260
-84.008376	84.007151	0.007178
-84.003805	83.995190	-0.004532
-84.019180	83.976856	-0.023120
-84.001695	83.997009	-0.002936
-83.999840	83.999247	-0.000604
-84.012573	83.994560	-0.005383
-83.999657	83.999811	-0.000098
-84.006757	84.005847	0.005974
-84.003024	83.996796	-0.003175
-83.994266	84.004604	0.004637
-84.005627	84.001486	0.001550
-83.999374	83.997669	-0.002287
-84.019783	83.987828	-0.012046
-83.994534	84.005592	0.005756
-84.003807	83.994618	-0.005293
-84.005901	84.001470	0.001493
-84.001929	83.998111	-0.001716
-84.001923	83.997353	-0.002437
-83.991042	83.996952	-0.003022
-84.008963	83.999928	-0.000034
-83.993597	83.996337	-0.003624
-83.978452	83.978540	-0.021428
-83.472164	84.004583	0.004740
-83.999901	84.005260	0.005679
-84.015396	84.001230	0.001410
-84.009134	84.002223	0.002244
-84.003328	83.996239	-0.003421
-84.002798	83.999024	-0.000945
-84.007817	84.004372	0.004396
-83.983426	83.999980	-0.000002
-84.005063	83.995537	-0.004443
-83.998058	84.001484	0.001516
-84.001127	83.996514	-0.003302
-84.001255	83.988366	-0.011601
-83.996549	83.997153	-0.002748
-83.988784	83.967624	-0.035430
-83.999595	83.998399	-0.001549
-83.994936	84.008447	0.008478
-83.996445	84.000441	0.000643
-84.005488	84.000937	0.000959
-84.007073	84.001110	0.001133
-84.035051	84.011525	0.011549
-84.001865	84.000222	0.000260
-83.993101	84.009185	0.009726
-83.997061	83.993243	-0.006628
-84.043523	84.024307	0.024328
-83.991654	84.005174	0.005240
-83.997599	83.995852	-0.004119
-84.001400	83.999912	0.000073
-83.997812	83.996913	-0.002959
-83.975520	84.039850	0.039875
-84.017960	83.997162	-0.002817
-84.002193	84.002404	0.002643
-84.004457	84.003055	0.003103
-84.006055	84.000574	0.000601
-83.994379	83.997333	-0.002643
-84.009997	83.998291	-0.001439
-83.990644	83.998385	-0.001584
-83.998248	83.997540	-0.002425
-83.997305	83.999543	-0.000397
-83.995331	84.004807	0.004850
-84.000842	84.003400	0.003444
-83.994371	83.997188	-0.002677
-83.997435	83.997049	-0.002924
-83.999539	84.000853	0.001014
-84.007663	84.003821	0.003961
-83.999879	83.999796	-0.000159
-84.005826	84.003911	0.003938
-84.025906	84.060183	0.060390
-84.012812	84.015394	0.015406
-83.998504	83.999811	-0.000159
-83.996970	83.991973	-0.007987
-83.996443	84.002877	0.002908
-84.004743	84.000527	0.000961
-83.992643	83.997869	-0.002107
-83.997318	83.996217	-0.003500
-84.016589	84.003091	0.003392
-83.994471	84.004286	0.004637
-84.008835	83.990195	-0.009785
-84.005872	84.003645	0.003665
-84.000485	83.999475	-0.000495
-83.989643	84.005080	0.005101
-84.005087	83.998760	-0.001039
-84.002687	83.997300	-0.002552
-84.008060	83.998089	-0.001885
-83.999172	84.000917	0.000973
-84.017680	84.014310	0.014330
-84.000800	83.998718	-0.001210
-84.003444	83.998643	-0.001334
-84.001902	83.994371	-0.005606
-84.009065	84.013221	0.013236
-83.996237	84.001159	0.001191
-84.000637	84.000882	0.000915
-84.004922	83.999740	-0.000232
-84.002141	83.999930	-0.000044
-83.995368	84.001267	0.001372
-84.000853	83.995269	-0.004622
-83.997716	83.995359	-0.004610
-84.007750	84.003577	0.003598
-84.000635	84.002274	0.002301
-83.996383	83.999491	-0.000475
-84.022539	83.997906	-0.002071
-83.780994	83.649513	-0.351561
-84.020931	84.007706	0.007726
-84.007224	84.001902	0.001923
-83.999403	83.999524	-0.000416
-83.999518	84.001418	0.001480
-83.993580	84.000323	0.000366
-84.001242	83.993959	-0.006011
-83.998940	84.000077	0.000108
-84.005693	84.003301	0.003446
-84.046701	84.011227	0.011241
-84.002671	83.998473	-0.001419
-83.996312	84.006512	0.006548
-83.985371	84.005174	0.005212
-83.996776	83.989768	-0.010079
-83.981326	83.983406	-0.016600
-84.000509	84.001561	0.001647
-83.992937	84.005245	0.005281
-83.948705	83.946541	-0.053320
-113.093307	98.573717	-7.975690
-84.703080	84.612268	0.611927
-84.003066	84.000297	0.000368
-84.010487	83.997869	-0.001714
-83.991158	84.020579	0.020597
-83.999868	83.999482	-0.000430
-83.998087	83.998875	-0.001093
-84.017321	84.012726	0.013048
-84.000232	83.998127	-0.001800
-84.025599	84.000815	0.000840
-96.215428	111.457637	8.076633
-84.025889	83.993920	-0.006068
-84.006952	83.989061	-0.010605
-84.004065	83.997260	-0.002719
-83.993442	83.991578	-0.008364
-84.002214	83.996339	-0.003594
-84.004578	84.000166	0.000190
-84.000557	84.001626	0.001647
-83.998982	84.003527	0.003579
-84.513208	84.017444	0.016638
-83.996032	83.997422	-0.002533
-83.998962	83.999239	-0.000720
-83.999522	84.002816	0.002884
-83.999530	84.001366	0.001406
-84.001615	84.002738	0.002773
-83.986392	84.004747	0.005051
-83.998228	83.995513	-0.004462
-84.014987	84.001456	0.001576
-84.005951	83.991639	-0.007858
-83.996660	83.999489	-0.000484
-83.991413	84.005402	0.005458
-83.997429	83.974325	-0.025221
-83.992468	84.000508	0.000558
-83.992998	84.001735	0.002228
-84.004976	83.996813	-0.003164
-83.998835	83.997160	-0.002794
-83.285086	83.394407	-0.608542
-83.989447	84.018982	0.019096
-83.997907	83.992677	-0.007306
-84.008642	84.001216	0.001235
-83.998498	83.999742	-0.000187
-84.008538	84.006296	0.006322
-83.971312	83.994324	-0.005357
-84.001336	83.998586	-0.001354
-83.965088	83.960705	-0.039315
-83.948621	84.023085	0.023072
-84.002213	84.004505	0.004594
-83.998186	84.000637	0.000666
-84.001676	84.003363	0.003391
-83.995892	84.000744	0.000790
-84.008665	83.994024	-0.005788
-83.999859	83.996960	-0.002963
-84.004302	84.005941	0.005959
-84.009220	84.007477	0.007814
-83.998357	83.998495	-0.001127
-84.004917	84.004947	0.004962
-84.002884	83.999974	0.000073
-83.995260	83.997784	-0.001951
-84.000172	83.999734	-0.000223
-84.002645	83.981780	-0.018212
-84.024746	83.959981	-0.040038
-83.999302	84.001136	0.001211
-83.970367	84.001218	0.001778
-84.000170	84.000974	0.001011
