1386.640934	-74.110586	-67.768764
1350.798856	-15.546757	-10.819751
1315.314329	84.656927	25.419551
1294.012903	-61.493987	-45.754833
4993.861532	-1182.843690	-1203.008207
1213.326187	59.409257	15.704531
1204.842804	167.888840	84.984150
1297.745436	126.721308	173.642532
1509.280574	-7.657440	-69.507064
1295.101287	-71.246709	-47.949054
1339.295674	-124.546565	-162.860055
491.030045	576.797304	-209.148960
1466.392371	11.832408	-39.086834
1540.859249	738.454354	754.516124
1385.038776	4.611978	3.046390
1287.387161	60.965114	75.249353
1238.575037	44.723964	30.860476
1423.194020	238.805768	182.394638
1101.450743	224.492151	150.877019
-23079.903901	159375.247623	159375.136247
1270.960957	-48.684428	-29.123566
1344.390145	96.635603	59.036882
1343.601067	96.495004	58.015762
1297.144685	213.117153	90.733808
1124.677273	197.890854	155.562465
1053.106136	-537.963165	-572.339289
2280.635683	1168.032038	1130.116142
1489.141789	273.740191	268.178840
1433.735719	406.666281	311.568653
2443.648336	-345.090017	-464.952217
1323.352519	-21.126608	-73.798246
1348.923703	-74.490686	-50.656625
281.149331	4492.374969	4477.587173
1483.438662	-203.415983	-204.148199
927.639515	-88.940648	76.525932
1355.489033	-34.274023	-56.226545
953.536010	15.530876	41.996103
1528.668389	-291.649129	-160.890580
1116.678127	63.202021	-315.385745
-383.349479	-428.283973	-447.923448
1325.335879	-174.523633	-149.425831
1485.070733	147.838859	132.068163
1427.554290	-155.746044	-148.134193
1162.218598	43.013628	37.687493
1444.436910	-309.616804	-346.071028
2139.343526	80.347261	58.733741
1103.577914	-54.342170	-25.172014
1392.970566	-93.736363	-99.432274
1288.765828	-106.485335	-91.481679
1555.515242	30.088220	-88.766453
1566.609364	277.257526	107.617997
1183.084244	15.239009	37.175597
1085.431170	121.587301	112.240725
1420.566013	219.733598	190.953830
1162.421837	-300.029281	-317.190934
1279.015499	-42.622511	-13.581252
1078.885638	75.279805	57.877027
687.220135	-315.618780	652.297079
1327.068657	-131.370432	-71.962807
1594.177887	5.781358	-84.143506
1877.216995	646.515075	1072.955105
1273.883438	-16.542241	-7.119567
1160.776493	-147.574027	-117.637805
1454.403488	-98.685935	-122.500744
1287.819525	-209.533932	-159.816861
1421.900393	301.485952	215.195416
1469.789092	121.608950	110.198758
630.924712	962.453153	925.193587
1668.154987	-497.324046	1445.202749
1398.460519	-109.601962	-147.740933
1134.577059	-242.188682	-111.883145
1281.593191	-659.416445	57.083708
2219.936159	-4557.214037	-3993.252404
1308.635269	-169.353700	-135.673175
1370.219282	295.920128	225.703883
1446.233941	190.191493	4.138548
1319.018191	-160.276635	-135.517280
1333.509916	111.386561	20.093868
1332.326344	589.207249	409.107280
1197.972854	342.613197	269.506329
893.372858	-233.637672	-255.793060
1499.192856	224.450340	49.240572
2421.620694	1332.076445	1288.488365
1315.887832	-167.245071	-144.980099
1842.162463	-445.877095	-580.642186
1158.218218	45.224680	37.495637
1465.363368	-88.745142	-93.698698
1405.028588	-136.793183	-121.903323
1305.660701	-203.168601	-169.027408
1212.524168	57.301103	21.642246
1936.180168	-342.768601	-392.744499
1544.503811	100.768246	-24.131886
1335.536993	-162.474491	-139.028979
1475.039129	186.355733	131.027142
3077.235017	-806.733882	-824.075671
1023.838291	-42.916448	87.539600
1047.417972	78.467770	81.043233
1477.322763	24.346874	-37.428182
1282.930922	-39.637976	-19.624365
1270.165407	70.877921	5.683484
3622.618506	-684.906110	-717.516410
1159.015832	46.553225	38.458008
2091.672906	186.427582	143.456752
956.411485	290.677318	169.641126
1256.838666	112.179859	73.348535
1266.270565	-126.023294	-214.606022
1258.041710	-5.520109	8.605476
1405.715368	-128.501724	-150.847078
424.396262	3664.958469	3056.226871
1419.221092	319.381192	342.192765
-8656.038223	-3785.279837	7622.515453
3147.683304	122.168025	80.479619
1258.208587	10.357013	20.265192
1821.372947	927.857658	867.962162
1205.217602	25.005975	16.283499
1034.062630	-196.759676	-267.513880
1467.559834	-4.069263	-33.080503
1205.408367	248.644882	142.898375
1392.638929	-32.284950	-21.520460
1206.180008	167.347111	87.519208
1173.373099	527.859779	455.764314
1704.563686	-110.361765	-128.892808
1204.965972	-169.192410	-132.677650
1146.538439	-212.217540	-124.911711
1407.406170	-137.618913	-117.193178
1367.364189	-27.607919	-12.316511
1313.193981	-162.460771	-139.547357
1183.154306	195.835700	95.654290
3771.270660	-11492.620257	-11494.279522
1462.335671	-178.006546	-195.507327
1202.361335	245.248153	100.671477
1466.198941	-180.419709	-190.304838
-4593.713955	-3599.500065	-3612.568049
1119.732892	90.161969	70.105243
422.703485	1226.159454	289.238746
1361.891334	-37.737247	-18.425126
1218.082496	516.498768	477.353027
1804.863778	166.449412	170.665844
1318.478309	-157.526273	-150.258741
1101.377538	212.607339	191.517288
-52303.753268	73537.665679	73537.542323
1372.002035	-21.128251	-24.227466
322.072470	-112.622101	-137.816652
1385.184671	-77.688424	-99.270228
1357.747643	159.751998	123.285054
785.607636	490.326913	466.580632
-6073.710067	548.637849	-2808.764996
-6902.004808	-846.044763	-981.870438
1354.233679	22.795378	14.309325
1463.978632	-87.335717	-92.883511
1346.405198	510.999525	414.866334
1816.544976	653.513028	858.704032
609.972216	-262.429340	-282.200156
1346.818044	-90.129094	-75.938102
1286.864140	-36.907177	-19.473415
1158.197710	46.567046	37.160231
1389.567744	9.355245	15.060769
1127.883901	-246.377729	-115.030090
1990.788142	380.714472	-490.775922
1061.775598	-202.475929	-144.296424
1654.583670	277.347968	-83.805589
1663.462170	163.683038	122.183607
1683.552671	-62.810866	-115.835165
1321.114399	445.213853	409.691120
1320.606038	-88.040228	-64.975739
1419.542884	19.537576	-41.612472
1367.338040	-26.551785	-22.255587
1445.860016	-759.377316	-724.871293
1353.942385	22.145009	14.830275
2770.130356	76.337924	58.574732
1534.533399	-161.219390	-152.714569
1222.133250	-75.211421	-25.002486
1245.213710	71.715674	40.481609
917.157904	-597.982190	-575.275862
5614.016384	-6385.636136	-6860.958711
1116.616396	43.465885	72.147011
1410.570188	141.147730	135.715046
1512.233908	154.548124	99.058865
1159.709916	365.534053	304.271381
1203.642366	-485.779708	-206.563022
1358.304759	-4.288945	-12.269200
1417.847145	300.856753	205.258319
1424.960438	301.036515	178.075272
820.057319	472.436532	441.587472
895.196547	312.794849	268.230692
851.055192	-7.418433	-122.589167
1565.208113	-71.768807	-96.910411
206.072461	325.113041	301.268946
1281.079011	86.964876	65.424674
1570.296268	-90.892672	-89.596640
911.738855	63.964998	55.818752
649.518542	13.115275	46.527331
1278.294014	7.928241	11.784924
1335.503421	-136.887027	-135.727638
6868.911111	-2961.751480	-3030.744503
1489.695073	414.806763	453.283362
1428.005459	-158.656829	-152.291029
1535.268666	181.086261	80.762703
1310.638899	291.181153	127.197961
967.085859	115.575594	107.080401
1452.552895	-3.477836	-18.419530
4781.635553	-460.367298	-491.476119
1173.682757	-20.689171	-120.432012
1024.945248	-88.108191	62.544556
-1568.422426	2119.652761	296.585711
-1826.080834	1863.304962	-45.743826
-1923.818798	2050.430766	-390.712469
-1865.290784	1990.079419	-130.009585
-1901.657721	2023.559952	-110.688265
-1702.052155	1919.840088	-84.657910
-1873.903657	1963.740011	-203.735817
-1855.045001	1983.101274	-122.649000
-1900.719526	2025.720356	-102.822107
-1918.163686	2076.060299	-115.602916
-1899.742889	2033.898853	-117.796892
-1884.370278	1995.905336	-152.021500
-2705.946740	1638.186776	-874.684269
-1845.115482	1977.615812	-98.455965
-1900.268608	2191.339922	-76.234111
-1810.734315	1769.313147	-305.741162
-1721.480204	1865.771946	-403.959932
-1832.943862	1970.647400	-311.661852
-1628.766180	1906.493042	-77.378200
-1955.573819	2141.807737	-129.975348
-1946.595309	2040.647668	-142.865086
-1838.130453	1847.593206	-288.463482
-1876.648772	1988.665441	-114.324706
-1643.222432	1979.324907	-28.074861
-1741.110046	1861.390649	-94.161529
-1904.927439	2018.729657	-109.012265
-2726.843306	1669.170631	-1187.244145
-1956.659874	2198.937044	-100.453739
-1908.786490	1842.290491	-1646.159322
-1878.103251	1974.536724	-137.894087
-1940.459584	2077.300345	-96.639440
-1045.742438	3893.222931	-4192.024268
-1909.607108	2027.612457	-115.936471
-1720.767128	2016.975872	-107.969303
-1930.080921	2215.721817	-104.876879
-1960.862685	2068.329761	-99.994019
-1809.449967	1852.613150	-404.176652
-1910.074988	2096.418559	-77.765839
-1497.458440	2022.197802	74.970142
-1814.354809	1806.661108	-352.835350
3267.481742	11306.949791	5448.003353
-1583.700872	1682.494044	-590.541336
-1758.866813	1888.306726	-70.362814
-1923.372564	2067.801805	-123.446293
-1889.906442	2033.613969	-105.118359
-1909.252711	2054.166424	-111.807298
-1585.389299	2930.911026	972.422310
-1906.021799	1851.267878	-273.849757
-1891.763014	1998.917971	-134.453508
1740.218738	-3314.587803	-5053.740760
-1875.131710	1836.729168	-236.692560
-2600.470316	2740.812182	-75.529657
-1875.861654	2100.278860	-125.233368
-1461.133685	1919.054228	-247.240128
-1869.476894	1809.644086	-450.738816
-1926.129483	1971.923959	-330.027095
-1912.721542	1978.850109	-122.303505
-1764.758359	1768.629204	-149.391264
-1932.975101	1978.523816	-341.447803
-1993.691719	1983.405820	219.998999
-1711.597051	1962.021152	-67.481961
-1935.051742	2066.522146	-116.877672
-1853.190611	2030.497570	-123.209843
-1896.693679	2038.098798	-103.954218
-2069.697719	1973.030082	-1290.989818
-1959.710804	1979.364245	-187.928241
-1870.155351	2109.743080	-124.377612
-1769.406917	1961.668480	-37.955799
-1886.811463	2056.316188	-105.100023
-1859.330019	1860.934515	-285.560624
-1860.802348	1706.727928	-830.565547
-1889.405765	2001.199041	-126.168858
-1851.645446	1791.528536	-269.342233
-1947.230307	2072.305338	-110.325352
-1903.067951	1852.264700	-270.804243
-1894.258462	2025.699907	-107.037569
-1932.988920	2031.159060	-132.012711
-1905.010930	1860.709326	-283.435236
-334.097501	1290.096483	-451.064330
-1919.685330	2058.734574	-114.366267
-1795.884416	1988.063725	-135.339750
-1909.875640	1878.292359	-252.375913
-1906.391276	2023.685939	-104.643073
-1903.991566	1933.304827	-70.809298
-1891.656971	2062.338573	-100.462058
-2158.208082	1978.975835	-79.502678
-1886.111106	1997.303508	-128.855745
-1786.320693	1954.924673	-1.929738
-1899.468341	2024.832265	-114.181069
-1468.167775	1849.539441	-348.264063
-1851.680800	2001.557863	-114.487875
-1859.712173	1866.095213	-294.845234
-1890.255644	1989.138224	-110.994785
-3354.288734	2071.680828	-3833.312463
-2130.630380	1802.072444	-427.303846
-1887.693818	2028.011186	-116.184240
-1894.639206	1910.441578	-150.415085
-1800.293802	1765.749091	-369.047123
-1895.742844	2028.819495	-114.646302
-1589.730847	1948.672280	-47.362672
-1951.478387	2064.112587	-107.535088
-1188.158736	3424.966159	610.457711
-1894.185284	2019.003425	-111.966597
-1885.397257	2015.412786	-117.758562
-1902.778128	2351.459389	-168.654631
-1817.354200	1832.787993	-299.374104
-1777.626657	1970.837214	-101.761236
-1877.914280	1999.829148	-132.783937
-1875.101869	2052.123154	-90.427769
-1928.198826	1972.140155	-149.561897
-1833.755270	2014.024331	-104.879147
-1761.058021	1725.184630	-304.684000
-1802.216770	1924.763068	-107.809624
-1899.461914	2012.883245	-113.326955
-1895.342286	2033.013992	-109.024057
-1935.772559	2112.526255	-133.876253
-1897.469048	2217.199543	-120.069251
-1890.500501	2039.977791	-125.896897
-1467.349113	1444.198052	-487.448062
-1863.747417	1851.348335	-285.602739
-1936.931920	2070.021428	-116.400350
-1799.367712	1813.309845	-306.117326
-1894.503621	2026.906903	-116.287334
-1798.965391	2101.593476	-140.222715
-1901.867332	1858.575326	-291.624498
-1924.263185	2051.018910	-109.751946
-1936.354446	2138.083736	-125.153087
-1777.583155	1756.613122	-334.614239
-1909.059648	2025.536778	-141.335222
-1977.159642	1884.848742	-198.644801
-1909.064585	1968.238573	-115.259270
-1910.792782	2028.374964	-108.070681
-1793.215371	1811.234270	-311.136397
-2960.644915	3478.913327	-6691.697023
-1857.904955	1862.536134	-290.804375
-1826.361777	1828.577697	-169.370120
-1845.845636	1442.699194	-263.886638
-1852.171394	2196.392277	-282.925413
-1823.834554	1900.531805	-287.103136
-1826.918883	2308.456127	-22.992819
-1926.396908	2058.088742	-109.074346
-1837.302438	1846.241490	-281.166715
-1849.863600	1859.337202	-221.678913
-2523.169846	1281.999674	-730.329388
-1923.658221	2047.861047	-397.342348
-1600.522477	1233.565736	-765.144840
-1864.872155	2064.347226	-95.855165
-1857.693274	2006.218759	-153.389824
1342.598548	952.911512	-87.647908
-1888.517299	1992.375642	-114.445617
-1905.176456	1894.691161	-297.292295
-1711.565883	1998.554344	-272.823607
-1700.221061	1356.283903	-837.393937
-1894.099632	2022.597047	-115.382314
-1901.829546	2019.510479	-112.836696
-1907.716833	2040.648045	-104.687264
-1752.754146	1917.747725	-217.082586
-1902.976001	2036.392768	-109.103966
-1884.620297	1990.393435	-131.386651
-1894.977493	2033.198206	-109.107771
-1807.596298	1811.623416	-318.579428
-1927.628763	2066.961553	-116.413530
-1907.394110	2070.173923	-107.492585
-1680.893057	1904.411006	-190.976815
-1901.021529	2021.073719	-116.015155
-1793.246594	617.071626	218.177488
-1888.207208	2034.550982	-105.109615
-1873.033260	1979.655801	-136.661142
7294.782324	7278.312779	-75828.585735
-1890.258938	1929.616009	-173.200066
-1871.035080	1881.437752	-46.636811
-2412.631917	1673.587306	-299.102687
-1818.923666	1872.702929	-384.467919
-1802.634221	1763.379696	-306.606009
-1859.884122	1988.097474	-136.116780
-1870.250277	1937.732801	-225.641981
-1893.020891	2022.896651	-123.236729
-1916.629896	2060.618244	-110.073783
-1902.290244	2039.133768	-98.070156
-1920.200473	2072.019854	-109.510107
-1781.012250	2312.103144	138.398000
-1890.559763	2111.721242	-106.077112
-1885.577665	2014.797398	-118.656799
-1976.589776	2063.075246	-69.821743
-1918.194132	2072.835915	-106.365926
-1801.358280	1782.875422	-364.294366
-1864.789423	1968.406548	-163.886609
-1870.119907	1934.665789	-225.597863
-1860.129340	1848.633571	-256.672013
-1882.299941	1863.063012	92.519198
-1750.563704	1910.558612	-152.932981
-1919.502079	2084.999900	-101.123962
-1916.054127	1977.989098	-118.789998
-1633.506333	2054.604139	72.546396
-1892.164755	2029.575914	-109.045731
-1697.021693	1920.492816	-305.975918
-1946.869307	2114.086781	-203.491248
-1196.299775	2291.144349	-749.427295
-1869.701484	1770.822788	-369.633250
-1898.718643	2018.047478	-114.406737
-1901.253563	2073.631870	-98.794372
-1780.539136	1973.073889	-104.667468
-1883.293734	1995.628239	-121.507678
-1926.935070	2058.882627	-104.494361
