-0.026056	0.014061	0.014059
0.000088	-0.000524	-0.000528
0.001078	0.000013	0.000012
0.000866	0.000290	0.000287
-0.000083	0.000301	0.000299
-0.006054	0.000606	0.000594
0.000149	0.000716	0.000714
0.000498	-0.000063	-0.000065
-0.000673	0.001412	0.001410
0.000269	-0.000642	-0.000644
0.000694	-0.000147	-0.000149
0.000754	0.001260	0.001253
-0.004570	-0.001299	-0.001301
0.010978	0.007617	0.007616
0.000490	0.000448	0.000444
0.000974	0.000500	0.000497
-0.000655	-0.001275	-0.001276
-0.003242	0.001645	0.001627
-0.001415	0.000562	0.000554
-0.006899	0.000537	0.000533
-0.000139	-0.000096	-0.000100
0.035603	0.032316	0.032313
0.000486	0.001119	0.001115
-0.000260	0.000451	0.000449
-0.000711	0.001239	0.001236
0.020390	-0.004710	-0.004712
0.000365	0.000455	0.000452
-0.001102	0.002114	0.002096
-0.013148	-0.001338	-0.001340
-0.000647	-0.000372	-0.000379
-0.000023	-0.005567	-0.005571
-0.073401	-0.026179	-0.026194
-0.000218	-0.000914	-0.000915
-0.006533	0.000320	0.000310
0.000509	-0.001057	-0.001071
-0.002334	-0.001385	-0.001387
0.000204	-0.000225	-0.000228
0.000211	0.001011	0.001009
0.000433	-0.000126	-0.000134
-0.000083	0.000033	0.000028
-0.001991	-0.001275	-0.001278
0.000199	-0.000453	-0.000456
0.000553	0.000591	0.000589
0.002281	-0.000062	-0.000065
-0.049251	-0.003106	-0.003108
0.000299	-0.000068	-0.000074
0.001895	-0.000276	-0.000279
-0.000219	-0.000129	-0.000134
-0.005742	0.004607	0.004603
0.001505	-0.000897	-0.000908
-0.000421	-0.000302	-0.000320
-0.003462	-0.004852	-0.004859
-0.007997	-0.005496	-0.005500
-0.000252	-0.000617	-0.000627
0.004715	-0.000269	-0.000270
-0.000410	0.000003	0.000001
0.009272	0.001199	0.001198
-0.000328	0.000027	0.000024
-0.000478	-0.000495	-0.000496
0.001948	0.000086	0.000078
-0.001328	-0.000702	-0.000704
-0.004569	0.004283	0.004268
-0.000111	0.000856	0.000852
0.001305	0.000271	0.000269
-0.001100	0.000158	0.000154
-0.000905	0.000458	0.000456
0.000841	0.000808	0.000805
0.000094	-0.000509	-0.000516
0.002593	-0.000917	-0.000919
-0.000233	-0.000885	-0.000887
-0.000733	-0.000873	-0.000883
-0.007154	0.003271	0.003269
0.000184	-0.000281	-0.000290
0.001297	0.000063	0.000059
0.001459	0.000475	0.000470
-0.001573	-0.002440	-0.002442
-0.000417	0.000270	0.000264
-0.000782	0.000294	0.000291
0.000299	0.000087	0.000081
0.000614	0.000093	0.000091
0.010038	-0.000747	-0.000749
-0.000839	-0.000355	-0.000357
0.000218	0.000859	0.000857
0.000497	0.000968	0.000965
-0.000629	-0.000732	-0.000735
-0.000811	0.000962	0.000958
-0.001468	0.001683	0.001680
0.000691	-0.000525	-0.000526
-0.001692	-0.001828	-0.001830
-0.000644	0.000016	0.000012
-0.011729	0.004302	0.004300
0.001315	0.000386	0.000376
-0.000065	0.001764	0.001762
0.000103	-0.000427	-0.000432
0.002119	0.000508	0.000506
-0.000685	-0.001515	-0.001519
-0.000829	-0.000560	-0.000575
0.002039	-0.000150	-0.000152
0.000089	0.000142	0.000138
0.001835	-0.000604	-0.000606
0.003171	-0.002451	-0.002453
-0.003379	-0.001362	-0.001363
-0.014973	0.006071	0.006069
-0.000145	-0.000431	-0.000442
0.005496	-0.001578	-0.001590
-0.000626	-0.000502	-0.000503
0.004796	0.000162	0.000160
0.001362	-0.000118	-0.000119
-0.000006	-0.000542	-0.000544
0.005689	0.001933	0.001923
-0.000424	-0.000982	-0.001000
0.005005	-0.001531	-0.001542
-0.002474	0.000019	0.000006
0.001190	-0.001714	-0.001715
0.001894	0.000458	0.000454
-0.001056	-0.001357	-0.001363
-0.010642	-0.014342	-0.014358
0.004723	0.004077	0.004074
-0.002727	0.001491	0.001489
-0.000189	0.001506	0.001505
-0.003406	-0.000416	-0.000421
-0.000681	0.000595	0.000593
0.002767	0.001271	0.001269
0.000041	-0.000186	-0.000193
-0.000281	-0.006947	-0.006949
0.003632	0.002285	0.002271
0.000935	0.001408	0.001405
-0.001891	0.001345	0.001341
0.071342	0.025298	0.025283
-0.030320	-0.030481	-0.030484
0.000292	0.000307	0.000302
0.000918	0.000756	0.000755
0.003506	0.010828	0.010811
0.000926	-0.002023	-0.002024
-0.000416	-0.000682	-0.000684
0.000215	0.000722	0.000718
-0.000280	-0.000041	-0.000043
0.001033	0.000929	0.000928
0.006504	0.003462	0.003458
0.000558	0.001494	0.001492
-0.000097	-0.000263	-0.000268
0.001037	0.000076	0.000072
0.001873	0.003870	0.003869
-0.000015	-0.000378	-0.000385
0.003516	-0.000059	-0.000060
-0.000055	0.000705	0.000699
0.001108	0.000150	0.000148
0.010017	0.003185	0.003183
0.016203	0.009327	0.009312
-0.029500	-0.007107	-0.007108
0.000324	0.000251	0.000249
-0.000537	-0.000269	-0.000287
0.000548	0.000673	0.000659
-0.000185	-0.000683	-0.000684
-0.002844	-0.003454	-0.003471
-0.001565	0.000089	0.000087
-0.000001	0.000046	0.000044
0.004950	-0.000582	-0.000586
0.002870	-0.000637	-0.000639
0.003691	-0.002188	-0.002189
0.005165	0.001255	0.001245
0.005613	-0.000654	-0.000655
-0.002650	0.001671	0.001669
-0.003152	-0.004999	-0.005001
-0.000204	0.000244	0.000241
-0.000867	-0.000772	-0.000775
0.001064	-0.001092	-0.001109
-0.000487	0.001039	0.001033
-0.001036	0.001167	0.001163
0.003749	-0.009312	-0.009313
0.000569	-0.000403	-0.000404
-0.011015	0.007112	0.007110
0.000560	0.000240	0.000238
0.038939	0.005642	0.005640
0.005053	-0.004118	-0.004120
0.000851	-0.000296	-0.000309
-0.000195	0.000029	0.000021
0.000640	0.000998	0.000995
0.000315	-0.000492	-0.000496
0.000960	0.000195	0.000192
0.003524	0.004467	0.004461
-0.004361	0.002968	0.002957
0.000043	0.000171	0.000169
-0.012828	-0.003164	-0.003165
-0.001059	0.001726	0.001719
-0.001338	-0.000348	-0.000351
0.002810	0.002977	0.002974
0.000095	-0.000283	-0.000289
-0.000100	0.000473	0.000470
0.003358	-0.000361	-0.000363
-0.016024	-0.008409	-0.008427
0.000864	-0.000179	-0.000181
0.025048	-0.014480	-0.014482
0.010680	0.000508	0.000506
-0.000055	0.000089	0.000088
-0.000349	-0.000198	-0.000199
0.052178	0.003379	0.003378
0.000770	0.001046	0.001044
0.000370	0.000415	0.000414
-0.000312	-0.000187	-0.000190
-0.001631	-0.005773	-0.005776
0.000528	-0.000580	-0.000581
-0.000291	0.000271	0.000268
0.001593	-0.003264	-0.003265
-84.000018	83.999499	-0.000499
-83.999342	83.999970	-0.000029
-84.001636	83.999039	-0.000962
-83.999652	83.998682	-0.001315
-83.996478	84.001080	0.001087
-84.001209	84.001434	0.001436
-83.993973	84.004341	0.004343
-84.001910	84.001091	0.001092
-83.986171	83.992047	-0.007978
-83.998192	84.001071	0.001076
-83.997904	84.001532	0.001534
-83.997509	84.001126	0.001124
-84.001670	84.002047	0.002059
-84.002110	84.002413	0.002418
-84.000655	83.999965	-0.000034
-83.998864	83.997332	-0.002666
-83.998229	84.001038	0.001039
-84.000090	83.999334	-0.000665
-83.999174	83.999884	-0.000112
-83.998034	84.000051	0.000039
-83.999253	84.000414	0.000423
-83.992315	84.004133	0.004149
-83.999368	83.999069	-0.000927
-84.001152	83.999204	-0.000795
-84.007214	84.001471	0.001473
-84.001050	83.999992	-0.000007
-84.000570	84.001613	0.001614
-83.996720	83.996408	-0.003586
-84.001787	84.001037	0.001039
-84.002556	83.997783	-0.002216
-84.000690	84.001193	0.001196
-83.998214	83.999558	-0.000439
-84.001168	83.999171	-0.000826
-83.999324	83.999695	-0.000287
-84.010514	84.009266	0.009267
-83.999760	84.000098	0.000100
-83.998223	84.000936	0.000953
-84.001673	84.000984	0.000987
-84.002967	83.999996	0.000001
-84.001833	83.998349	-0.001651
-83.999461	84.000531	0.000534
-84.000223	83.999968	-0.000029
-83.999065	83.999538	-0.000461
-84.086171	84.083389	0.083388
-84.007721	83.998533	-0.001465
-83.999786	84.003307	0.003308
-83.971752	84.035126	0.035142
-84.000957	84.000461	0.000463
-84.003421	83.998615	-0.001381
-83.991098	83.996547	-0.003456
-83.999901	84.000654	0.000657
-84.005062	83.997572	-0.002430
-83.999035	84.001371	0.001373
-83.999941	84.000460	0.000463
-83.998226	83.999840	-0.000154
-84.000105	83.999892	-0.000105
-84.000337	84.000469	0.000471
-83.998431	84.000523	0.000531
-83.998580	83.997620	-0.002379
-84.001296	84.002728	0.002731
-84.000328	83.999603	-0.000390
-83.997888	83.999456	-0.000544
-83.999640	83.998865	-0.001133
-84.001173	83.999031	-0.000966
-83.998438	84.000890	0.000638
-83.997938	83.999069	-0.000913
-84.001043	83.999728	-0.000270
-84.000430	83.999792	-0.000206
-84.000215	83.999417	-0.000580
-84.000144	84.001015	0.001029
-84.000264	84.000049	0.000050
-102.637319	102.421205	-1.108625
-83.994305	83.997110	-0.002873
-83.999894	83.999688	-0.000310
-83.999648	84.000082	0.000085
-84.000929	84.000380	0.000383
-83.999654	83.999985	-0.000011
-84.000179	83.999274	-0.000713
-84.004004	84.000084	0.000082
-84.004863	83.999956	-0.000053
-84.001589	83.999925	-0.000065
-83.998630	84.000673	0.000680
-84.003701	83.996336	-0.003650
-84.005816	83.998437	-0.001566
-84.001515	84.000770	0.000770
-83.998841	84.002332	0.002337
-84.251880	83.963419	-0.036585
-103.596251	93.643512	-53.789632
-84.000745	83.999930	-0.000067
-84.023230	84.008552	0.008556
-84.001744	83.999698	-0.000300
-84.000771	84.000247	0.000249
-84.000188	83.999984	-0.000009
-83.999650	83.999944	-0.000059
-84.004137	83.952471	-0.047599
-83.989636	83.997667	-0.008693
-83.999042	84.002094	0.002104
-84.003045	84.002534	0.002534
-84.000449	83.999576	-0.000411
-83.999445	83.998847	-0.001150
-83.998855	83.999339	-0.000659
-84.001457	83.998502	-0.001495
-83.999337	83.998076	-0.001930
-84.002437	83.996369	-0.003623
-84.001138	84.000080	0.000080
-83.999520	83.998544	-0.001437
-84.002343	83.998218	-0.001781
-83.997232	83.999589	-0.000407
-83.999692	83.999790	-0.000202
-84.001637	83.999656	-0.000342
-83.999717	83.996411	-0.003575
-84.012201	84.001832	0.001788
-84.001219	83.999297	-0.000702
-84.001894	83.997539	-0.002460
-84.001946	83.998674	-0.001368
-84.002913	83.996916	-0.003073
-84.003159	83.998469	-0.001526
-83.999029	84.000400	0.000418
-84.003319	84.000174	0.000178
-83.992485	84.001835	0.001834
-83.999370	84.000988	0.000989
-84.000683	83.999488	-0.000508
-83.999815	83.999814	-0.000178
-83.998068	84.003296	0.003305
-84.004124	83.998428	-0.001567
-83.999427	84.000830	0.000839
-84.001057	83.999654	-0.000346
-84.000617	84.000608	0.000618
-83.999324	83.999866	-0.000150
-83.997059	83.999091	-0.000905
-84.000849	84.001038	0.001039
-84.006230	84.012004	0.011842
-83.998312	84.001524	0.001523
-83.997875	84.000586	0.000590
-84.003803	83.999578	-0.000420
-83.997647	83.991305	-0.008694
-84.000337	83.999678	-0.000321
-83.999376	84.000147	0.000153
-83.999230	83.999490	-0.000496
-83.999952	84.000840	0.000842
-83.999799	83.999736	-0.000258
-83.994312	83.998885	-0.001114
-83.995328	84.002424	0.002428
-83.998876	84.000244	0.000254
-84.003593	83.999144	-0.000857
-84.000095	83.999060	-0.000938
-83.997346	83.999351	-0.000643
-83.999707	84.000430	0.000437
-84.000873	83.999064	-0.000936
-83.998477	84.001220	0.001221
-83.996556	84.000752	0.000753
-83.999844	84.000014	0.000014
-84.000677	84.000243	0.000247
-84.000196	84.000333	0.000334
-83.998727	84.000619	0.000621
-83.998386	83.998985	-0.001014
-84.000121	83.998732	-0.001265
-83.749235	84.036636	0.035926
-83.999138	83.999351	-0.000646
-84.000982	84.000196	0.000197
-83.998562	83.999275	-0.000717
-84.000278	84.000347	0.000353
-84.000236	83.997755	-0.002245
-84.000721	83.999400	-0.000616
-84.000134	83.999742	-0.000256
-84.002918	84.000052	0.000052
-84.000040	84.000410	0.000410
-83.998536	83.998775	-0.001221
-84.000038	83.999290	-0.000704
-83.999725	83.998961	-0.001054
-83.999400	84.000014	0.000018
-84.000465	84.001248	0.001251
-84.001295	84.001517	0.001518
-84.002808	84.000425	0.000427
-84.001536	83.998346	-0.001649
-84.006769	84.008294	0.008286
-84.001264	84.000058	0.000059
-84.002960	83.998690	-0.001310
-83.997729	83.987503	-0.012609
-83.999196	84.000356	0.000360
-84.001248	84.000778	0.000788
-84.000191	83.999585	-0.000414
-83.998935	84.001073	0.001077
-83.998227	83.999945	-0.000062
-84.000168	84.000564	0.000566
-83.993539	83.993649	-0.006360
-84.000522	84.000091	0.000094
-84.001345	84.000163	0.000164
-84.000213	83.999461	-0.000534
-84.002602	84.003666	0.003669
-83.996524	84.001940	0.001953
-84.000994	83.997994	-0.001993
-84.000374	84.003622	0.003624
-83.999140	84.005761	0.005756
-83.999906	83.999802	-0.000188
-84.002276	83.996237	-0.003760
-83.919970	83.917876	-0.082424
-83.997153	84.005591	0.005591
-83.999926	84.006417	0.006430
-83.999778	83.999838	-0.000160
-83.998467	83.996996	-0.003000
-84.000140	84.000468	0.000473
-84.004459	84.003003	0.003013
-83.998212	84.001437	0.001439
