-0.026278	0.014180	0.014178
0.000089	-0.000528	-0.000532
0.001087	0.000013	0.000012
0.000873	0.000292	0.000290
-0.000084	0.000304	0.000302
-0.006106	0.000611	0.000599
0.000150	0.000722	0.000720
0.000502	-0.000064	-0.000065
-0.000678	0.001424	0.001422
0.000271	-0.000648	-0.000650
0.000700	-0.000148	-0.000150
0.000760	0.001270	0.001264
-0.004609	-0.001310	-0.001312
0.011072	0.007682	0.007681
0.000494	0.000452	0.000448
0.000983	0.000504	0.000501
-0.000660	-0.001286	-0.001287
-0.003269	0.001659	0.001641
-0.001426	0.000566	0.000558
-0.006957	0.000541	0.000538
-0.000141	-0.000097	-0.000101
0.035906	0.032592	0.032589
0.000490	0.001129	0.001125
-0.000262	0.000455	0.000453
-0.000717	0.001249	0.001246
0.020563	-0.004750	-0.004752
0.000369	0.000459	0.000456
-0.001111	0.002132	0.002114
-0.013259	-0.001349	-0.001352
-0.000653	-0.000375	-0.000382
-0.000023	-0.005615	-0.005619
-0.074031	-0.026403	-0.026419
-0.000220	-0.000922	-0.000923
-0.006588	0.000323	0.000313
0.000514	-0.001066	-0.001080
-0.002354	-0.001397	-0.001398
0.000206	-0.000227	-0.000230
0.000213	0.001019	0.001017
0.000436	-0.000127	-0.000135
-0.000084	0.000033	0.000028
-0.002008	-0.001286	-0.001289
0.000201	-0.000456	-0.000459
0.000558	0.000596	0.000594
0.002301	-0.000063	-0.000065
-0.049671	-0.003133	-0.003134
0.000302	-0.000068	-0.000075
0.001911	-0.000278	-0.000281
-0.000221	-0.000130	-0.000135
-0.005791	0.004646	0.004642
0.001518	-0.000904	-0.000915
-0.000424	-0.000304	-0.000323
-0.003491	-0.004893	-0.004900
-0.008065	-0.005542	-0.005547
-0.000254	-0.000623	-0.000632
0.004755	-0.000271	-0.000272
-0.000414	0.000003	0.000001
0.009351	0.001209	0.001208
-0.000331	0.000028	0.000024
-0.000482	-0.000499	-0.000500
0.001964	0.000087	0.000078
-0.001339	-0.000708	-0.000710
-0.004607	0.004319	0.004305
-0.000112	0.000863	0.000859
0.001316	0.000273	0.000272
-0.001109	0.000159	0.000156
-0.000912	0.000462	0.000460
0.000848	0.000815	0.000812
0.000095	-0.000513	-0.000521
0.002615	-0.000925	-0.000927
-0.000235	-0.000892	-0.000895
-0.000739	-0.000880	-0.000890
-0.007214	0.003298	0.003297
0.000186	-0.000283	-0.000292
0.001308	0.000063	0.000059
0.001472	0.000479	0.000474
-0.001586	-0.002461	-0.002462
-0.000421	0.000273	0.000266
-0.000789	0.000297	0.000294
0.000302	0.000088	0.000082
0.000619	0.000094	0.000092
0.010123	-0.000754	-0.000756
-0.000846	-0.000358	-0.000360
0.000219	0.000866	0.000864
0.000501	0.000976	0.000973
-0.000634	-0.000738	-0.000741
-0.000818	0.000970	0.000966
-0.001480	0.001697	0.001694
0.000697	-0.000529	-0.000531
-0.001706	-0.001844	-0.001846
-0.000650	0.000016	0.000012
-0.011829	0.004338	0.004336
0.001326	0.000389	0.000380
-0.000066	0.001779	0.001777
0.000104	-0.000431	-0.000435
0.002137	0.000512	0.000511
-0.000691	-0.001528	-0.001532
-0.000836	-0.000565	-0.000580
0.002056	-0.000151	-0.000153
0.000090	0.000143	0.000139
0.001850	-0.000610	-0.000611
0.003198	-0.002471	-0.002473
-0.003408	-0.001374	-0.001375
-0.015100	0.006122	0.006121
-0.000146	-0.000434	-0.000446
0.005543	-0.001591	-0.001604
-0.000632	-0.000506	-0.000508
0.004836	0.000163	0.000162
0.001373	-0.000119	-0.000120
-0.000006	-0.000547	-0.000548
0.005737	0.001949	0.001939
-0.000427	-0.000990	-0.001009
0.005047	-0.001544	-0.001555
-0.002495	0.000020	0.000006
0.001200	-0.001728	-0.001729
0.001910	0.000462	0.000458
-0.001065	-0.001368	-0.001375
-0.010733	-0.014464	-0.014479
0.004763	0.004111	0.004108
-0.002750	0.001503	0.001501
-0.000190	0.001519	0.001518
-0.003435	-0.000420	-0.000424
-0.000687	0.000600	0.000598
0.002790	0.001281	0.001280
0.000042	-0.000187	-0.000195
-0.000284	-0.007005	-0.007008
0.003663	0.002304	0.002290
0.000943	0.001420	0.001417
-0.001907	0.001356	0.001353
0.071954	0.025515	0.025500
-0.030579	-0.030742	-0.030744
0.000294	0.000310	0.000305
0.000926	0.000763	0.000761
0.003536	0.010920	0.010903
0.000934	-0.002040	-0.002041
-0.000419	-0.000688	-0.000690
0.000217	0.000728	0.000724
-0.000283	-0.000041	-0.000043
0.001042	0.000937	0.000935
0.006559	0.003491	0.003487
0.000563	0.001507	0.001505
-0.000097	-0.000266	-0.000270
0.001046	0.000076	0.000073
0.001889	0.003903	0.003902
-0.000015	-0.000381	-0.000388
0.003545	-0.000059	-0.000061
-0.000055	0.000711	0.000705
0.001117	0.000152	0.000149
0.010102	0.003212	0.003210
0.016341	0.009406	0.009391
-0.029751	-0.007167	-0.007169
0.000327	0.000253	0.000251
-0.000542	-0.000271	-0.000289
0.000553	0.000679	0.000664
-0.000187	-0.000688	-0.000690
-0.002868	-0.003483	-0.003501
-0.001578	0.000090	0.000087
-0.000001	0.000046	0.000045
0.004992	-0.000587	-0.000591
0.002894	-0.000643	-0.000644
0.003722	-0.002206	-0.002208
0.005209	0.001266	0.001255
0.005660	-0.000660	-0.000661
-0.002673	0.001685	0.001683
-0.003179	-0.005041	-0.005043
-0.000206	0.000246	0.000243
-0.000874	-0.000779	-0.000782
0.001073	-0.001101	-0.001118
-0.000491	0.001047	0.001042
-0.001044	0.001177	0.001173
0.003781	-0.009391	-0.009392
0.000574	-0.000406	-0.000407
-0.011109	0.007172	0.007170
0.000565	0.000242	0.000240
0.039270	0.005690	0.005688
0.005095	-0.004153	-0.004155
0.000859	-0.000298	-0.000311
-0.000196	0.000029	0.000021
0.000645	0.001006	0.001003
0.000318	-0.000497	-0.000501
0.000968	0.000196	0.000194
0.003554	0.004505	0.004499
-0.004398	0.002993	0.002982
0.000043	0.000172	0.000171
-0.012937	-0.003191	-0.003192
-0.001068	0.001741	0.001734
-0.001350	-0.000351	-0.000354
0.002834	0.003002	0.002999
0.000096	-0.000286	-0.000292
-0.000101	0.000477	0.000474
0.003386	-0.000364	-0.000366
-0.016160	-0.008480	-0.008498
0.000871	-0.000181	-0.000182
0.025261	-0.014604	-0.014605
0.010771	0.000512	0.000510
-0.000056	0.000090	0.000088
-0.000352	-0.000200	-0.000201
0.052623	0.003408	0.003406
0.000776	0.001055	0.001053
0.000373	0.000419	0.000418
-0.000314	-0.000189	-0.000191
-0.001645	-0.005822	-0.005825
0.000533	-0.000585	-0.000586
-0.000294	0.000274	0.000270
0.001607	-0.003291	-0.003293
-84.000019	83.999495	-0.000503
-83.999336	83.999969	-0.000030
-84.001650	83.999031	-0.000970
-83.999649	83.998671	-0.001326
-83.996448	84.001090	0.001097
-84.001220	84.001447	0.001448
-83.993922	84.004378	0.004380
-84.001926	84.001100	0.001102
-83.986054	83.991980	-0.008045
-83.998177	84.001080	0.001085
-83.997886	84.001545	0.001547
-83.997488	84.001136	0.001134
-84.001685	84.002064	0.002077
-84.002128	84.002433	0.002438
-84.000661	83.999964	-0.000034
-83.998854	83.997309	-0.002689
-83.998214	84.001047	0.001048
-84.000091	83.999328	-0.000671
-83.999167	83.999883	-0.000113
-83.998017	84.000052	0.000039
-83.999247	84.000417	0.000426
-83.992250	84.004168	0.004185
-83.999363	83.999061	-0.000935
-84.001162	83.999197	-0.000802
-84.007275	84.001483	0.001486
-84.001059	83.999992	-0.000007
-84.000575	84.001627	0.001628
-83.996692	83.996378	-0.003617
-84.001802	84.001045	0.001048
-84.002578	83.997764	-0.002235
-84.000696	84.001203	0.001206
-83.998199	83.999554	-0.000443
-84.001178	83.999164	-0.000833
-83.999318	83.999692	-0.000289
-84.010603	84.009344	0.009346
-83.999758	84.000099	0.000101
-83.998208	84.000944	0.000961
-84.001687	84.000992	0.000996
-84.002992	83.999996	0.000001
-84.001848	83.998335	-0.001665
-83.999457	84.000536	0.000538
-84.000225	83.999968	-0.000029
-83.999057	83.999534	-0.000464
-84.086922	84.084116	0.084115
-84.007786	83.998521	-0.001477
-83.999784	84.003335	0.003336
-83.971512	84.035427	0.035443
-84.000965	84.000465	0.000466
-84.003450	83.998604	-0.001392
-83.991022	83.996517	-0.003485
-83.999900	84.000659	0.000662
-84.005105	83.997551	-0.002451
-83.999027	84.001383	0.001384
-83.999941	84.000463	0.000467
-83.998211	83.999838	-0.000156
-84.000106	83.999892	-0.000106
-84.000339	84.000473	0.000475
-83.998418	84.000528	0.000536
-83.998568	83.997600	-0.002399
-84.001307	84.002751	0.002755
-84.000331	83.999599	-0.000394
-83.997870	83.999451	-0.000548
-83.999637	83.998855	-0.001142
-84.001183	83.999023	-0.000974
-83.998424	84.000899	0.000642
-83.997921	83.999061	-0.000921
-84.001052	83.999726	-0.000273
-84.000434	83.999790	-0.000208
-84.000217	83.999412	-0.000585
-84.000146	84.001024	0.001038
-84.000266	84.000049	0.000050
-102.637463	102.421172	-1.108519
-83.994257	83.997086	-0.002898
-83.999893	83.999686	-0.000312
-83.999645	84.000083	0.000086
-84.000937	84.000383	0.000387
-83.999651	83.999985	-0.000011
-84.000181	83.999268	-0.000719
-84.004038	84.000085	0.000082
-84.004904	83.999956	-0.000054
-84.001602	83.999925	-0.000066
-83.998618	84.000679	0.000686
-84.003733	83.996305	-0.003681
-84.005866	83.998423	-0.001579
-84.001528	84.000776	0.000777
-83.998831	84.002352	0.002357
-84.254163	83.963088	-0.036916
-103.596270	93.643511	-53.789578
-84.000751	83.999930	-0.000068
-84.023427	84.008625	0.008628
-84.001758	83.999695	-0.000302
-84.000777	84.000250	0.000251
-84.000190	83.999984	-0.000009
-83.999647	83.999943	-0.000059
-84.004172	83.952066	-0.048006
-83.989527	83.997701	-0.008836
-83.999034	84.002112	0.002122
-84.003071	84.002555	0.002556
-84.000453	83.999573	-0.000415
-83.999440	83.998837	-0.001160
-83.998846	83.999334	-0.000665
-84.001470	83.998490	-0.001507
-83.999332	83.998059	-0.001946
-84.002457	83.996338	-0.003654
-84.001147	84.000080	0.000081
-83.999516	83.998532	-0.001449
-84.002363	83.998203	-0.001796
-83.997209	83.999586	-0.000411
-83.999690	83.999788	-0.000204
-84.001651	83.999653	-0.000345
-83.999714	83.996380	-0.003605
-84.012305	84.001847	0.001803
-84.001229	83.999291	-0.000708
-84.001910	83.997518	-0.002481
-84.001962	83.998663	-0.001380
-84.002938	83.996890	-0.003099
-84.003186	83.998456	-0.001539
-83.999021	84.000403	0.000422
-84.003347	84.000176	0.000180
-83.992422	84.001851	0.001849
-83.999365	84.000997	0.000997
-84.000689	83.999484	-0.000513
-83.999814	83.999812	-0.000180
-83.998052	84.003324	0.003333
-84.004159	83.998414	-0.001581
-83.999422	84.000837	0.000846
-84.001066	83.999651	-0.000349
-84.000622	84.000613	0.000623
-83.999319	83.999865	-0.000152
-83.997034	83.999083	-0.000913
-84.000856	84.001046	0.001048
-84.006284	84.012106	0.011941
-83.998297	84.001537	0.001536
-83.997857	84.000591	0.000595
-84.003836	83.999574	-0.000423
-83.997627	83.991231	-0.008767
-84.000340	83.999675	-0.000324
-83.999371	84.000148	0.000154
-83.999224	83.999486	-0.000500
-83.999952	84.000847	0.000849
-83.999797	83.999734	-0.000260
-83.994264	83.998875	-0.001123
-83.995288	84.002444	0.002449
-83.998866	84.000246	0.000256
-84.003623	83.999137	-0.000864
-84.000096	83.999052	-0.000946
-83.997323	83.999346	-0.000649
-83.999705	84.000434	0.000440
-84.000880	83.999056	-0.000944
-83.998464	84.001230	0.001232
-83.996527	84.000758	0.000759
-83.999843	84.000014	0.000015
-84.000683	84.000245	0.000249
-84.000198	84.000336	0.000337
-83.998716	84.000624	0.000626
-83.998373	83.998977	-0.001022
-84.000122	83.998721	-0.001276
-83.746961	84.036969	0.036252
-83.999131	83.999346	-0.000651
-84.000990	84.000197	0.000198
-83.998550	83.999269	-0.000723
-84.000280	84.000349	0.000356
-84.000238	83.997735	-0.002264
-84.000727	83.999395	-0.000622
-84.000135	83.999740	-0.000258
-84.002943	84.000052	0.000052
-84.000040	84.000413	0.000413
-83.998524	83.998764	-0.001232
-84.000039	83.999284	-0.000710
-83.999722	83.998953	-0.001063
-83.999395	84.000014	0.000018
-84.000469	84.001258	0.001262
-84.001306	84.001530	0.001531
-84.002832	84.000428	0.000431
-84.001549	83.998332	-0.001663
-84.006826	84.008364	0.008356
-84.001274	84.000058	0.000060
-84.002985	83.998679	-0.001321
-83.997711	83.987398	-0.012716
-83.999189	84.000359	0.000363
-84.001259	84.000784	0.000795
-84.000193	83.999581	-0.000418
-83.998926	84.001082	0.001086
-83.998212	83.999945	-0.000063
-84.000169	84.000569	0.000571
-83.993484	83.993595	-0.006414
-84.000526	84.000092	0.000095
-84.001357	84.000164	0.000165
-84.000215	83.999456	-0.000538
-84.002624	84.003697	0.003700
-83.996495	84.001956	0.001970
-84.001002	83.997977	-0.002010
-84.000377	84.003653	0.003654
-83.999133	84.005809	0.005805
-83.999905	83.999800	-0.000189
-84.002296	83.996205	-0.003792
-83.919271	83.917160	-0.083143
-83.997129	84.005638	0.005638
-83.999926	84.006471	0.006484
-83.999776	83.999837	-0.000162
-83.998454	83.996971	-0.003025
-84.000141	84.000472	0.000477
-84.004497	84.003028	0.003039
-83.998197	84.001449	0.001451
