-303700.359097	-535270.374549	-535270.398472
-121764.545887	554766.054012	554766.021784
117715.444119	56930.021443	56929.945016
111163.637250	-462642.467611	-462642.521928
177963.280950	-532655.268567	-532655.325205
-203198.838075	287230.579034	287230.544603
431486.192194	-370575.338620	-370575.478964
542214.564180	166676.710490	166676.397832
500678.434329	314632.270240	314632.066289
-134235.472716	595096.615061	595096.584799
123585.106770	-570478.771901	-570478.819957
275444.964471	-17655.058512	-17655.178554
135015.198712	304110.598381	304110.528747
239320.384441	-35286.050441	-35286.157651
605646.138852	-126759.334848	-126759.755735
-534668.119479	-246344.956893	-246344.976780
-482056.829790	322440.100702	322440.079624
313935.660963	130082.737668	130082.605834
103015.154951	-544098.954960	-544099.002905
229340.653438	183416.415143	183416.316624
521465.297361	313912.734568	313912.513293
-257649.966563	554115.974198	554115.948425
616647.047949	27270.243042	27269.742606
-98305.810349	582267.100790	582267.068201
-244430.234231	-258789.965958	-258789.998063
-139617.888681	-329332.565816	-329332.603212
296836.455116	-336445.549108	-336445.649148
513571.438747	7105.127866	7104.833523
-122072.185171	-140573.218410	-140573.261219
-501172.662924	129937.710808	129937.689077
-130314.302362	434431.675574	434431.640034
-346685.642154	484744.462849	484744.439169
171780.119226	135908.833411	135908.747230
-248028.939813	532200.300675	532200.273994
-199152.739276	76796.468340	76796.430972
-113649.976753	360155.421985	360155.383067
31385.406398	515520.935233	515520.890803
-60625.100514	376232.852565	376232.809944
-289569.656109	-458168.806348	-458168.832419
-462787.882673	-108094.701686	-108094.724825
-145901.408998	450354.099688	450354.065606
31146.670828	443596.695361	443596.647257
-175195.822968	190509.564787	190509.526777
-171913.752794	-9966.540906	-9966.580537
-14564.160714	-472922.443916	-472922.485651
70366.510005	614530.681470	614530.639238
-267456.289050	-357752.679718	-357752.708805
502212.421575	35825.908933	35825.628911
568563.083688	-27555.803524	-27556.182770
26738.646672	-528538.702493	-528538.744789
407031.879083	123987.674539	123987.491362
-160779.632317	595574.382170	595574.353213
403181.483629	-462751.389139	-462751.497457
-11449.398161	204139.849746	204139.796589
-24331.671453	-208836.806992	-208836.858090
352636.496632	-384376.626786	-384376.735454
265734.734951	-137337.170361	-137337.281758
172617.368040	538135.946708	538135.889368
580819.804455	31164.616852	31164.206001
-456480.655676	415571.720233	415571.699333
-377772.481083	2905.395570	2905.368573
98738.837412	-591929.530155	-591929.574610
262833.916644	-557297.286918	-557297.351948
-422518.311764	-126017.241666	-126017.266312
28727.631514	35563.913932	35563.852536
-335090.428275	213356.127042	213356.098987
476975.778318	350272.673738	350272.498807
-472494.049839	-380167.992806	-380168.013384
400439.488874	-256794.778307	-256794.930497
270369.234142	-61816.179970	-61816.296975
601259.586028	27443.423611	27442.964861
-33153.459894	-571543.439637	-571543.475642
-286369.539165	-490811.699928	-490811.725455
-488638.718634	-370725.188755	-370725.208937
51598.686427	-230713.211446	-230713.271241
-406045.681650	409098.084002	409098.061319
513444.323940	-92878.683664	-92878.964045
437511.788637	242714.490580	242714.308444
381689.806190	-230279.165072	-230279.312915
-352170.867554	-459447.799125	-459447.822687
414501.644853	383820.313745	383820.179453
503163.903703	312671.382314	312671.175228
-12297.238635	-596884.048202	-596884.084390
8248.039391	107626.457238	107626.399476
-476429.749246	-79663.074632	-79663.097362
43236.092058	-616618.461474	-616618.500324
-440697.347544	26881.706709	26881.682460
445687.998039	326420.451096	326420.286850
466169.584492	314824.526990	314824.346990
-129393.836830	550205.365914	550205.333960
-582045.430917	-85097.528332	-85097.547559
-12140.616266	-608664.039178	-608664.074837
-240758.585644	-480891.872798	-480891.900523
530110.850111	-159286.704450	-159286.986546
476822.463763	-373632.713565	-373632.874710
77508.256806	-166562.192489	-166562.258567
617823.714247	-17351.519169	-17352.015237
22114.379459	417265.318608	417265.270090
-599084.228396	2464.754214	2464.735367
-499593.389692	-113715.931120	-113715.952898
-609659.119843	21596.430784	21596.412239
-475096.410185	20643.405901	20643.382989
-445640.199021	-2321.735725	-2321.759777
-598684.754761	-154436.848687	-154436.867211
267409.331179	-476721.159192	-476721.234417
-248524.094413	-11187.532283	-11187.566407
132968.758701	-442017.895983	-442017.954399
-297333.298738	241591.899099	241591.869441
78839.668543	513909.956135	513909.907266
-76341.515058	-90883.242059	-90883.289883
-543139.678723	-27513.652262	-27513.672791
186565.887358	520360.559232	520360.498652
-399780.469153	424007.063629	424007.040932
-155628.436480	95378.410940	95378.370313
558905.762754	265478.873010	265478.587208
19609.256875	928.153446	928.093305
-317326.138102	-482116.591417	-482116.615885
476439.461621	-81127.730264	-81127.971672
-457542.658102	-138752.254630	-138752.277823
-526612.231516	-214121.345723	-214121.366078
-108683.135384	-512584.779275	-512584.812968
305853.226375	-533728.061595	-533728.136111
-335135.473843	516981.666608	516981.643079
-493728.269949	-262388.838435	-262388.859496
-279445.211182	312771.750069	312771.720488
-189031.129544	-567733.939684	-567733.967509
83547.608089	-494476.325541	-494476.374827
155389.029091	-575779.695981	-575779.746685
487609.973131	320833.405544	320833.213327
4220.443447	469510.336561	469510.292208
68695.552923	-15080.605658	-15080.673332
76496.077696	498261.378559	498261.328981
568459.641356	-243517.353714	-243517.646973
-589040.770708	27744.119156	27744.100022
-278709.521603	377826.312253	377826.283755
-71987.770863	-592230.168405	-592230.201266
388478.544646	-51067.635420	-51067.809650
-121211.526415	591489.635878	591489.604831
393013.997131	-263772.499093	-263772.646203
497764.317157	-325353.002374	-325353.192759
510453.282394	-191342.466648	-191342.715751
484095.511188	33493.528096	33493.269649
-444843.726548	203894.876511	203894.853126
-59525.836405	-615563.502483	-615563.535113
-283136.044397	-288868.334802	-288868.364291
-351382.083287	-491995.637096	-491995.660115
-412022.402769	-33499.612230	-33499.637648
-376898.186408	-441778.229162	-441778.252115
356847.647016	184057.096607	184056.950307
-163548.039395	-529462.410222	-529462.440373
-19702.538487	4391.877367	4391.822470
359436.870770	446398.681658	446398.578777
-399073.717264	419924.431296	419924.408511
613974.172068	2106.611823	2106.122366
-305710.859563	30395.149315	30395.118637
540894.394369	-50773.363655	-50773.690834
-111743.605199	184787.490346	184787.447074
617973.482346	23327.800700	23327.296660
218720.300048	259659.065049	259658.975122
593378.358552	172560.646045	172560.243708
3028.789696	-175405.995021	-175406.050280
-321030.026345	-93479.897914	-93479.927480
274197.605126	-486172.003837	-486172.079090
207555.153526	-164077.127650	-164077.220308
-258039.136894	-508140.535739	-508140.562067
436753.069461	425343.451444	425343.318414
281255.685818	549410.832102	549410.760752
402507.494380	264439.682109	264439.525934
-379403.915461	45095.453181	45095.426290
-227382.402699	-288680.737200	-288680.769788
-331576.433145	506341.301994	506341.278136
569627.689559	240781.611515	240781.295667
-610270.866291	35341.624374	35341.605853
-411816.910749	385057.080461	385057.057667
38283.502405	-222765.597844	-222765.656134
181498.287731	426336.602577	426336.534575
-15171.653904	606762.151201	606762.114614
-310436.952471	46466.922087	46466.891699
374696.199837	-165692.838285	-165692.992649
352678.830048	-381760.567091	-381760.676318
248635.594475	-271088.719087	-271088.813882
-263390.977310	285862.382112	285862.351243
-347053.401550	247526.510901	247526.483775
481875.104465	184424.513844	184424.280153
415532.309095	-444331.079506	-444331.195729
-78816.186111	-578656.861742	-578656.894743
-522590.124190	-139083.988345	-139084.009239
356010.369061	-89028.790200	-89028.942999
-29512.541875	-347866.311024	-347866.356819
261760.173773	131215.817651	131215.705817
-356335.747711	491091.737817	491091.714603
-428172.411295	300693.482213	300693.459038
-409661.750510	-179057.718628	-179057.743466
584497.279277	99410.842053	99410.429146
-352199.284907	403408.734073	403408.709267
594057.506503	-153100.210420	-153100.593271
-554314.630404	-230700.371174	-230700.390577
143679.146574	332743.633429	332743.564256
608546.549471	-56504.647951	-56505.107582
-318522.624938	-90697.932810	-90697.962540
-455011.401818	137943.410076	137943.386696
-441147.684528	-7931.968584	-7931.992817
-179244.705828	288975.427264	288975.391282
50562.941893	423015.595591	423015.544425
833321.335932	309394.685668	102746.710637
2016694.415128	10723.626211	-195924.754122
1952571.347905	56136.889129	-150511.489104
1020179.874187	575411.168528	368762.898215
1691100.005349	42781.809513	-163866.556220
1453894.538963	760243.738485	553595.375642
1308417.482803	721829.684558	515181.335741
1234224.577993	752439.887286	545791.543761
866062.133712	423577.766847	216929.668398
2026819.438149	412530.796018	205882.375082
1894279.329380	-42551.161871	-249199.538408
1953600.170219	491646.394751	284998.015035
851099.218932	60922.788091	-145725.778033
1823013.730297	611724.493001	405076.116185
1561816.306033	-400648.011391	-607296.378733
980616.175850	320694.893186	114046.710581
1771027.192157	-135075.898692	-341724.270864
1131651.455777	731766.232843	525117.905532
1828183.498965	287256.739987	80608.366705
1829333.476221	-214065.986324	-420714.362121
1777652.746469	-307980.981209	-514629.356447
951065.619187	-4753.593853	-211401.752932
1821611.449266	-234803.811851	-441452.191305
1406321.129555	565078.594142	358430.245023
1057022.469170	486326.872175	279678.606999
1443795.275105	445743.966608	239095.618779
1232479.468377	479378.108128	272729.791247
1185721.010216	240268.933773	33620.647095
1643304.177673	776661.054459	570012.681111
1761419.121468	95157.973684	-111490.396057
1282950.141718	-360190.534490	-566838.876812
1623920.920295	121575.343492	-85073.017116
1089974.426629	-220679.669285	-427327.957975
968611.983915	577285.922029	370637.672405
1272117.466062	408685.004159	202036.684451
1960011.747285	-130610.413314	-337258.792842
1065889.155389	350200.398850	143552.153745
1029154.025626	22458.817416	-184189.399124
1773037.909431	-285270.495430	-491918.873211
1565794.131016	-346526.640333	-553175.006385
1437370.552001	809038.449675	602390.085252
1559373.410823	811810.754787	605162.383853
960527.282452	-169606.009567	-376254.264335
888679.787176	169047.219773	-37600.817527
1021802.225830	-125072.447946	-331720.690493
1975575.644903	397653.092357	191004.712103
916703.498225	270657.462349	64009.360597
1793670.607807	-13297.528925	-219945.901059
1933121.313825	187843.349789	-18805.027545
1950348.320320	398717.790476	192069.405212
1969021.602485	531929.355197	325280.974112
1737756.168965	-174206.291011	-380854.662717
1048737.582557	-42182.237174	-248830.476731
1498816.412830	821231.496257	614583.127220
1190511.723846	500099.726492	293451.416157
837799.684794	84506.079114	-122143.438751
1500541.882693	-82367.341313	-289015.693737
1698003.216188	-317813.087822	-524461.460258
933398.601169	539461.202846	332812.986094
1978782.539588	-74577.402497	-281225.782521
1906191.223998	-180226.151494	-386874.530096
1816199.461894	-257261.912230	-463910.292366
1671855.447836	-34627.847437	-241276.212951
839772.460859	201827.670370	-4820.263540
1170080.484673	258455.933246	51807.647541
1896261.797101	623327.327705	416678.947923
1250357.717621	-369343.490676	-575991.832044
1836633.800846	152496.189866	-54152.183660
1076499.853685	-73878.834927	-280527.094365
1012163.501672	636329.015722	429680.732961
1866445.387486	467284.230930	260635.854128
1849935.727879	290358.936757	83710.553269
963876.037072	-77636.899946	-284285.093209
1527163.435812	-139033.360680	-345681.717377
1670166.428404	752672.200427	546023.825304
1929639.420650	293430.098953	86781.721083
973599.545550	243591.535245	36943.373189
1689671.909694	-278050.078980	-484698.450722
1659926.726204	520327.608878	313679.241223
1438978.602968	-78818.611503	-285466.957597
1469047.066335	-396081.355371	-602729.717033
1562136.402316	-172879.000549	-379527.361458
1141689.006696	-42672.989332	-249321.270342
1825308.998147	506789.899886	300141.524054
1110951.358706	230754.110252	24105.853766
1112308.559520	-90115.138822	-296763.416413
1569953.411350	-78021.734376	-284670.093573
1805814.565387	-147163.672098	-353812.048338
971699.451114	-141430.143551	-348078.364520
2023705.258267	-2836.237565	-209484.630110
1780172.864456	432942.738053	226294.365363
1522661.853666	-332409.594046	-539057.957824
1489610.995335	801227.646898	594579.275000
875849.797807	224473.061390	17825.037833
1905439.104390	201369.598107	-5278.781056
944222.081767	319117.253053	112469.102496
923353.172854	-30848.199302	-237496.339913
919874.341974	212190.092526	5541.997847
2058840.999640	210232.496140	3584.114643
2002385.729477	366468.103539	159819.721811
1655480.185344	693608.166094	486959.794159
2011558.757871	298265.638347	91617.257632
1005328.546401	-83359.638447	-290007.864151
1125975.460884	15387.019012	-191261.250080
1830717.506412	-121698.560802	-328346.937495
1389321.032526	-280165.822748	-486814.171921
1997973.765539	480122.055188	273473.672785
1374999.228586	-18335.687262	-224984.022242
1943621.708661	81812.313036	-124836.066889
1827827.961514	672031.938515	465383.560189
1570617.429978	802896.843500	596248.451251
1770888.594788	267229.326555	60580.955498
1685483.906940	485769.631204	279121.262080
1811175.072886	-71343.648019	-277992.022253
1861885.361055	126016.055091	-80632.320911
1218778.146751	376110.041644	169461.736357
1045735.465501	666460.585071	459812.285418
1779255.796992	353889.567296	147241.195401
2043919.365462	107221.976389	-99426.404886
1719331.225408	-289881.716496	-496530.093835
1652031.393575	-244228.385404	-450876.754375
1594742.887659	802660.358062	596011.976235
2025485.642672	414530.693466	207881.006682
1801229.690181	-295165.441976	-501813.826122
1960886.562497	285709.027887	79060.645514
1469734.198227	125968.527529	-80679.817901
1386833.776941	-192034.834526	-398683.178829
1610892.947194	32894.496528	-173753.864072
1778043.114115	114277.977676	-92370.396551
1756933.282705	-65871.311002	-272519.682995
1075362.944055	-152133.840641	-358782.113315
1836450.201646	-259560.505335	-466208.896896
1091901.881018	608974.577680	402326.277024
1523979.802699	-353705.301457	-560353.670362
1656523.921814	23501.288417	-183147.077759
972071.644383	596921.109096	390272.846824
1812196.030912	-245441.547069	-452089.965279
1252353.629152	-188108.629396	-394756.953247
1527283.110420	-395327.655004	-601976.023889
967687.913016	-135015.216781	-341663.529681
824052.849679	78563.459133	-142028.014712
1018341.425784	-234736.057501	-441384.616179
1335048.620668	466792.566132	260144.231262
864049.351324	301056.207939	94408.173203
1764076.036960	-320429.099406	-527077.486194
1294896.505641	-30297.983532	-236946.305021
1668609.445640	600995.871169	394347.500962
936440.562747	199804.918677	-6843.203439
1260941.953718	602444.148194	395795.814794
1581499.135909	-396179.368052	-602827.748966
834521.169446	86564.250943	-132067.953180
2030622.121498	304216.843269	97568.450740
924155.836251	229650.898965	23002.787178
1940459.020539	566403.209606	359754.828535
1217628.794276	769707.555553	563059.208317
1420776.895885	251448.535988	44800.196481
1907953.356729	112216.481915	-94431.896479
2016982.887396	138699.298363	-67949.082986
1362001.533717	-405756.672431	-612405.026349
963789.683279	-169640.518061	-376289.955286
1588734.688069	68669.180414	-137979.178732
1654882.817778	228908.300830	22259.937574
1409210.052012	222078.022794	15429.684080
1633684.458989	-62917.472467	-269565.837016
1515701.488950	762646.025643	555997.657179
904292.233012	-77110.780654	-283758.920434
1789575.521941	632539.587819	425891.210140
1169159.212000	-47275.687110	-253923.982582
846032.960649	231817.226138	25169.259684
1745322.083781	614538.508629	407890.133355
1422397.836292	435231.924170	228583.573356
835984.238042	322145.326365	115497.319272
1494881.922350	-128698.085191	-335346.441592
838470.863173	277552.889635	70904.918565
1941944.708764	224084.301693	17435.921714
1330798.002705	811629.456901	604981.099561
1017553.977728	-234059.388797	-440710.730201
1079313.465209	-231113.168740	-437761.473596
1994435.299786	429943.205836	223294.820035
2048737.938156	159804.364947	-46844.018146
1261393.485401	-316762.740187	-523411.077026
1679458.070062	28509.078349	-178139.302827
904710.905047	-26891.638410	-233539.769230
1383915.021326	520304.623011	313656.278079
1888551.248649	629853.902012	423205.466012
1803369.543173	-260950.093583	-467598.520760
1262143.744824	386021.245574	179372.925639
1786748.134070	324902.019483	118253.645538
1831318.307063	92765.060916	-113883.314327
1449380.288805	-341844.177042	-548492.535767
991771.135376	-126664.283652	-333312.524765
1292977.645862	488484.604798	281836.274068
1897562.000609	600213.997988	393565.613715
875364.001642	44164.915074	-162483.161762
855809.662091	389503.957102	182855.891302
2054063.062019	191529.792286	-15118.595762
1266853.727938	245431.119644	38782.808729
937629.745369	-65004.435411	-271652.609064
1574999.480688	450450.735067	243802.374481
1991201.111367	492568.956183	285920.557550
1871210.753855	475042.933975	268394.499476
1343920.440906	-97015.054712	-303663.388532
825905.319103	227315.622063	20667.701277
1650127.540368	-140265.602707	-346913.969208
