238.919605	-12.173184	-11.948878
234.502933	-1.099489	-2.786929
226.810987	14.215386	4.230229
224.621512	-12.206821	-6.898805
861.442663	-204.147067	-207.632403
208.844953	9.455258	3.598798
209.350394	26.422460	15.630141
223.933743	21.676078	29.260621
259.348252	-1.725949	-11.608574
223.622393	-10.981188	-6.752200
233.204611	-19.898828	-28.008171
84.008882	100.113423	-35.876038
251.734159	2.138126	-6.209904
266.126683	127.321614	130.079816
239.248112	0.003553	0.199467
222.047686	10.649339	11.778709
213.239496	7.725653	4.175570
245.485574	40.063818	30.579384
190.170121	37.808014	25.860765
-3980.977380	27490.542349	27490.523136
220.827846	-6.025392	-5.839361
230.415753	12.955370	5.187152
234.666580	16.497755	8.743182
222.783604	37.033410	15.134592
194.124107	34.206942	26.632179
181.381546	-92.984825	-98.892477
393.320221	202.036099	195.472061
256.262672	47.402545	45.772532
247.023007	69.856907	53.543704
422.287151	-59.520449	-80.296831
218.643145	-4.278068	-39.875812
232.926743	-12.751255	-8.626083
48.204789	775.469813	772.910446
254.251882	-34.027716	-34.296077
160.256722	-14.836054	12.737631
234.093581	-5.372303	-9.231326
164.940382	2.479016	7.373611
263.910133	-50.046851	-28.148509
191.678170	10.733084	-55.870071
-66.302409	-73.668565	-77.089047
226.780509	-29.610451	-24.693538
255.160779	25.574699	21.356525
240.840740	-24.950793	-20.925621
199.720483	13.141626	7.692464
249.381755	-52.887221	-59.099491
368.794293	13.499448	9.942935
190.791543	-9.683390	-4.140661
238.515168	-15.540283	-16.417119
224.003141	-18.145783	-14.743531
267.556640	4.478766	-15.059816
274.287125	52.579313	17.750076
204.937829	3.889932	4.519168
187.100995	20.671865	18.997071
245.339662	38.403494	32.462146
200.172129	-51.202446	-54.112335
221.854389	-5.738067	-3.433510
186.866096	12.561119	10.324468
117.695791	-54.831779	112.979800
229.363563	-22.515498	-13.409080
273.528519	0.748202	-14.697889
323.913343	111.871513	185.619891
221.698660	-2.722859	-0.334032
201.451281	-25.504407	-20.132025
249.348792	-16.322776	-19.506522
223.457291	-34.461208	-26.647022
243.077693	51.566631	35.869401
252.902390	20.665953	19.352639
108.966393	166.449883	159.970120
288.179749	-86.254762	251.444251
241.453705	-20.525212	-26.019196
194.364355	-41.881541	-18.115336
220.925873	-113.904901	9.718824
383.284078	-788.889561	-691.320484
226.356948	-26.575608	-22.165736
236.951874	50.454295	38.204459
250.171998	32.898933	-0.590383
225.398331	-27.415621	-24.529910
229.650761	17.548139	4.142318
229.814976	102.126630	71.299713
206.400434	59.209394	46.452830
154.538857	-40.364765	-44.166877
258.905883	40.336089	4.541037
417.960682	230.385792	222.858397
238.626229	-33.731923	-28.395690
318.176455	-77.171935	-100.517051
198.474463	11.550045	4.724955
248.633120	-12.129811	-15.227881
242.785496	-23.993372	-20.883095
224.561294	-33.026011	-27.957732
210.705390	9.150928	3.604661
333.970200	-58.966985	-67.621936
265.642685	17.155523	-4.119674
227.568738	-27.797920	-23.922462
253.262268	31.787076	23.216501
530.560797	-139.022754	-142.023086
177.078830	-7.281099	14.708450
181.640095	13.453402	14.031180
252.422140	3.432337	-6.669663
223.222627	-7.912036	-3.894246
219.571353	11.371849	2.068236
624.719343	-118.338139	-123.975871
202.406400	4.231769	3.911814
360.334346	32.511659	24.960817
164.945326	50.170484	29.334017
217.723904	18.596547	11.369333
216.585638	-19.811893	-40.360451
218.988615	-0.422226	1.204130
241.949063	-22.374197	-24.464617
72.689259	633.728125	528.433350
244.861098	55.340523	58.955209
-1497.040366	-654.576176	1317.554342
542.469003	21.029008	13.822751
217.578072	0.434173	2.533615
313.994056	160.532358	150.177038
209.200802	5.642805	3.392378
178.400486	-34.255095	-45.890245
252.860799	-0.256090	-4.771978
208.177158	42.238625	24.015114
238.258996	-5.845358	-4.103950
208.104351	30.762965	13.427241
202.686748	91.597770	79.269460
293.255144	-18.230410	-21.519267
208.643305	-29.265706	-22.589810
197.757239	-36.232889	-20.749080
242.541830	-21.564338	-22.370143
233.747395	-3.994014	-3.020021
229.997513	-30.191734	-26.994222
203.661251	33.237282	16.335596
650.397405	-1982.971843	-1983.258376
251.025158	-31.680335	-33.770621
207.343729	41.274214	17.807721
253.068515	-31.278679	-32.846237
-792.507784	-621.443507	-623.700444
194.062632	15.211748	11.299918
71.726005	212.529697	50.062833
229.702367	-8.225636	2.937719
210.250585	89.260852	82.345110
310.879182	29.047178	29.657934
243.049875	-15.775535	-38.844030
190.442914	36.723813	32.504313
-9021.728000	12684.476149	12684.454868
246.107341	-4.631588	-11.040968
55.694300	-19.373272	-23.754250
237.773375	-14.074144	-16.474190
233.591050	27.913111	20.866408
135.629210	84.534930	80.108652
-1052.243256	95.244209	-485.863678
-1191.794273	-146.110176	-169.553300
221.695520	8.136096	4.383401
253.956046	-17.054269	-16.442049
232.321049	88.513465	72.008458
314.001717	113.712724	149.220777
104.576786	-45.481183	-49.061416
232.338215	-14.618784	-13.321004
218.108646	-5.627174	-3.954328
201.674507	3.982690	10.688803
237.684665	0.423544	0.624512
194.628867	-42.541024	-19.022364
343.982965	65.807768	-85.194384
184.042943	-34.884337	-24.883941
285.976192	48.160813	-14.493108
286.251800	28.530407	21.376739
290.427063	-11.085851	-20.082947
227.507438	76.938469	70.613070
228.556392	-14.284006	-10.031055
243.844636	3.006856	-7.091975
234.017560	2.007269	-0.065108
249.370393	-131.352209	-125.483928
234.673841	2.178584	5.985162
477.741278	13.616063	10.539793
263.723675	-27.745647	-26.347715
211.609662	-12.729985	-4.878673
215.138117	11.496068	6.037929
157.571759	-103.239356	-99.347406
968.780617	-1102.846885	-1184.917295
193.866254	7.628491	12.158326
243.851031	24.068985	23.387332
260.269683	27.254747	16.925020
200.320503	62.674910	52.043541
207.419145	-83.570993	-35.585403
232.685022	-1.594127	-3.850571
243.947104	51.679639	35.637483
244.968685	51.236801	31.658150
141.350151	80.959908	75.902312
154.598704	53.663541	45.897827
146.646159	-1.644523	-20.999183
269.179828	-12.861373	-17.064337
35.499740	56.484348	52.327166
220.989808	14.228129	11.559089
270.490464	-15.030025	-15.978252
158.359354	11.164746	9.837732
112.243102	2.182371	7.900176
220.352547	1.148861	2.483114
230.841995	-24.025954	-24.356299
1185.039415	-511.281262	-523.190502
256.484983	71.612001	78.217375
242.964419	-29.302229	-27.411855
263.945508	31.265346	13.873888
226.079150	50.060632	21.982553
167.536776	20.104970	18.677650
249.900364	-0.448895	-4.061497
824.982817	-79.177569	-84.549933
202.885745	-4.148460	-20.473652
177.453139	-14.876111	10.653875
-272.156467	365.887817	50.801794
-317.250567	323.292684	-9.313275
-346.953003	364.320158	-66.808149
-325.045521	343.583306	-20.222966
-320.830131	343.297233	-27.513558
-294.724483	332.011672	-13.687651
-325.131282	338.987688	-32.646204
-324.311192	345.011856	-19.975321
-333.451794	356.193201	-20.632562
-333.378309	352.515972	-16.634209
-332.234792	360.562425	-23.118290
-326.060550	344.558412	-21.305292
-468.263894	282.228927	-151.038380
-322.756008	344.577217	-20.370687
-329.206246	375.982119	-14.226059
-313.864682	305.904491	-53.514882
-299.769589	321.606174	-69.198027
-318.806419	339.193317	-52.344519
-284.356043	329.099989	-14.079624
-337.011826	366.626257	-21.340780
-339.733892	349.954926	-29.919161
-318.568607	318.770871	-48.097901
-324.333827	349.797839	-17.581865
-286.041669	341.621823	-5.546250
-302.049389	321.353030	-16.221830
-329.752548	347.366161	-20.753934
-472.116342	287.858541	-204.680292
-338.385632	377.674198	-18.116162
-330.889447	317.568815	-286.294158
-326.647878	347.180807	-25.334126
-333.170205	358.113937	-19.907818
-181.447518	671.686092	-724.025117
-337.372984	343.798857	-23.025217
-300.807497	347.043794	-18.804021
-334.369139	379.980324	-18.278822
-336.342294	354.173071	-19.017693
-313.606160	319.624630	-67.985096
-335.490660	359.242944	-13.984193
-260.700242	349.120576	13.037235
-313.970469	312.807302	-59.983050
562.197224	1950.846677	940.063232
-275.021375	290.085727	-101.935944
-306.557657	326.415938	-12.790240
-329.981179	355.533970	-14.846549
-332.760878	358.421053	-19.907875
-342.099199	363.243295	-21.594752
-275.035971	505.620554	168.038655
-329.909661	322.995503	-47.207846
-327.535570	346.179974	-19.489899
298.742200	-571.596660	-871.396730
-324.422467	318.678290	-41.438071
-450.274923	472.265414	-13.337864
-326.006747	358.356145	-20.427397
-254.577532	331.116611	-42.143452
-323.846932	312.613625	-76.870500
-332.807467	340.532002	-56.592248
-336.110525	353.639767	-26.535791
-306.059155	307.207758	-25.661636
-334.324655	340.648296	-56.961100
-346.210301	342.483976	38.040971
-298.184783	338.267729	-12.609254
-333.073737	355.188400	-18.698826
-326.730208	351.039676	-18.893744
-334.886241	351.388483	-23.712464
-358.389827	339.834179	-223.021184
-337.292008	342.543595	-30.817270
-327.650910	364.822734	-20.245626
-309.191379	339.427614	-8.045148
-334.048564	353.879811	-17.579623
-321.184798	323.765532	-48.294591
-322.648554	294.103696	-143.233285
-325.086308	349.355484	-23.688528
-321.117033	311.458109	-46.857984
-331.041404	353.288469	-18.945538
-327.457011	320.599942	-48.652050
-327.144736	356.216567	-31.658467
-329.252356	351.668211	-20.358655
-329.111907	321.081275	-48.889123
-59.553756	222.513015	-77.555063
-337.887454	357.877442	-28.792121
-315.007355	342.203856	-22.036077
-330.191568	324.761620	-44.421133
-342.398255	344.354385	-22.595894
-329.377711	336.144085	-14.430076
-330.523949	349.420238	-17.242915
-372.674079	341.437073	-13.437723
-331.878592	350.970879	-21.489731
-311.040319	336.646783	-2.208226
-330.776006	353.701611	-19.313686
-254.950691	319.053642	-60.075634
-326.558474	346.537224	-20.512285
-323.133193	318.916266	-48.793292
-331.455959	344.387885	-20.613225
-581.333504	357.414093	-663.699749
-368.875350	310.643444	-73.500993
-337.719531	344.742066	-25.751615
-329.257277	332.196970	-24.969132
-312.126821	306.629533	-62.256200
-334.167979	350.622625	-19.482697
-277.434219	335.927341	-8.471278
-332.214056	357.948589	-17.466530
-206.705670	591.192983	105.690693
-333.901209	353.653605	-25.614136
-334.955914	349.218866	-22.460042
-329.655548	404.524051	-28.496595
-316.202035	316.911792	-50.925641
-310.210007	335.233722	-17.693410
-327.352516	347.214865	-15.768361
-317.924347	347.664691	-14.146958
-332.467510	343.191119	-23.876761
-323.268680	346.361122	-18.192449
-306.206931	298.974189	-52.587174
-315.348737	333.300230	-18.622617
-327.046832	351.954241	-18.364570
-322.273924	343.514414	-24.774658
-333.228863	360.590685	-21.670061
-330.068885	380.805812	-21.243780
-329.885863	353.908316	-28.396649
-254.849763	249.245320	-83.902827
-323.743056	322.431325	-47.749319
-328.079715	348.731989	-18.267382
-312.131972	312.127487	-53.429128
-329.361195	346.083187	-20.003165
-313.759680	360.564962	-23.115996
-329.850900	321.392767	-48.175085
-339.997062	353.321695	-26.688680
-335.012025	365.032797	-20.848639
-308.682361	303.644331	-56.829715
-347.846869	345.486857	-62.044401
-340.257867	325.697474	-33.670412
-327.504538	341.978184	-20.021619
-338.310361	352.782139	-15.118487
-314.957833	313.171461	-52.446110
-512.107136	600.017422	-1154.592660
-322.078496	322.088071	-46.467531
-317.623181	317.075233	-30.522768
-319.893717	249.380766	-45.258519
-321.135202	377.271237	-48.332506
-316.985199	327.061363	-48.508161
-317.317546	397.662228	-4.214657
-327.491742	351.398539	-19.944198
-321.440876	318.384917	-48.624620
-321.362661	322.609056	-39.455289
-436.749343	220.552013	-126.456981
-346.260473	363.443055	-70.450464
-277.295336	212.805904	-131.769610
-328.562432	353.165507	-19.650223
-324.951994	345.800216	-23.931556
231.449692	163.713643	-15.005612
-328.793914	346.398338	-25.324828
-329.844625	326.344959	-50.389506
-297.711383	344.047733	-45.969444
-294.624702	233.801220	-144.601026
-326.499426	350.886715	-25.967026
-316.979120	353.231527	-22.344944
-342.772353	352.748404	-19.280069
-305.139604	330.786349	-36.444577
-324.876238	342.219965	-21.513639
-321.122869	347.031681	-23.954477
-329.737784	344.196499	-22.854987
-313.906964	312.738746	-53.435734
-332.384431	347.475891	-18.771856
-327.875841	351.980302	-19.390432
-292.352296	329.391846	-32.359766
-321.826478	348.703849	-9.754521
-310.705518	105.864035	37.753488
-331.775968	350.514415	-27.727611
-328.010958	346.154962	-23.363938
1257.379959	1255.476376	-13084.137956
-329.511055	335.424375	-29.746663
-323.924307	326.407869	-10.169797
-417.644078	288.411457	-51.657438
-315.783476	322.912369	-65.239272
-313.314839	307.282490	-53.228721
-325.341087	349.948282	-22.146582
-324.392837	332.275586	-34.642259
-333.515638	347.734628	-27.246870
-330.075095	350.305101	-18.804391
-332.153224	347.224355	-22.200456
-334.720139	357.919531	-21.196195
-308.930210	398.887507	23.613626
-331.856686	362.700714	-17.960229
-335.863798	356.509207	-22.021917
-345.688796	358.680811	-13.133483
-326.681780	358.653367	-17.861019
-312.796588	307.795520	-61.506793
-325.242851	342.339763	-25.238624
-323.257943	335.435226	-39.151471
-323.985627	320.518205	-45.376116
-326.700812	321.620380	14.347766
-305.445882	331.438440	-25.856095
-333.082989	356.972326	-18.981405
-343.125035	351.040599	-18.925571
-284.309342	354.364881	12.067530
-332.156583	352.795674	-25.116381
-295.715514	331.279309	-52.164731
-336.379309	363.648218	-32.921503
-207.158474	395.781963	-129.835575
-323.100495	297.529698	-72.983085
-323.655408	350.344432	-17.407137
-330.187395	356.946608	-17.746383
-310.882103	337.288621	-16.711107
-331.145432	352.986610	-20.147621
-331.184232	354.750912	-21.881862
