0.005593	0.008413	0.008381
-0.072777	-0.038963	-0.039009
-0.000683	-0.000674	-0.000784
0.002685	0.001249	0.001175
-0.004145	0.000118	0.000041
0.013568	0.000918	0.000870
0.000838	0.001272	0.001076
0.000633	0.000330	-0.000161
0.318771	-0.258912	-0.259228
0.040516	-0.021832	-0.021875
0.000836	0.002221	0.002156
-0.002391	-0.004066	-0.004241
0.002069	0.003106	0.003005
0.008404	-0.000310	-0.000465
-0.005843	-0.001293	-0.001926
0.001095	0.009967	0.009939
0.007930	-0.000711	-0.000740
-0.001376	0.000651	0.000455
0.002208	-0.002007	-0.002072
0.001884	-0.001955	-0.002100
-0.067204	-0.002018	-0.002362
0.005294	-0.010026	-0.010063
0.007268	-0.191233	-0.192014
-0.022535	-0.000376	-0.000422
0.001101	-0.004052	-0.004097
0.000126	0.001005	0.000954
0.002587	0.000497	0.000358
0.003135	0.004788	0.004340
0.002202	0.001234	0.001174
0.008489	-0.001072	-0.001102
-0.005662	0.006264	0.006214
-0.034208	0.032095	0.032062
0.002805	-0.000269	-0.000395
-0.001578	0.003402	0.003364
0.002952	0.000287	0.000234
0.002456	0.000673	0.000618
0.006183	-0.005226	-0.005289
-0.001670	0.000017	-0.000044
-0.001999	-0.007788	-0.007824
-0.002900	-0.001571	-0.001603
0.009020	-0.008676	-0.008725
0.000414	-0.006312	-0.006381
0.002452	-0.000155	-0.000208
-0.001373	0.000618	0.000563
0.002160	-0.001368	-0.001425
-0.002095	-0.004156	-0.004216
0.001782	0.001279	0.001239
-0.022040	-0.008868	-0.009295
0.002447	0.001750	0.001171
0.001989	0.000086	0.000028
0.000468	0.000338	0.000062
0.025175	-0.007325	-0.007366
0.002244	0.010777	0.010628
-0.000408	-0.000902	-0.000978
0.006043	0.002361	0.002290
0.007064	0.370201	0.370050
0.000755	0.000863	0.000703
0.003188	-0.010503	-0.010587
0.033485	-0.010460	-0.011096
0.016874	-0.002557	-0.002586
-0.004698	0.000552	0.000515
0.002259	0.008759	0.008699
-0.001323	0.005369	0.005281
-0.009809	0.001405	0.001371
-0.000261	-0.003963	-0.004050
0.003362	0.004395	0.004356
-0.000946	-0.015324	-0.015592
-0.013326	0.011457	0.011429
-0.041254	-0.031638	-0.031855
0.000294	0.003409	0.003240
0.048386	-0.010887	-0.011600
-0.001554	-0.005878	-0.005927
-0.000439	0.003946	0.003911
0.021446	-0.008713	-0.008741
-0.025770	0.017561	0.017477
0.023562	0.030034	0.030003
-0.002690	0.004613	0.004195
-0.000738	0.002192	0.001914
0.003861	-0.004309	-0.004520
0.005663	-0.000897	-0.000929
0.003311	-0.003289	-0.003491
-0.347211	0.286661	0.286341
-0.005319	-0.019021	-0.019070
0.000892	-0.001256	-0.001338
0.004071	-0.005026	-0.005057
-0.004232	0.007329	0.007277
-0.002283	-0.010136	-0.010169
0.025870	-0.008314	-0.008564
0.024684	0.010580	0.010304
0.076440	0.048173	0.048128
0.008785	0.000500	0.000474
-0.003951	0.031572	0.031523
-0.009127	-0.003006	-0.003044
0.000277	0.000904	0.000489
-0.007441	0.003295	0.003069
-0.001601	-0.000884	-0.000977
-0.010970	0.012703	0.011936
0.011568	0.007445	0.007375
0.004897	0.013828	0.013802
0.011801	-0.000163	-0.000193
0.028797	0.014837	0.014811
0.016583	-0.005147	-0.005179
0.060480	-0.067267	-0.067300
0.008706	0.001657	0.001632
0.019075	-0.027190	-0.027293
-0.000763	0.001265	0.001217
-0.004636	-0.005247	-0.005327
-0.002427	0.000519	0.000478
-0.007183	-0.016943	-0.017013
0.000583	0.000008	-0.000060
0.005088	0.001209	0.001180
-0.008242	0.004841	0.004753
0.030713	-0.201581	-0.201612
-0.002570	-0.001660	-0.001718
-0.003815	-0.004097	-0.004548
-0.001612	0.002670	0.002584
0.007313	0.001093	0.001060
0.007712	0.000519	0.000160
0.003056	0.008551	0.008519
-0.001714	-0.004244	-0.004272
-0.000038	-0.001123	-0.001169
-0.006055	0.003173	0.003072
0.010491	-0.037603	-0.037636
-0.002562	0.005174	0.005145
0.004588	-0.004765	-0.004806
0.004314	0.005415	0.005378
0.001756	0.000393	0.000326
-0.013723	0.006588	0.006519
0.037801	-0.032165	-0.032461
0.005751	-0.003900	-0.003964
-0.003454	0.002543	0.002446
-0.002913	0.012049	0.011978
-0.002765	0.003165	0.002739
-0.028723	-0.006554	-0.006581
-0.000509	-0.001142	-0.001182
0.004629	0.015454	0.015410
0.000970	-0.001180	-0.001437
-0.039874	0.000859	0.000815
0.038011	0.040498	0.040289
-0.003688	0.000735	0.000465
0.001390	0.004641	0.004277
0.035681	0.000272	-0.000120
0.004706	-0.001147	-0.001180
0.006187	0.014316	0.014272
0.006717	0.001727	0.001686
0.015484	0.007976	0.007945
-0.003138	0.005794	0.005759
0.012252	-0.004806	-0.004837
0.001322	-0.001325	-0.001544
0.002403	0.000938	0.000897
0.009371	0.000494	0.000416
0.000987	-0.003343	-0.003496
-0.042977	0.156241	0.156209
-0.006250	0.008646	0.007886
-0.005493	0.011183	0.011140
0.004576	0.004202	0.003708
-0.001501	-0.000214	-0.000275
-0.102860	0.182141	0.181355
0.000512	-0.001093	-0.001225
-0.006228	-0.001094	-0.001738
0.001744	-0.002402	-0.002479
0.198630	0.223777	0.223736
-0.020966	0.028185	0.028082
0.002593	0.001636	0.001504
-0.004917	0.009104	0.009069
-0.002289	-0.005250	-0.005450
-0.002734	-0.003035	-0.003139
0.007125	-0.001825	-0.002062
0.000951	-0.005227	-0.005264
-0.003308	0.003089	0.003044
-0.016161	0.016322	0.016288
-0.006082	0.003923	0.003420
0.024074	-0.028614	-0.028640
0.007486	0.010804	0.010772
0.023498	-0.011823	-0.011905
-0.002030	-0.000922	-0.001021
-0.001664	-0.004417	-0.004470
0.001899	-0.014721	-0.014764
0.000937	0.000904	0.000681
-0.004909	-0.366595	-0.366747
0.002088	0.000931	0.000797
0.001107	0.002081	0.002037
0.007683	-0.002588	-0.002626
0.001718	-0.000275	-0.000636
-0.007816	-0.003865	-0.004025
0.017694	-0.014621	-0.014666
0.010077	0.005359	0.005330
0.001744	0.002042	0.001820
0.000215	0.000805	0.000742
0.003732	0.000632	0.000468
0.054484	-0.023550	-0.023583
0.003264	0.000536	0.000504
-0.001455	0.004288	0.004253
-0.001569	-0.002728	-0.003377
-0.007544	0.001068	0.001033
-0.003131	0.006660	0.006089
0.018906	-0.000618	-0.000644
-0.001069	-0.004488	-0.004588
-0.006455	0.006577	0.005872
-0.201870	-0.220664	-0.220706
-0.000385	-0.001810	-0.001842
-0.052463	0.073146	0.073113
-0.018592	-0.001553	-0.001604
-0.016333	0.003245	0.003172
-83.983045	84.011727	0.012359
-83.998060	83.985922	-0.014050
-84.005203	84.006244	0.006274
-84.005076	84.000419	0.000599
-84.014411	83.986216	-0.013736
-83.995840	84.001953	0.002003
-84.000981	83.999363	-0.000568
-84.005134	84.004161	0.004238
-83.999931	83.994180	-0.005382
-84.291438	84.414633	0.414561
-84.004442	84.000132	0.000165
-83.993129	83.998035	-0.001938
-84.038522	84.042030	0.040477
-84.001605	84.001104	0.001136
-83.988313	84.012368	0.012415
-84.010188	83.996538	-0.003145
-83.994855	83.998153	-0.001808
-83.998202	83.997694	-0.002208
-83.982201	84.002792	0.002829
-84.010029	83.987424	-0.012542
-84.009340	84.007963	0.007998
-84.004278	83.994607	-0.005029
-84.021376	83.974202	-0.025767
-84.001893	83.996658	-0.003272
-83.999833	83.999137	-0.000674
-84.014017	83.993929	-0.005998
-83.999626	83.999774	-0.000110
-84.007548	84.006497	0.006660
-84.003370	83.996425	-0.003539
-83.993618	84.005125	0.005168
-84.006284	84.001653	0.001737
-83.999311	83.997398	-0.002547
-84.022075	83.986423	-0.013412
-83.993916	84.006204	0.006413
-84.004253	83.993990	-0.005898
-84.006579	84.001636	0.001664
-84.002168	83.997868	-0.001909
-84.002175	83.997028	-0.002698
-83.990026	83.996601	-0.003366
-84.009995	83.999918	-0.000034
-83.992868	83.995913	-0.004039
-83.975979	83.976077	-0.023884
-83.378063	84.004758	0.004948
-83.999948	84.005802	0.006348
-84.017187	84.001355	0.001592
-84.010181	84.002473	0.002500
-84.003742	83.995760	-0.003798
-84.003125	83.998910	-0.001051
-84.008714	84.004867	0.004898
-83.981537	83.999974	-0.000002
-84.005644	83.995024	-0.004950
-83.997844	84.001651	0.001691
-84.001289	83.996099	-0.003661
-84.001399	83.987032	-0.012926
-83.996164	83.996812	-0.003063
-83.991323	83.967091	-0.045449
-83.999562	83.998211	-0.001721
-83.994366	84.009409	0.009448
-83.996048	84.000459	0.000717
-84.006120	84.001042	0.001070
-84.007886	84.001234	0.001264
-84.039101	84.012833	0.012864
-84.002087	84.000244	0.000292
-83.992364	84.010153	0.010862
-83.996745	83.992453	-0.007381
-84.048567	84.027143	0.027171
-83.990717	84.005762	0.005848
-83.997331	83.995376	-0.004588
-84.001591	83.999887	0.000097
-83.997565	83.996541	-0.003298
-83.972681	84.044474	0.044506
-84.020019	83.996834	-0.003138
-84.002486	84.002656	0.002971
-84.004977	84.003400	0.003462
-84.006747	84.000634	0.000668
-83.993742	83.997025	-0.002944
-84.011171	83.998056	-0.001592
-83.989584	83.998198	-0.001762
-83.998052	83.997253	-0.002702
-83.997011	83.999485	-0.000438
-83.994809	84.005355	0.005409
-84.000949	84.003785	0.003840
-83.993754	83.996854	-0.002970
-83.997146	83.996708	-0.003259
-83.999511	84.000927	0.001135
-84.008565	84.004245	0.004427
-83.999876	83.999768	-0.000174
-84.006498	84.004355	0.004390
-84.029019	84.067243	0.067516
-84.014281	84.017153	0.017170
-83.998338	83.999784	-0.000178
-83.996634	83.991055	-0.008893
-83.996038	84.003199	0.003240
-84.005329	84.000523	0.001090
-83.991809	83.997622	-0.002348
-83.997040	83.995743	-0.003890
-84.018540	84.003410	0.003809
-83.993882	84.004725	0.005182
-84.009847	83.989073	-0.010902
-84.006546	84.004057	0.004083
-84.000543	83.999409	-0.000553
-83.988459	84.005659	0.005685
-84.005705	83.998600	-0.001135
-84.003021	83.996976	-0.002831
-84.008986	83.997869	-0.002098
-83.999091	84.001018	0.001091
-84.019705	84.015948	0.015973
-84.000907	83.998564	-0.001343
-84.003842	83.998485	-0.001486
-84.002121	83.993725	-0.006246
-84.010114	84.014733	0.014754
-83.995814	84.001287	0.001327
-84.000715	84.000976	0.001019
-84.005491	83.999707	-0.000256
-84.002391	83.999918	-0.000048
-83.994853	84.001395	0.001529
-84.000952	83.994711	-0.005151
-83.997461	83.994825	-0.005136
-84.008639	84.003983	0.004009
-84.000716	84.002532	0.002567
-83.995979	83.999430	-0.000525
-84.025114	83.997663	-0.002307
-83.739254	83.584370	-0.416931
-84.023326	84.008583	0.008610
-84.008053	84.002116	0.002142
-83.999347	83.999462	-0.000461
-83.999478	84.001575	0.001655
-83.992857	84.000354	0.000410
-84.001391	83.993266	-0.006696
-83.998827	84.000082	0.000122
-84.006372	84.003666	0.003856
-84.052044	84.012509	0.012529
-84.002980	83.998280	-0.001582
-83.995901	84.007253	0.007301
-83.983709	84.005761	0.005810
-83.996413	83.988575	-0.011231
-83.979206	83.981496	-0.018505
-84.000586	84.001734	0.001845
-83.992141	84.005842	0.005888
-83.942769	83.940217	-0.059584
-113.088248	98.575712	-7.971457
-85.078773	84.936006	0.934435
-84.003424	84.000319	0.000409
-84.011717	83.997566	-0.001890
-83.990154	84.022927	0.022952
-83.999872	83.999415	-0.000472
-83.997872	83.998741	-0.001218
-84.019342	84.014134	0.014555
-84.000263	83.997901	-0.002007
-84.028535	84.000905	0.000939
-96.215519	111.453779	8.081576
-84.028853	83.993221	-0.006762
-84.007785	83.987762	-0.011802
-84.004531	83.996944	-0.003030
-83.992694	83.990606	-0.009321
-84.002479	83.995912	-0.004003
-84.005106	84.000182	0.000213
-84.000625	84.001809	0.001835
-83.998878	84.003928	0.003995
-84.605484	84.019865	0.018920
-83.995589	83.997122	-0.002820
-83.998852	83.999147	-0.000802
-83.999480	84.003128	0.003215
-83.999486	84.001518	0.001569
-84.001800	84.003044	0.003088
-83.984891	84.005260	0.005663
-83.998029	83.994996	-0.004972
-84.016723	84.001610	0.001767
-84.006679	83.990611	-0.008732
-83.996282	83.999425	-0.000540
-83.990440	84.006009	0.006081
-83.997167	83.971319	-0.028087
-83.991621	84.000562	0.000626
-83.992234	84.001863	0.002506
-84.005549	83.996446	-0.003525
-83.998702	83.996828	-0.003114
-82.903582	83.068035	-0.937564
-83.988261	84.021149	0.021301
-83.997675	83.991838	-0.008140
-84.009632	84.001352	0.001376
-83.998343	83.999709	-0.000199
-84.009520	84.007010	0.007046
-83.968082	83.993634	-0.005942
-84.001494	83.998414	-0.001510
-83.961031	83.956151	-0.043869
-83.942708	84.025744	0.025735
-84.002477	84.005003	0.005118
-83.997985	84.000705	0.000742
-84.001874	84.003743	0.003778
-83.995434	84.000827	0.000886
-84.009696	83.993322	-0.006427
-83.999850	83.996600	-0.003302
-84.004796	84.006614	0.006638
-84.010122	84.008136	0.008526
-83.998195	83.998267	-0.001243
-84.005482	84.005509	0.005529
-84.003229	83.999957	0.000084
-83.994766	83.997504	-0.002144
-84.000197	83.999697	-0.000249
-84.002946	83.979691	-0.020298
-84.027623	83.955329	-0.044688
-83.999239	84.001260	0.001355
-83.967023	84.001275	0.002010
-84.000198	84.001082	0.001130
