0.005637	0.008480	0.008447
-0.073368	-0.039282	-0.039328
-0.000687	-0.000679	-0.000790
0.002706	0.001260	0.001184
-0.004178	0.000120	0.000041
0.013676	0.000926	0.000876
0.000846	0.001285	0.001085
0.000643	0.000336	-0.000165
0.322579	-0.261942	-0.262264
0.040840	-0.022005	-0.022049
0.000842	0.002239	0.002173
-0.002408	-0.004097	-0.004275
0.002086	0.003131	0.003028
0.008472	-0.000311	-0.000469
-0.005886	-0.001298	-0.001943
0.001104	0.010046	0.010018
0.007993	-0.000716	-0.000746
-0.001384	0.000657	0.000458
0.002225	-0.002022	-0.002088
0.001901	-0.001970	-0.002117
-0.067731	-0.002031	-0.002382
0.005336	-0.010105	-0.010142
0.007411	-0.192962	-0.193758
-0.022711	-0.000379	-0.000426
0.001110	-0.004084	-0.004129
0.000127	0.001014	0.000961
0.002608	0.000503	0.000361
0.003163	0.004829	0.004373
0.002220	0.001244	0.001184
0.008556	-0.001080	-0.001110
-0.005706	0.006314	0.006263
-0.034482	0.032351	0.032317
0.002828	-0.000271	-0.000398
-0.001590	0.003429	0.003390
0.002976	0.000289	0.000236
0.002476	0.000678	0.000622
0.006232	-0.005267	-0.005332
-0.001682	0.000017	-0.000045
-0.002015	-0.007849	-0.007885
-0.002923	-0.001583	-0.001615
0.009092	-0.008744	-0.008794
0.000418	-0.006361	-0.006431
0.002472	-0.000155	-0.000210
-0.001383	0.000624	0.000567
0.002177	-0.001378	-0.001436
-0.002110	-0.004188	-0.004250
0.001797	0.001290	0.001249
-0.022212	-0.008935	-0.009370
0.002469	0.001769	0.001177
0.002005	0.000087	0.000029
0.000474	0.000343	0.000061
0.025374	-0.007383	-0.007424
0.002262	0.010863	0.010712
-0.000410	-0.000909	-0.000986
0.006092	0.002380	0.002308
0.007143	0.374505	0.374351
0.000762	0.000871	0.000709
0.003214	-0.010586	-0.010671
0.033752	-0.010537	-0.011187
0.017007	-0.002577	-0.002607
-0.004735	0.000557	0.000519
0.002276	0.008829	0.008768
-0.001333	0.005412	0.005323
-0.009886	0.001416	0.001382
-0.000262	-0.003993	-0.004083
0.003389	0.004430	0.004390
-0.000951	-0.015444	-0.015717
-0.013431	0.011548	0.011520
-0.041583	-0.031890	-0.032111
0.000298	0.003437	0.003265
0.048779	-0.010970	-0.011698
-0.001566	-0.005924	-0.005974
-0.000442	0.003978	0.003942
0.021616	-0.008782	-0.008810
-0.025973	0.017700	0.017615
0.023747	0.030272	0.030239
-0.002709	0.004653	0.004226
-0.000741	0.002211	0.001927
0.003893	-0.004341	-0.004556
0.005708	-0.000904	-0.000937
0.003339	-0.003314	-0.003520
-0.351231	0.289909	0.289583
-0.005361	-0.019172	-0.019222
0.000900	-0.001265	-0.001349
0.004104	-0.005065	-0.005097
-0.004265	0.007388	0.007334
-0.002300	-0.010215	-0.010249
0.026077	-0.008378	-0.008633
0.024882	0.010664	0.010383
0.077061	0.048564	0.048518
0.008854	0.000505	0.000478
-0.003982	0.031822	0.031773
-0.009198	-0.003029	-0.003067
0.000282	0.000915	0.000492
-0.007499	0.003323	0.003093
-0.001613	-0.000890	-0.000985
-0.011053	0.012810	0.012026
0.011660	0.007504	0.007433
0.004936	0.013937	0.013911
0.011894	-0.000164	-0.000195
0.029024	0.014955	0.014929
0.016714	-0.005187	-0.005219
0.060976	-0.067821	-0.067855
0.008775	0.001671	0.001645
0.019227	-0.027405	-0.027510
-0.000768	0.001275	0.001227
-0.004673	-0.005287	-0.005369
-0.002446	0.000524	0.000481
-0.007239	-0.017077	-0.017148
0.000588	0.000008	-0.000060
0.005129	0.001219	0.001190
-0.008305	0.004879	0.004789
0.030988	-0.203387	-0.203420
-0.002589	-0.001673	-0.001731
-0.003841	-0.004126	-0.004588
-0.001624	0.002692	0.002605
0.007371	0.001102	0.001069
0.007775	0.000526	0.000161
0.003080	0.008618	0.008586
-0.001727	-0.004277	-0.004305
-0.000038	-0.001131	-0.001178
-0.006103	0.003199	0.003096
0.010575	-0.037901	-0.037935
-0.002582	0.005215	0.005186
0.004625	-0.004802	-0.004844
0.004348	0.005458	0.005420
0.001770	0.000397	0.000328
-0.013831	0.006640	0.006570
0.038098	-0.032416	-0.032718
0.005797	-0.003931	-0.003996
-0.003480	0.002563	0.002465
-0.002935	0.012145	0.012072
-0.002785	0.003194	0.002760
-0.028950	-0.006606	-0.006633
-0.000512	-0.001151	-0.001192
0.004666	0.015577	0.015532
0.000980	-0.001187	-0.001449
-0.040191	0.000867	0.000822
0.038317	0.040825	0.040611
-0.003716	0.000743	0.000469
0.001403	0.004681	0.004310
0.035967	0.000277	-0.000123
0.004744	-0.001156	-0.001189
0.006236	0.014429	0.014384
0.006771	0.001741	0.001699
0.015606	0.008040	0.008008
-0.003162	0.005840	0.005804
0.012348	-0.004843	-0.004875
0.001335	-0.001334	-0.001558
0.002422	0.000946	0.000905
0.009446	0.000498	0.000419
0.000996	-0.003369	-0.003525
-0.043346	0.157690	0.157658
-0.006295	0.008720	0.007945
-0.005536	0.011272	0.011228
0.004615	0.004240	0.003735
-0.001511	-0.000215	-0.000278
-0.103754	0.183814	0.183012
0.000518	-0.001101	-0.001235
-0.006272	-0.001098	-0.001756
0.001758	-0.002420	-0.002499
0.200623	0.226015	0.225973
-0.021133	0.028410	0.028306
0.002615	0.001650	0.001516
-0.004956	0.009177	0.009140
-0.002305	-0.005290	-0.005495
-0.002754	-0.003058	-0.003165
0.007183	-0.001838	-0.002080
0.000959	-0.005268	-0.005306
-0.003334	0.003114	0.003068
-0.016288	0.016452	0.016418
-0.006125	0.003956	0.003443
0.024264	-0.028841	-0.028867
0.007546	0.010889	0.010857
0.023685	-0.011916	-0.011999
-0.002044	-0.000929	-0.001029
-0.001677	-0.004452	-0.004505
0.001915	-0.014837	-0.014880
0.000946	0.000913	0.000686
-0.004969	-0.370868	-0.371022
0.002106	0.000940	0.000804
0.001116	0.002097	0.002053
0.007744	-0.002608	-0.002646
0.001735	-0.000275	-0.000643
-0.007877	-0.003894	-0.004057
0.017834	-0.014736	-0.014781
0.010157	0.005401	0.005372
0.001760	0.002060	0.001833
0.000217	0.000812	0.000748
0.003763	0.000638	0.000471
0.054918	-0.023739	-0.023772
0.003290	0.000540	0.000508
-0.001467	0.004322	0.004287
-0.001577	-0.002744	-0.003408
-0.007603	0.001077	0.001041
-0.003153	0.006717	0.006136
0.019055	-0.000622	-0.000649
-0.001076	-0.004523	-0.004625
-0.006503	0.006634	0.005916
-0.203888	-0.222877	-0.222919
-0.000387	-0.001824	-0.001857
-0.052895	0.073747	0.073713
-0.018738	-0.001565	-0.001616
-0.016461	0.003271	0.003196
-83.982914	84.011815	0.012459
-83.998045	83.985811	-0.014161
-84.005245	84.006293	0.006324
-84.005117	84.000420	0.000603
-84.014526	83.986107	-0.013844
-83.995807	84.001967	0.002018
-84.000989	83.999357	-0.000572
-84.005175	84.004193	0.004271
-83.999932	83.994131	-0.005424
-84.295272	84.420201	0.420126
-84.004477	84.000133	0.000167
-83.993075	83.998019	-0.001953
-84.038569	84.042110	0.040520
-84.001618	84.001113	0.001145
-83.988221	84.012466	0.012513
-84.010270	83.996508	-0.003170
-83.994815	83.998138	-0.001822
-83.998187	83.997675	-0.002225
-83.982061	84.002813	0.002851
-84.010109	83.987325	-0.012640
-84.009414	84.008026	0.008061
-84.004315	83.994561	-0.005067
-84.021545	83.973998	-0.025971
-84.001909	83.996631	-0.003298
-83.999833	83.999128	-0.000679
-84.014128	83.993881	-0.006046
-83.999624	83.999771	-0.000111
-84.007609	84.006546	0.006712
-84.003397	83.996397	-0.003567
-83.993569	84.005166	0.005209
-84.006334	84.001666	0.001751
-83.999307	83.997377	-0.002567
-84.022252	83.986315	-0.013517
-83.993868	84.006251	0.006464
-84.004287	83.993941	-0.005944
-84.006631	84.001649	0.001678
-84.002187	83.997849	-0.001924
-84.002194	83.997003	-0.002718
-83.989948	83.996574	-0.003392
-84.010075	83.999917	-0.000034
-83.992811	83.995880	-0.004071
-83.975788	83.975887	-0.024073
-83.370077	84.004764	0.004957
-83.999952	84.005843	0.006400
-84.017325	84.001365	0.001606
-84.010262	84.002492	0.002520
-84.003774	83.995723	-0.003827
-84.003150	83.998901	-0.001060
-84.008783	84.004905	0.004937
-83.981392	83.999973	-0.000002
-84.005688	83.994984	-0.004989
-83.997828	84.001664	0.001705
-84.001302	83.996066	-0.003689
-84.001411	83.986929	-0.013028
-83.996135	83.996785	-0.003087
-83.991603	83.967279	-0.046093
-83.999559	83.998197	-0.001735
-83.994323	84.009483	0.009523
-83.996017	84.000460	0.000722
-84.006168	84.001050	0.001078
-84.007949	84.001244	0.001274
-84.039413	84.012934	0.012965
-84.002104	84.000245	0.000295
-83.992308	84.010227	0.010950
-83.996721	83.992392	-0.007439
-84.048956	84.027362	0.027390
-83.990645	84.005807	0.005895
-83.997310	83.995339	-0.004624
-84.001606	83.999885	0.000099
-83.997546	83.996512	-0.003324
-83.972462	84.044831	0.044863
-84.020178	83.996809	-0.003163
-84.002509	84.002675	0.002996
-84.005017	84.003427	0.003489
-84.006800	84.000639	0.000674
-83.993693	83.997001	-0.002968
-84.011262	83.998038	-0.001604
-83.989503	83.998184	-0.001775
-83.998037	83.997231	-0.002724
-83.996989	83.999481	-0.000441
-83.994769	84.005397	0.005452
-84.000957	84.003814	0.003871
-83.993707	83.996828	-0.002993
-83.997124	83.996682	-0.003284
-83.999509	84.000932	0.001145
-84.008635	84.004277	0.004464
-83.999876	83.999766	-0.000175
-84.006550	84.004389	0.004425
-84.029260	84.067789	0.068068
-84.014395	84.017288	0.017306
-83.998326	83.999782	-0.000179
-83.996608	83.990984	-0.008963
-83.996007	84.003224	0.003265
-84.005374	84.000522	0.001100
-83.991745	83.997603	-0.002366
-83.997019	83.995706	-0.003920
-84.018690	84.003434	0.003841
-83.993837	84.004758	0.005225
-84.009925	83.988986	-0.010988
-84.006598	84.004089	0.004115
-84.000547	83.999404	-0.000557
-83.988368	84.005703	0.005730
-84.005752	83.998588	-0.001142
-84.003047	83.996951	-0.002852
-84.009057	83.997852	-0.002114
-83.999085	84.001026	0.001100
-84.019861	84.016074	0.016099
-84.000916	83.998552	-0.001353
-84.003873	83.998473	-0.001498
-84.002138	83.993675	-0.006295
-84.010195	84.014849	0.014871
-83.995782	84.001296	0.001338
-84.000721	84.000984	0.001027
-84.005534	83.999704	-0.000258
-84.002411	83.999917	-0.000048
-83.994814	84.001404	0.001541
-84.000960	83.994668	-0.005192
-83.997441	83.994784	-0.005176
-84.008707	84.004014	0.004040
-84.000722	84.002552	0.002587
-83.995949	83.999426	-0.000529
-84.025312	83.997645	-0.002325
-83.735658	83.578779	-0.422541
-84.023511	84.008651	0.008678
-84.008117	84.002132	0.002159
-83.999343	83.999457	-0.000464
-83.999475	84.001587	0.001669
-83.992802	84.000357	0.000414
-84.001402	83.993212	-0.006749
-83.998819	84.000083	0.000123
-84.006424	84.003694	0.003888
-84.052455	84.012608	0.012628
-84.003004	83.998265	-0.001595
-83.995869	84.007311	0.007359
-83.983581	84.005806	0.005856
-83.996385	83.988483	-0.011320
-83.979043	83.981349	-0.018652
-84.000592	84.001747	0.001860
-83.992080	84.005888	0.005935
-83.942311	83.939728	-0.060069
-113.087966	98.575789	-7.971233
-85.134299	84.983798	0.981945
-84.003451	84.000320	0.000413
-84.011812	83.997542	-0.001903
-83.990077	84.023108	0.023133
-83.999872	83.999409	-0.000475
-83.997856	83.998730	-0.001228
-84.019498	84.014242	0.014671
-84.000265	83.997883	-0.002023
-84.028761	84.000912	0.000947
-96.215363	111.453353	8.081954
-84.029081	83.993167	-0.006816
-84.007849	83.987662	-0.011894
-84.004567	83.996919	-0.003054
-83.992637	83.990531	-0.009394
-84.002499	83.995879	-0.004034
-84.005146	84.000183	0.000214
-84.000631	84.001823	0.001850
-83.998870	84.003959	0.004027
-84.613325	84.020061	0.019104
-83.995555	83.997099	-0.002842
-83.998843	83.999140	-0.000808
-83.999477	84.003152	0.003241
-83.999483	84.001530	0.001582
-84.001815	84.003067	0.003112
-83.984776	84.005299	0.005711
-83.998013	83.994957	-0.005012
-84.016857	84.001622	0.001782
-84.006735	83.990531	-0.008799
-83.996253	83.999420	-0.000545
-83.990365	84.006056	0.006129
-83.997147	83.971087	-0.028307
-83.991556	84.000566	0.000631
-83.992176	84.001872	0.002528
-84.005593	83.996418	-0.003553
-83.998692	83.996802	-0.003139
-82.846996	83.019580	-0.986515
-83.988169	84.021315	0.021471
-83.997657	83.991774	-0.008204
-84.009708	84.001362	0.001387
-83.998331	83.999707	-0.000199
-84.009596	84.007065	0.007102
-83.967834	83.993580	-0.005987
-84.001506	83.998401	-0.001522
-83.960718	83.955800	-0.044220
-83.942253	84.025949	0.025940
-84.002497	84.005042	0.005159
-83.997969	84.000710	0.000748
-84.001890	84.003772	0.003808
-83.995399	84.000833	0.000894
-84.009775	83.993268	-0.006476
-83.999850	83.996573	-0.003329
-84.004834	84.006666	0.006690
-84.010189	84.008183	0.008579
-83.998182	83.998249	-0.001252
-84.005525	84.005553	0.005573
-84.003256	83.999955	0.000085
-83.994728	83.997482	-0.002159
-84.000199	83.999694	-0.000251
-84.002969	83.979530	-0.020459
-84.027845	83.954970	-0.045047
-83.999234	84.001269	0.001367
-83.966766	84.001279	0.002028
-84.000201	84.001090	0.001139
