-0.002428	0.001310	0.001310
0.000008	-0.000049	-0.000049
0.000100	0.000001	0.000001
0.000080	0.000027	0.000027
-0.000008	0.000028	0.000028
-0.000566	0.000056	0.000056
0.000014	0.000067	0.000066
0.000046	-0.000006	-0.000006
-0.000063	0.000132	0.000132
0.000025	-0.000060	-0.000060
0.000064	-0.000014	-0.000014
0.000069	0.000117	0.000117
-0.000427	-0.000121	-0.000121
0.001024	0.000710	0.000710
0.000045	0.000042	0.000041
0.000091	0.000046	0.000046
-0.000061	-0.000119	-0.000119
-0.000305	0.000153	0.000153
-0.000132	0.000052	0.000051
-0.000644	0.000050	0.000050
-0.000014	-0.000009	-0.000009
0.003311	0.003005	0.003005
0.000045	0.000104	0.000104
-0.000024	0.000042	0.000042
-0.000067	0.000116	0.000116
0.001901	-0.000439	-0.000439
0.000034	0.000042	0.000042
-0.000105	0.000196	0.000196
-0.001227	-0.000125	-0.000125
-0.000061	-0.000035	-0.000035
-0.000003	-0.000519	-0.000519
-0.006811	-0.002429	-0.002429
-0.000021	-0.000085	-0.000085
-0.000610	0.000029	0.000029
0.000046	-0.000100	-0.000100
-0.000218	-0.000129	-0.000129
0.000019	-0.000021	-0.000021
0.000019	0.000094	0.000094
0.000039	-0.000012	-0.000012
-0.000009	0.000003	0.000003
-0.000186	-0.000119	-0.000119
0.000018	-0.000042	-0.000042
0.000051	0.000055	0.000055
0.000212	-0.000006	-0.000006
-0.004581	-0.000289	-0.000289
0.000027	-0.000007	-0.000007
0.000176	-0.000026	-0.000026
-0.000021	-0.000012	-0.000012
-0.000536	0.000430	0.000430
0.000139	-0.000085	-0.000085
-0.000042	-0.000029	-0.000029
-0.000324	-0.000453	-0.000453
-0.000747	-0.000513	-0.000513
-0.000025	-0.000058	-0.000058
0.000440	-0.000025	-0.000025
-0.000039	0.000000	0.000000
0.000865	0.000112	0.000112
-0.000031	0.000002	0.000002
-0.000045	-0.000046	-0.000046
0.000181	0.000007	0.000007
-0.000124	-0.000066	-0.000066
-0.000427	0.000398	0.000398
-0.000011	0.000079	0.000079
0.000121	0.000025	0.000025
-0.000103	0.000014	0.000014
-0.000085	0.000043	0.000043
0.000078	0.000075	0.000075
0.000008	-0.000048	-0.000048
0.000242	-0.000086	-0.000086
-0.000022	-0.000083	-0.000083
-0.000070	-0.000082	-0.000082
-0.000667	0.000305	0.000305
0.000016	-0.000027	-0.000027
0.000121	0.000006	0.000005
0.000136	0.000044	0.000044
-0.000147	-0.000228	-0.000228
-0.000040	0.000025	0.000025
-0.000073	0.000027	0.000027
0.000027	0.000008	0.000007
0.000057	0.000009	0.000009
0.000936	-0.000070	-0.000070
-0.000078	-0.000033	-0.000033
0.000020	0.000080	0.000080
0.000046	0.000090	0.000090
-0.000059	-0.000069	-0.000069
-0.000076	0.000089	0.000089
-0.000137	0.000157	0.000157
0.000064	-0.000049	-0.000049
-0.000158	-0.000171	-0.000171
-0.000061	0.000001	0.000001
-0.001094	0.000401	0.000401
0.000122	0.000035	0.000035
-0.000006	0.000164	0.000164
0.000009	-0.000040	-0.000040
0.000198	0.000047	0.000047
-0.000065	-0.000142	-0.000142
-0.000079	-0.000053	-0.000053
0.000190	-0.000014	-0.000014
0.000008	0.000013	0.000013
0.000171	-0.000056	-0.000056
0.000296	-0.000229	-0.000229
-0.000315	-0.000127	-0.000127
-0.001396	0.000566	0.000566
-0.000015	-0.000041	-0.000041
0.000511	-0.000148	-0.000148
-0.000059	-0.000047	-0.000047
0.000447	0.000015	0.000015
0.000127	-0.000011	-0.000011
-0.000001	-0.000051	-0.000051
0.000530	0.000179	0.000179
-0.000042	-0.000093	-0.000093
0.000465	-0.000143	-0.000143
-0.000233	0.000001	0.000001
0.000111	-0.000160	-0.000160
0.000176	0.000043	0.000043
-0.000099	-0.000127	-0.000127
-0.000993	-0.001338	-0.001339
0.000440	0.000380	0.000380
-0.000255	0.000139	0.000139
-0.000018	0.000140	0.000140
-0.000318	-0.000039	-0.000039
-0.000064	0.000055	0.000055
0.000258	0.000118	0.000118
0.000003	-0.000018	-0.000018
-0.000027	-0.000648	-0.000648
0.000338	0.000212	0.000212
0.000087	0.000131	0.000131
-0.000177	0.000125	0.000125
0.006614	0.002346	0.002346
-0.002819	-0.002834	-0.002834
0.000027	0.000028	0.000028
0.000086	0.000070	0.000070
0.000325	0.001008	0.001008
0.000086	-0.000189	-0.000189
-0.000039	-0.000064	-0.000064
0.000020	0.000067	0.000067
-0.000027	-0.000004	-0.000004
0.000096	0.000087	0.000086
0.000606	0.000323	0.000323
0.000052	0.000139	0.000139
-0.000010	-0.000025	-0.000025
0.000096	0.000007	0.000007
0.000175	0.000361	0.000361
-0.000002	-0.000036	-0.000036
0.000328	-0.000006	-0.000006
-0.000005	0.000065	0.000065
0.000103	0.000014	0.000014
0.000934	0.000297	0.000297
0.001509	0.000868	0.000868
-0.002747	-0.000662	-0.000662
0.000030	0.000023	0.000023
-0.000052	-0.000026	-0.000026
0.000049	0.000062	0.000062
-0.000018	-0.000064	-0.000064
-0.000267	-0.000324	-0.000324
-0.000146	0.000008	0.000008
-0.000000	0.000004	0.000004
0.000461	-0.000054	-0.000054
0.000268	-0.000060	-0.000060
0.000344	-0.000204	-0.000204
0.000481	0.000116	0.000116
0.000523	-0.000061	-0.000061
-0.000248	0.000156	0.000156
-0.000294	-0.000466	-0.000466
-0.000020	0.000023	0.000023
-0.000081	-0.000072	-0.000072
0.000097	-0.000103	-0.000103
-0.000046	0.000096	0.000096
-0.000097	0.000109	0.000109
0.000349	-0.000869	-0.000869
0.000053	-0.000038	-0.000038
-0.001028	0.000663	0.000663
0.000052	0.000022	0.000022
0.003627	0.000525	0.000525
0.000471	-0.000384	-0.000384
0.000078	-0.000029	-0.000029
-0.000019	0.000002	0.000002
0.000059	0.000093	0.000093
0.000029	-0.000046	-0.000046
0.000089	0.000018	0.000018
0.000328	0.000416	0.000416
-0.000408	0.000276	0.000276
0.000004	0.000016	0.000016
-0.001197	-0.000295	-0.000295
-0.000099	0.000160	0.000160
-0.000125	-0.000033	-0.000033
0.000262	0.000278	0.000278
0.000008	-0.000027	-0.000027
-0.000010	0.000044	0.000044
0.000313	-0.000034	-0.000034
-0.001496	-0.000786	-0.000786
0.000080	-0.000017	-0.000017
0.002333	-0.001349	-0.001349
0.000996	0.000047	0.000047
-0.000005	0.000008	0.000008
-0.000033	-0.000019	-0.000019
0.004854	0.000314	0.000314
0.000072	0.000097	0.000097
0.000034	0.000039	0.000039
-0.000029	-0.000018	-0.000018
-0.000153	-0.000539	-0.000539
0.000049	-0.000054	-0.000054
-0.000028	0.000025	0.000025
0.000148	-0.000305	-0.000305
-84.000001	83.999953	-0.000047
-83.999938	83.999997	-0.000003
-84.000152	83.999910	-0.000090
-83.999967	83.999877	-0.000123
-83.999670	84.000101	0.000101
-84.000113	84.000134	0.000134
-83.999437	84.000405	0.000405
-84.000178	84.000102	0.000102
-83.998709	83.999258	-0.000742
-83.999831	84.000100	0.000100
-83.999804	84.000143	0.000143
-83.999767	84.000105	0.000105
-84.000154	84.000191	0.000192
-84.000196	84.000225	0.000225
-84.000061	83.999997	-0.000003
-83.999894	83.999751	-0.000249
-83.999834	84.000097	0.000097
-84.000008	83.999938	-0.000062
-83.999923	83.999990	-0.000010
-83.999816	84.000004	0.000004
-83.999930	84.000039	0.000039
-83.999281	84.000386	0.000387
-83.999941	83.999914	-0.000086
-84.000107	83.999926	-0.000074
-84.000673	84.000137	0.000137
-84.000098	83.999999	-0.000001
-84.000053	84.000151	0.000151
-83.999694	83.999665	-0.000334
-84.000166	84.000097	0.000097
-84.000238	83.999793	-0.000207
-84.000064	84.000111	0.000111
-83.999833	83.999959	-0.000041
-84.000109	83.999923	-0.000077
-83.999935	83.999973	-0.000027
-84.000980	84.000864	0.000864
-83.999977	84.000009	0.000009
-83.999832	84.000088	0.000088
-84.000156	84.000092	0.000092
-84.000276	84.000000	0.000000
-84.000171	83.999846	-0.000154
-83.999949	84.000050	0.000050
-84.000020	83.999997	-0.000003
-83.999913	83.999957	-0.000043
-84.007933	84.007674	0.007674
-84.000720	83.999863	-0.000137
-83.999980	84.000309	0.000309
-83.997367	84.003264	0.003265
-84.000089	84.000043	0.000043
-84.000318	83.999871	-0.000129
-83.999169	83.999678	-0.000322
-83.999990	84.000061	0.000061
-84.000472	83.999774	-0.000227
-83.999910	84.000128	0.000128
-83.999994	84.000043	0.000043
-83.999834	83.999986	-0.000014
-84.000009	83.999990	-0.000010
-84.000031	84.000044	0.000044
-83.999852	84.000049	0.000049
-83.999867	83.999778	-0.000222
-84.000121	84.000255	0.000255
-84.000030	83.999963	-0.000037
-83.999803	83.999949	-0.000051
-83.999966	83.999894	-0.000106
-84.000109	83.999910	-0.000090
-83.999867	84.000070	0.000070
-83.999806	83.999914	-0.000086
-84.000097	83.999975	-0.000025
-84.000040	83.999981	-0.000019
-84.000020	83.999946	-0.000054
-84.000012	84.000096	0.000096
-84.000024	84.000005	0.000005
-84.533055	84.653402	0.652949
-83.999466	83.999731	-0.000269
-83.999990	83.999971	-0.000029
-83.999967	84.000008	0.000008
-84.000086	84.000035	0.000035
-83.999967	83.999999	-0.000001
-84.000015	83.999933	-0.000067
-84.000373	84.000008	0.000008
-84.000453	83.999995	-0.000005
-84.000147	83.999994	-0.000006
-83.999871	84.000063	0.000063
-84.000343	83.999659	-0.000341
-84.000542	83.999854	-0.000146
-84.000141	84.000072	0.000072
-83.999891	84.000218	0.000218
-84.022745	83.996696	-0.003304
-83.455152	83.325995	-0.694683
-84.000069	83.999994	-0.000006
-84.002165	84.000798	0.000797
-84.000162	83.999972	-0.000028
-84.000072	84.000023	0.000023
-84.000017	83.999999	-0.000001
-83.999967	83.999995	-0.000005
-84.000382	83.995582	-0.004426
-83.999135	83.999599	-0.000401
-83.999909	84.000196	0.000196
-84.000284	84.000236	0.000236
-84.000041	83.999961	-0.000039
-83.999948	83.999893	-0.000107
-83.999893	83.999938	-0.000062
-84.000135	83.999860	-0.000140
-83.999938	83.999820	-0.000180
-84.000226	83.999662	-0.000338
-84.000106	84.000007	0.000007
-83.999953	83.999865	-0.000134
-84.000218	83.999834	-0.000166
-83.999741	83.999962	-0.000038
-83.999971	83.999981	-0.000019
-84.000153	83.999968	-0.000032
-83.999972	83.999666	-0.000334
-84.001136	84.000169	0.000168
-84.000113	83.999934	-0.000066
-84.000176	83.999770	-0.000230
-84.000179	83.999875	-0.000126
-84.000270	83.999713	-0.000287
-84.000294	83.999857	-0.000143
-83.999907	84.000039	0.000039
-84.000309	84.000017	0.000017
-83.999299	84.000171	0.000171
-83.999941	84.000092	0.000092
-84.000063	83.999952	-0.000048
-83.999982	83.999983	-0.000017
-83.999818	84.000308	0.000308
-84.000384	83.999853	-0.000147
-83.999945	84.000078	0.000078
-84.000098	83.999968	-0.000032
-84.000056	84.000057	0.000057
-83.999937	83.999986	-0.000014
-83.999725	83.999916	-0.000084
-84.000079	84.000097	0.000097
-84.000573	84.001113	0.001112
-83.999842	84.000142	0.000142
-83.999801	84.000055	0.000055
-84.000355	83.999961	-0.000039
-83.999780	83.999189	-0.000811
-84.000031	83.999970	-0.000030
-83.999941	84.000014	0.000014
-83.999927	83.999954	-0.000046
-83.999995	84.000078	0.000078
-83.999981	83.999976	-0.000024
-83.999469	83.999896	-0.000104
-83.999563	84.000226	0.000226
-83.999893	84.000023	0.000023
-84.000335	83.999920	-0.000080
-84.000009	83.999913	-0.000087
-83.999751	83.999940	-0.000060
-83.999972	84.000040	0.000041
-84.000081	83.999913	-0.000087
-83.999858	84.000114	0.000114
-83.999678	84.000070	0.000070
-83.999985	84.000001	0.000001
-84.000063	84.000023	0.000023
-84.000018	84.000031	0.000031
-83.999881	84.000058	0.000058
-83.999849	83.999905	-0.000095
-84.000011	83.999882	-0.000118
-83.977363	84.003306	0.003242
-83.999919	83.999940	-0.000060
-84.000091	84.000018	0.000018
-83.999865	83.999933	-0.000067
-84.000025	84.000032	0.000032
-84.000022	83.999791	-0.000209
-84.000068	83.999944	-0.000056
-84.000012	83.999976	-0.000024
-84.000272	84.000005	0.000005
-84.000003	84.000038	0.000038
-83.999863	83.999886	-0.000114
-84.000003	83.999934	-0.000066
-83.999974	83.999902	-0.000098
-83.999944	84.000002	0.000002
-84.000043	84.000117	0.000117
-84.000121	84.000142	0.000142
-84.000262	84.000040	0.000040
-84.000143	83.999846	-0.000154
-84.000631	84.000774	0.000773
-84.000118	84.000005	0.000005
-84.000276	83.999878	-0.000122
-83.999783	83.998831	-0.001171
-83.999924	84.000033	0.000033
-84.000115	84.000073	0.000073
-84.000018	83.999961	-0.000039
-83.999900	84.000100	0.000100
-83.999835	83.999995	-0.000005
-84.000015	84.000053	0.000053
-83.999397	83.999408	-0.000593
-84.000048	84.000009	0.000009
-84.000125	84.000015	0.000015
-84.000019	83.999950	-0.000050
-84.000242	84.000342	0.000342
-83.999674	84.000182	0.000182
-84.000091	83.999814	-0.000186
-84.000034	84.000338	0.000338
-83.999920	84.000537	0.000537
-83.999990	83.999982	-0.000018
-84.000212	83.999649	-0.000351
-83.992640	83.992445	-0.007583
-83.999734	84.000522	0.000521
-83.999992	84.000600	0.000600
-83.999979	83.999985	-0.000015
-83.999856	83.999720	-0.000280
-84.000012	84.000044	0.000044
-84.000414	84.000281	0.000281
-83.999833	84.000134	0.000134
