-303699.579176	-535269.201394	-535269.229818
-121774.693163	554760.621455	554760.582891
117715.348859	56929.927389	56929.835713
111164.011583	-462642.293487	-462642.358131
177962.702875	-532655.252180	-532655.319516
-203196.946159	287230.707068	287230.665893
431486.309066	-370575.161306	-370575.328881
542214.652224	166676.756316	166676.375586
500722.809512	314596.224049	314595.976398
-134229.823155	595093.570726	595093.534523
123585.223272	-570478.462245	-570478.519344
275444.630942	-17655.625625	-17655.769897
135015.487078	304111.031526	304110.947873
239321.556230	-35286.093742	-35286.222463
605645.323916	-126759.515544	-126760.024184
-534667.966804	-246343.567099	-246343.590765
-482055.724050	322440.001544	322439.976392
313935.468958	130082.828313	130082.669379
103015.462817	-544099.234858	-544099.291846
229340.916044	183416.142443	183416.023885
521455.925971	313912.452869	313912.183949
-257649.228401	554114.576059	554114.545255
616648.056292	27243.589902	27242.981294
-98308.952750	582267.048387	582267.009386
-244430.080730	-258790.531082	-258790.569332
-139617.871168	-329332.425675	-329332.470219
296836.815817	-336445.479834	-336445.599285
513571.875674	7105.795241	7105.438896
-122071.878181	-140573.046355	-140573.097458
-501171.479246	129937.561373	129937.535458
-130315.091973	434432.549110	434432.506575
-346690.412100	484748.938145	484748.909859
171780.510230	135908.795775	135908.692225
-248029.159848	532200.775032	532200.743138
-199152.327669	76796.508266	76796.463611
-113649.634374	360155.515794	360155.469206
31386.268497	515520.206525	515520.153266
-60625.333394	376232.854852	376232.803801
-289569.934930	-458169.892430	-458169.923427
-462788.287097	-108094.920741	-108094.948310
-145900.151267	450352.889816	450352.849034
31146.728495	443595.815223	443595.757545
-175195.481130	190509.543215	190509.497757
-171913.944290	-9966.454693	-9966.502037
-14563.859521	-472922.634745	-472922.684394
70366.217840	614530.101971	614530.051348
-267456.040529	-357752.501396	-357752.536015
502209.348012	35824.672087	35824.332944
568563.424622	-27555.559806	-27556.019390
26738.924020	-528538.690583	-528538.740865
407031.944092	123987.721603	123987.500118
-160776.121802	595573.360750	595573.326117
403181.796527	-462749.886482	-462750.015465
-11449.455104	204139.723880	204139.660182
-24330.828760	-208836.477827	-208836.538824
352637.480348	-384325.085000	-384325.214650
265734.840098	-137337.050109	-137337.183665
172617.812479	538134.482035	538134.413178
580824.473484	31163.157963	31162.658900
-456478.302737	415571.363625	415571.338679
-377773.136275	2905.472538	2905.440335
98739.152344	-591928.308767	-591928.361571
262833.732147	-557296.538257	-557296.615535
-422519.679584	-126017.045794	-126017.075162
28727.595048	35563.361274	35563.287740
-335089.959539	213356.739879	213356.706373
476975.646198	350270.536794	350270.324757
-472495.908055	-380166.395146	-380166.419617
400433.736401	-256799.189948	-256799.372236
270369.275089	-61815.704710	-61815.845207
601266.332586	27441.905336	27441.347722
-33153.676603	-571544.259384	-571544.302160
-286369.600352	-490811.149681	-490811.180024
-488635.728110	-370726.403798	-370726.427799
51595.092938	-230710.762799	-230710.834199
-406042.395887	409102.272116	409102.245033
513443.948600	-92878.040673	-92878.379050
437511.685512	242714.796183	242714.575502
381690.344515	-230279.766098	-230279.943267
-352170.077917	-459447.924265	-459447.952276
414502.106408	383819.855112	383819.692771
503115.561909	312711.297867	312711.046426
-12297.980382	-596886.700603	-596886.743586
8248.163724	107626.282106	107626.212904
-476429.181551	-79663.775502	-79663.802587
43235.501970	-616617.439471	-616617.485604
-440697.665908	26880.293325	26880.264409
445691.605373	326419.291728	326419.092804
466173.026343	314826.002236	314825.784019
-129383.178887	550212.082731	550212.044498
-582044.205947	-85097.458569	-85097.481468
-12141.167261	-608659.636768	-608659.679116
-240759.858329	-480892.291976	-480892.324938
530110.888616	-159286.578572	-159286.918351
476821.426060	-373632.254282	-373632.446728
77508.033474	-166562.315846	-166562.394840
617822.184297	-17349.748132	-17350.350625
22115.992487	417266.356759	417266.298586
-599083.545585	2466.682437	2466.659985
-499591.744093	-113715.953884	-113715.979827
-609655.104327	21598.499611	21598.477517
-475094.097763	20642.688177	20642.660861
-445631.766523	-2331.114375	-2331.143052
-598683.540746	-154436.617604	-154436.639655
267411.991066	-476724.950634	-476725.040168
-248524.200823	-11187.355897	-11187.396635
132968.112140	-442018.627677	-442018.697227
-297333.637229	241591.971483	241591.936049
78838.666789	513907.593527	513907.534911
-76341.433860	-90883.241052	-90883.298191
-543138.969217	-27513.483721	-27513.508181
186564.738007	520361.234224	520361.161451
-399776.188354	423978.967443	423978.940341
-155628.794904	95378.179392	95378.130816
558905.230521	265478.301611	265477.953209
19609.032010	928.525691	928.453692
-317325.118355	-482116.438973	-482116.468058
476440.536816	-81127.658109	-81127.949247
-457542.232047	-138751.062317	-138751.089946
-526612.470487	-214121.937534	-214121.961763
-108683.140731	-512584.935924	-512584.975978
305852.381967	-533727.619166	-533727.707755
-335134.010943	516976.423148	516976.395040
-493728.627294	-262388.116921	-262388.141985
-279444.571460	312771.085625	312771.050273
-189030.527965	-567733.184576	-567733.217631
83547.852967	-494476.270817	-494476.329443
155387.115495	-575778.777427	-575778.837668
487615.244334	320828.920105	320828.686886
4221.245311	469509.792660	469509.739502
68695.071186	-15080.251158	-15080.332213
76495.671368	498263.058760	498262.999292
568459.255676	-243516.912601	-243517.264954
-589044.775957	27743.205185	27743.182387
-278709.592592	377826.152974	377826.118914
-71987.125325	-592228.013415	-592228.052446
388478.679726	-51067.800157	-51068.009954
-121217.086435	591489.755572	591489.718426
393019.297229	-263766.852231	-263767.028385
497763.802838	-325352.900075	-325353.127867
510453.476162	-191341.819705	-191342.119260
484100.486514	33493.565754	33493.252968
-444843.070309	203894.716510	203894.688604
-59524.973685	-615561.506207	-615561.544954
-283135.107695	-288868.094049	-288868.129167
-351379.924131	-491994.524847	-491994.552205
-412022.840350	-33498.804313	-33498.834620
-376896.477962	-441778.899311	-441778.926600
356847.831240	184056.911754	184056.735062
-163547.704339	-529462.279405	-529462.315238
-19701.231838	4391.946190	4391.880499
359437.008234	446398.215479	446398.091393
-399079.708341	419946.205124	419946.177918
613973.300357	2107.817014	2107.222288
-305711.625603	30396.708691	30396.672073
540895.032237	-50772.777920	-50773.173698
-111743.814502	184787.460470	184787.408685
617959.144118	23353.184917	23352.572002
218720.371393	259658.912601	259658.804386
593377.489720	172560.493230	172560.001621
3029.032824	-175406.330025	-175406.396033
-321002.354060	-93448.721795	-93448.757055
274194.681558	-486168.073742	-486168.163292
207555.515042	-164076.899635	-164077.010576
-258039.822596	-508139.266191	-508139.297482
436752.750082	425342.719348	425342.558524
281255.304493	549410.408940	549410.323116
402508.487691	264439.427515	264439.238568
-379403.782869	45094.724292	45094.692209
-227382.864016	-288680.306459	-288680.345277
-331578.686766	506343.577897	506343.549397
569626.841213	240782.158307	240781.772877
-610267.509356	35337.634256	35337.612190
-411815.866861	385058.587002	385058.559786
38286.778949	-222767.246577	-222767.316181
181498.004587	426336.474033	426336.392304
-15171.886035	606761.535204	606761.491388
-310436.687714	46464.869264	46464.832990
374696.330374	-165692.712368	-165692.897653
352678.146829	-381811.606307	-381811.736623
248635.885641	-271088.589377	-271088.702686
-263390.823054	285862.672218	285862.635323
-347052.330285	247526.150058	247526.117661
481875.343796	184424.475334	184424.191640
415531.219220	-444331.618585	-444331.757050
-78813.718752	-578658.900564	-578658.939768
-522588.719034	-139083.241120	-139083.266002
356010.612158	-89028.505543	-89028.689231
-29512.511883	-347866.198777	-347866.253343
261760.694060	131215.905726	131215.771089
-356328.150535	491088.454001	491088.426273
-428171.956139	300693.556956	300693.529291
-409661.953498	-179057.120751	-179057.150339
584497.060147	99410.461357	99409.958397
-352200.336920	403408.882997	403408.853367
594057.069754	-153099.282073	-153099.744055
-554311.994063	-230700.457299	-230700.480390
143678.997351	332743.007605	332742.924495
608545.649080	-56503.731242	-56504.288520
-318550.749151	-90728.674981	-90728.710435
-455011.455516	137943.157697	137943.129804
-441154.999107	-7921.770126	-7921.799018
-179247.298467	288975.210730	288975.167690
50560.664194	423016.048106	423015.986735
821563.700333	321156.321290	102748.433880
2004934.685649	22481.663188	-195926.713371
1940810.622358	67897.759841	-150510.614199
1008419.166329	587171.227009	368762.981688
1679337.995835	54539.887471	-163868.471602
1442135.119056	772004.010796	553595.654929
1296657.345957	733589.595781	515181.256611
1222463.862052	764200.467634	545792.134733
854302.143396	435336.955591	216928.917863
2015018.885342	424348.484568	205940.053808
1882518.710002	-30791.143385	-249199.515390
1941841.128313	503406.120730	284997.744857
839333.830165	72688.665682	-145720.114775
1811253.506488	623484.647011	405076.274572
1550057.935702	-388886.286668	-607294.647602
968854.755281	332454.410625	114046.271931
1759267.909631	-123316.156254	-341724.523019
1119891.706574	743525.911307	525117.597686
1816425.980940	299017.129294	80608.761130
1817572.077725	-202307.739933	-420716.111033
1765891.444150	-296219.870747	-514628.241169
939305.022773	7005.654238	-211402.454262
1809848.468495	-223047.409153	-441455.784337
1394560.865547	576838.128172	358429.788765
1045262.492479	498086.751914	279678.513076
1432033.320594	457503.120149	239094.782367
1220719.520523	491138.076663	272729.775882
1173959.957754	252029.839791	33621.575723
1631543.707706	788420.556014	570012.187663
1749660.011382	106918.688430	-111489.675449
1271189.265572	-348430.303920	-566838.634699
1612161.016359	133334.980688	-85073.372247
1078211.348523	-208921.562402	-427329.828230
956852.832351	589046.787233	370638.566682
1260356.873113	420444.166105	202035.862044
1948250.829864	-118850.185177	-337258.560753
1054128.853135	361960.101728	143551.887494
1017393.722522	34218.403143	-184189.775393
1761279.300245	-273510.969341	-491919.342558
1554032.737281	-334766.651741	-553175.011107
1425611.546593	820797.879772	602389.522029
1547616.760432	823567.418878	605159.053396
948853.832513	-157845.344315	-376253.572604
876919.794675	180808.029104	-37599.932376
1010039.829304	-113312.258868	-331720.468571
1963814.225237	409413.437228	191005.060770
904942.976531	282416.871381	64008.830905
1781910.172086	-1537.680970	-219946.047689
1921360.098690	199604.028493	-18804.344493
1938590.894906	410477.786867	192069.404875
1957260.815526	543688.661326	325280.283855
1725996.469629	-162446.060751	-380854.426905
1036977.402992	-30422.781117	-248830.987371
1487056.217686	832989.687936	614581.324756
1178752.258744	511859.281965	293450.989050
826040.918047	96261.466893	-122149.743967
1488781.943900	-70607.590747	-289015.933784
1686244.001810	-306051.775721	-524460.142746
921639.152356	551221.267057	332813.086039
1967021.686265	-62817.257181	-281225.633329
1894430.124354	-168465.979388	-386874.353820
1804434.009710	-245500.122619	-463908.498579
1660095.156881	-22867.813444	-241276.172217
828013.525870	213589.086596	-4818.748958
1158320.938710	270214.880898	51806.618298
1884495.025084	635091.112367	416682.736412
1238599.012230	-357582.687142	-575991.016550
1824874.173068	164255.545020	-54152.823392
1064739.632031	-62118.850552	-280527.080873
1000403.841274	648088.533433	429680.273058
1854689.196764	479050.432230	260642.059849
1838172.936309	302118.495277	83710.115635
952115.690588	-65876.529504	-284284.679063
1515402.741831	-127272.886541	-345681.234689
1658405.487576	764432.288870	546023.918508
1917880.293387	305189.684118	86781.310505
961837.987969	255351.264431	36943.151118
1677913.362184	-266290.330226	-484698.696373
1648166.997806	532087.225884	313678.864388
1427219.019840	-67058.683283	-285467.018655
1457287.790244	-384320.608699	-602728.962776
1550376.270089	-161118.472771	-379526.825945
1129929.877803	-30913.427936	-249321.684588
1813549.396129	518549.440868	300141.069657
1099191.427087	242514.239574	24106.012036
1100547.365265	-78354.546812	-296762.799094
1558193.428638	-66261.766670	-284670.117807
1794053.659276	-135403.064754	-353811.436204
959935.405344	-129660.767761	-348068.950853
2011943.266814	8926.154332	-209482.235890
1768413.096173	444702.708004	226294.340542
1510902.323105	-320650.841444	-539059.197994
1477851.547869	812988.093044	594579.726767
864089.054982	236233.134668	17825.189747
1893680.246603	213129.266532	-5279.108419
932462.494676	330876.659675	112468.559963
911590.587892	-19087.723588	-237495.808960
908115.195367	223950.751611	5542.720439
2047079.626536	221990.972379	3582.594423
1990624.816676	378228.669268	159820.291122
1643720.109687	705368.083747	486959.717120
1999800.367234	310026.427417	91618.050415
993567.751112	-71599.833538	-290008.022506
1114215.039706	27146.597389	-191261.644895
1818956.253367	-109938.858000	-328347.230021
1377561.159327	-268405.680720	-486814.019774
1986211.017813	491884.279020	273475.900056
1363239.102171	-6575.887462	-224984.209490
1931861.172959	93572.101810	-124836.274094
1816067.665753	683791.063446	465382.689223
1558856.019729	814658.897896	596250.508588
1759129.178512	278989.505998	60581.140555
1673723.807318	497529.767384	279121.404202
1799414.307276	-59583.688859	-277992.058027
1850125.027630	137776.043670	-80632.327595
1207018.864543	387870.236203	169461.949526
1033975.332742	678219.847650	459811.567102
1767496.151116	365648.845707	147240.479224
2032158.160878	118982.531754	-99425.845910
1707571.125618	-278121.363401	-496529.735938
1640271.954264	-232468.464836	-450876.827660
1582979.385669	814420.032234	596011.654496
2013761.915251	426232.866638	207822.999073
1789466.437464	-283404.245083	-501812.625514
1949125.439552	297469.322916	79060.944192
1457974.289314	137728.452501	-80679.882203
1375073.849794	-180274.614819	-398682.948016
1599133.943263	44654.545971	-173753.806894
1766282.920206	126037.038612	-92371.330349
1745173.446290	-54111.299501	-272519.665945
1063602.055703	-140373.329330	-358781.575638
1824682.944419	-247798.761023	-466207.149803
1080141.465503	620734.337989	402326.056385
1512220.374349	-341944.289983	-560352.652332
1644766.193560	35262.091753	-183146.267631
960312.144595	608679.516028	390271.280655
1800438.930651	-233684.127224	-452092.545685
1240593.547501	-176348.387588	-394756.696071
1515524.206357	-383566.840336	-601975.202806
955935.893145	-123263.552105	-341671.837516
808220.471344	92364.050813	-143144.038068
1006431.995868	-222846.394603	-441255.172265
1323288.143267	478552.610630	260144.288361
852287.717613	312815.868854	94407.909567
1752317.409906	-308665.902333	-527074.285631
1283136.523601	-18538.065128	-236946.370840
1656849.742342	612755.695608	394347.331061
924677.865752	211566.889849	-6841.173947
1249181.917084	614203.855549	395795.534873
1569735.156863	-384419.241809	-602827.617984
821050.989694	102167.805179	-130936.566901
2018858.098154	315975.898000	97567.507754
912394.750852	241409.192710	23001.141390
1928698.388739	578162.783437	359754.406013
1205869.813025	781466.245642	563057.908597
1409016.550316	263207.965937	44799.638272
1896192.644810	123976.507272	-94431.866814
2005222.800205	150459.550642	-67948.827042
1350241.690267	-393996.124636	-612404.469370
951945.426673	-157877.750244	-376287.318933
1576975.303175	80428.779123	-137979.571948
1643122.977949	240668.181876	22259.825747
1397450.124615	233838.458987	15430.132405
1621924.530732	-51157.260709	-269565.618217
1503941.237889	774406.450148	555998.087728
892534.340155	-65350.047035	-283758.130888
1777815.796865	644298.890122	425890.516778
1157396.880136	-35515.462505	-253923.736246
834272.029545	243575.917217	25168.041945
1733562.602263	626298.428514	407890.058018
1410639.169480	446992.762177	228584.421298
824224.633207	333901.327284	115493.402652
1483123.090781	-116938.006806	-335346.354343
826711.946225	289313.149794	70905.267945
1930183.934997	235843.806171	17435.430196
1319038.183657	823389.014613	604980.665278
1005945.863726	-222428.484716	-440840.603238
1067555.102309	-219350.219674	-437758.503409
1982675.624032	441702.067718	223293.684997
2036976.595067	171564.553490	-46843.826219
1249633.716530	-305002.780692	-523411.104781
1667696.742554	40270.055941	-178138.320327
892955.356069	-15132.525915	-233540.597931
1372154.813005	532064.401886	313656.067566
1876796.682368	641607.787847	423199.349073
1791617.532013	-249186.503816	-467594.932296
1250383.399518	397781.943363	179373.639377
1774988.415138	336662.117796	118253.749020
1819558.045742	104525.582864	-113882.787443
1437620.925509	-330084.061744	-548492.412212
980009.783579	-114905.214738	-333313.421157
1281217.666750	500244.130801	281835.813559
1885801.331787	611974.920318	393566.539379
863602.589337	55926.050581	-162481.971873
844049.913946	401263.715734	182855.717896
2042302.297636	203290.560544	-15117.824715
1255093.277739	257191.113672	38782.820434
925870.475527	-53244.783314	-271652.908182
1563239.453217	462210.692830	243802.339821
1979440.700615	504326.124194	285917.727103
1859446.902227	486796.705225	268388.268340
1332160.547097	-85254.879018	-303663.199570
814149.917744	239075.800286	20667.981417
1638367.512747	-128505.451807	-346913.811689
