0.005726	0.008613	0.008579
-0.074553	-0.039920	-0.039968
-0.000695	-0.000687	-0.000804
0.002749	0.001281	0.001203
-0.004243	0.000123	0.000042
0.013892	0.000941	0.000890
0.000860	0.001309	0.001102
0.000662	0.000349	-0.000175
0.330337	-0.268111	-0.268446
0.041488	-0.022351	-0.022396
0.000856	0.002276	0.002207
-0.002442	-0.004158	-0.004342
0.002122	0.003181	0.003074
0.008607	-0.000313	-0.000477
-0.005973	-0.001307	-0.001978
0.001121	0.010203	0.010175
0.008118	-0.000727	-0.000758
-0.001401	0.000670	0.000463
0.002261	-0.002052	-0.002121
0.001934	-0.001999	-0.002152
-0.068786	-0.002055	-0.002421
0.005421	-0.010263	-0.010301
0.007702	-0.196437	-0.197267
-0.023065	-0.000384	-0.000433
0.001128	-0.004147	-0.004193
0.000130	0.001031	0.000976
0.002650	0.000514	0.000366
0.003219	0.004912	0.004437
0.002256	0.001265	0.001202
0.008691	-0.001096	-0.001128
-0.005794	0.006413	0.006360
-0.035030	0.032864	0.032829
0.002876	-0.000273	-0.000406
-0.001613	0.003483	0.003443
0.003024	0.000295	0.000239
0.002516	0.000689	0.000631
0.006332	-0.005349	-0.005416
-0.001706	0.000018	-0.000047
-0.002046	-0.007971	-0.008009
-0.002967	-0.001607	-0.001641
0.009235	-0.008881	-0.008932
0.000427	-0.006460	-0.006533
0.002512	-0.000157	-0.000214
-0.001403	0.000635	0.000576
0.002212	-0.001399	-0.001459
-0.002142	-0.004254	-0.004318
0.001825	0.001311	0.001269
-0.022554	-0.009067	-0.009520
0.002515	0.001807	0.001191
0.002037	0.000090	0.000029
0.000488	0.000353	0.000059
0.025772	-0.007498	-0.007541
0.002298	0.011036	0.010880
-0.000414	-0.000922	-0.001003
0.006188	0.002419	0.002344
0.007302	0.383266	0.383107
0.000777	0.000888	0.000719
0.003267	-0.010751	-0.010839
0.034288	-0.010691	-0.011368
0.017274	-0.002617	-0.002648
-0.004808	0.000566	0.000527
0.002312	0.008968	0.008905
-0.001354	0.005499	0.005406
-0.010039	0.001439	0.001403
-0.000264	-0.004054	-0.004147
0.003443	0.004500	0.004458
-0.000959	-0.015683	-0.015967
-0.013641	0.011730	0.011700
-0.042242	-0.032395	-0.032624
0.000306	0.003494	0.003315
0.049564	-0.011135	-0.011894
-0.001590	-0.006016	-0.006067
-0.000448	0.004041	0.004004
0.021955	-0.008919	-0.008948
-0.026380	0.017980	0.017892
0.024116	0.030746	0.030713
-0.002746	0.004733	0.004290
-0.000746	0.002249	0.001953
0.003956	-0.004405	-0.004628
0.005797	-0.000917	-0.000951
0.003396	-0.003364	-0.003579
-0.359414	0.296516	0.296175
-0.005444	-0.019474	-0.019525
0.000917	-0.001283	-0.001371
0.004169	-0.005144	-0.005177
-0.004331	0.007504	0.007449
-0.002335	-0.010374	-0.010410
0.026491	-0.008507	-0.008773
0.025277	0.010833	0.010539
0.078307	0.049348	0.049300
0.008993	0.000513	0.000485
-0.004045	0.032324	0.032273
-0.009342	-0.003076	-0.003115
0.000290	0.000938	0.000497
-0.007616	0.003379	0.003142
-0.001636	-0.000902	-0.001000
-0.011218	0.013023	0.012207
0.011845	0.007622	0.007548
0.005014	0.014156	0.014128
0.012081	-0.000166	-0.000198
0.029480	0.015191	0.015164
0.016976	-0.005268	-0.005301
0.061970	-0.068930	-0.068965
0.008913	0.001697	0.001670
0.019532	-0.027835	-0.027944
-0.000779	0.001296	0.001246
-0.004745	-0.005368	-0.005452
-0.002483	0.000532	0.000488
-0.007350	-0.017344	-0.017418
0.000599	0.000010	-0.000061
0.005210	0.001238	0.001208
-0.008433	0.004956	0.004863
0.031540	-0.207019	-0.207052
-0.002628	-0.001698	-0.001759
-0.003892	-0.004186	-0.004668
-0.001647	0.002735	0.002645
0.007486	0.001120	0.001085
0.007902	0.000541	0.000161
0.003129	0.008754	0.008720
-0.001753	-0.004343	-0.004373
-0.000039	-0.001148	-0.001196
-0.006198	0.003251	0.003145
0.010742	-0.038498	-0.038532
-0.002622	0.005297	0.005267
0.004698	-0.004877	-0.004921
0.004416	0.005545	0.005505
0.001798	0.000404	0.000334
-0.014047	0.006745	0.006673
0.038693	-0.032918	-0.033233
0.005890	-0.003992	-0.004059
-0.003532	0.002605	0.002503
-0.002979	0.012336	0.012260
-0.002826	0.003252	0.002802
-0.029404	-0.006709	-0.006736
-0.000519	-0.001169	-0.001211
0.004738	0.015822	0.015776
0.000999	-0.001201	-0.001473
-0.040826	0.000883	0.000837
0.038929	0.041478	0.041257
-0.003773	0.000760	0.000476
0.001429	0.004761	0.004376
0.036538	0.000288	-0.000128
0.004819	-0.001174	-0.001208
0.006333	0.014656	0.014610
0.006877	0.001769	0.001726
0.015850	0.008166	0.008133
-0.003210	0.005932	0.005895
0.012542	-0.004918	-0.004951
0.001361	-0.001352	-0.001585
0.002460	0.000962	0.000919
0.009595	0.000508	0.000425
0.001016	-0.003421	-0.003583
-0.044086	0.160607	0.160573
-0.006387	0.008869	0.008061
-0.005622	0.011449	0.011404
0.004693	0.004315	0.003790
-0.001533	-0.000218	-0.000283
-0.105551	0.187179	0.186344
0.000530	-0.001117	-0.001256
-0.006360	-0.001105	-0.001793
0.001787	-0.002456	-0.002538
0.204649	0.230535	0.230491
-0.021466	0.028861	0.028753
0.002658	0.001678	0.001539
-0.005033	0.009321	0.009283
-0.002336	-0.005372	-0.005585
-0.002794	-0.003106	-0.003216
0.007301	-0.001864	-0.002116
0.000975	-0.005349	-0.005389
-0.003385	0.003164	0.003116
-0.016543	0.016714	0.016678
-0.006212	0.004025	0.003489
0.024646	-0.029293	-0.029320
0.007665	0.011059	0.011026
0.024059	-0.012102	-0.012188
-0.002074	-0.000943	-0.001047
-0.001701	-0.004522	-0.004577
0.001946	-0.015069	-0.015113
0.000964	0.000932	0.000696
-0.005093	-0.379566	-0.379726
0.002140	0.000957	0.000816
0.001135	0.002130	0.002085
0.007866	-0.002648	-0.002688
0.001770	-0.000274	-0.000658
-0.008000	-0.003952	-0.004120
0.018114	-0.014966	-0.015013
0.010316	0.005486	0.005456
0.001791	0.002097	0.001861
0.000222	0.000826	0.000760
0.003826	0.000651	0.000476
0.055787	-0.024116	-0.024150
0.003343	0.000549	0.000515
-0.001489	0.004390	0.004354
-0.001593	-0.002776	-0.003468
-0.007721	0.001094	0.001057
-0.003197	0.006833	0.006228
0.019354	-0.000631	-0.000659
-0.001090	-0.004592	-0.004699
-0.006598	0.006750	0.006002
-0.207963	-0.227346	-0.227390
-0.000393	-0.001852	-0.001886
-0.053761	0.074950	0.074915
-0.019030	-0.001589	-0.001642
-0.016717	0.003323	0.003245
-83.982651	84.011991	0.012660
-83.998015	83.985588	-0.014384
-84.005328	84.006391	0.006423
-84.005198	84.000423	0.000612
-84.014754	83.985889	-0.014060
-83.995742	84.001997	0.002050
-84.001005	83.999346	-0.000581
-84.005256	84.004257	0.004338
-83.999934	83.994031	-0.005507
-84.303139	84.431637	0.431554
-84.004548	84.000135	0.000169
-83.992968	83.997987	-0.001983
-84.038655	84.042261	0.040602
-84.001644	84.001129	0.001162
-83.988037	84.012661	0.012709
-84.010435	83.996447	-0.003218
-83.994735	83.998109	-0.001850
-83.998159	83.997636	-0.002260
-83.981781	84.002857	0.002896
-84.010268	83.987127	-0.012837
-84.009562	84.008151	0.008187
-84.004389	83.994470	-0.005142
-84.021883	83.973589	-0.026378
-84.001939	83.996577	-0.003350
-83.999832	83.999110	-0.000689
-84.014350	83.993783	-0.006140
-83.999620	83.999765	-0.000113
-84.007731	84.006646	0.006818
-84.003450	83.996340	-0.003623
-83.993469	84.005246	0.005290
-84.006436	84.001692	0.001780
-83.999297	83.997335	-0.002606
-84.022605	83.986099	-0.013727
-83.993773	84.006344	0.006565
-84.004356	83.993844	-0.006037
-84.006736	84.001674	0.001704
-84.002224	83.997811	-0.001954
-84.002234	83.996952	-0.002757
-83.989792	83.996520	-0.003445
-84.010234	83.999916	-0.000033
-83.992699	83.995815	-0.004135
-83.975407	83.975508	-0.024451
-83.353720	84.004772	0.004970
-83.999961	84.005925	0.006504
-84.017602	84.001384	0.001635
-84.010423	84.002531	0.002559
-84.003839	83.995648	-0.003884
-84.003200	83.998883	-0.001076
-84.008921	84.004981	0.005014
-83.981101	83.999972	-0.000003
-84.005778	83.994906	-0.005067
-83.997795	84.001690	0.001732
-84.001327	83.996002	-0.003743
-84.001433	83.986724	-0.013232
-83.996076	83.996732	-0.003136
-83.992158	83.967705	-0.047263
-83.999554	83.998168	-0.001761
-83.994235	84.009631	0.009672
-83.995956	84.000462	0.000734
-84.006265	84.001066	0.001096
-84.008074	84.001263	0.001295
-84.040038	84.013135	0.013167
-84.002138	84.000248	0.000300
-83.992195	84.010374	0.011126
-83.996672	83.992269	-0.007555
-84.049734	84.027801	0.027830
-83.990501	84.005898	0.005989
-83.997269	83.995265	-0.004696
-84.001636	83.999881	0.000104
-83.997508	83.996454	-0.003376
-83.972024	84.045545	0.045578
-84.020495	83.996758	-0.003213
-84.002555	84.002713	0.003048
-84.005098	84.003479	0.003544
-84.006907	84.000648	0.000684
-83.993595	83.996954	-0.003014
-84.011443	83.998001	-0.001627
-83.989340	83.998155	-0.001802
-83.998007	83.997187	-0.002766
-83.996944	83.999472	-0.000447
-83.994689	84.005481	0.005538
-84.000974	84.003873	0.003932
-83.993612	83.996777	-0.003037
-83.997080	83.996629	-0.003336
-83.999505	84.000943	0.001163
-84.008774	84.004342	0.004536
-83.999876	83.999762	-0.000177
-84.006653	84.004458	0.004494
-84.029744	84.068882	0.069172
-84.014621	84.017559	0.017577
-83.998300	83.999778	-0.000182
-83.996557	83.990842	-0.009102
-83.995944	84.003273	0.003316
-84.005464	84.000520	0.001121
-83.991617	83.997565	-0.002403
-83.996976	83.995632	-0.003980
-84.018991	84.003482	0.003906
-83.993746	84.004824	0.005309
-84.010081	83.988813	-0.011160
-84.006702	84.004152	0.004179
-84.000556	83.999394	-0.000566
-83.988185	84.005792	0.005820
-84.005848	83.998562	-0.001156
-84.003099	83.996900	-0.002895
-84.009200	83.997818	-0.002147
-83.999073	84.001042	0.001119
-84.020173	84.016326	0.016352
-84.000932	83.998528	-0.001373
-84.003934	83.998449	-0.001521
-84.002172	83.993575	-0.006394
-84.010357	84.015082	0.015105
-83.995717	84.001316	0.001358
-84.000733	84.000998	0.001043
-84.005622	83.999699	-0.000262
-84.002449	83.999915	-0.000049
-83.994734	84.001423	0.001565
-84.000975	83.994582	-0.005273
-83.997402	83.994702	-0.005257
-84.008844	84.004076	0.004103
-84.000735	84.002591	0.002628
-83.995887	83.999416	-0.000537
-84.025708	83.997607	-0.002362
-83.728264	83.567297	-0.434065
-84.023879	84.008785	0.008814
-84.008245	84.002165	0.002193
-83.999335	83.999447	-0.000471
-83.999469	84.001612	0.001696
-83.992691	84.000362	0.000420
-84.001426	83.993105	-0.006855
-83.998801	84.000084	0.000126
-84.006529	84.003750	0.003952
-84.053278	84.012805	0.012827
-84.003051	83.998235	-0.001620
-83.995806	84.007425	0.007475
-83.983326	84.005896	0.005948
-83.996329	83.988299	-0.011497
-83.978717	83.981055	-0.018945
-84.000605	84.001773	0.001891
-83.991958	84.005980	0.006029
-83.941395	83.938747	-0.061038
-113.087434	98.575923	-7.970813
-85.277353	85.106902	1.104181
-84.003507	84.000323	0.000419
-84.012001	83.997494	-0.001930
-83.989923	84.023469	0.023496
-83.999873	83.999399	-0.000481
-83.997823	83.998710	-0.001247
-84.019810	84.014457	0.014903
-84.000270	83.997848	-0.002055
-84.029213	84.000926	0.000962
-96.215036	111.452477	8.082625
-84.029537	83.993060	-0.006923
-84.007978	83.987460	-0.012077
-84.004639	83.996871	-0.003102
-83.992522	83.990381	-0.009541
-84.002540	83.995813	-0.004097
-84.005228	84.000185	0.000218
-84.000641	84.001851	0.001879
-83.998854	84.004021	0.004091
-84.629387	84.020458	0.019476
-83.995488	83.997053	-0.002886
-83.998826	83.999125	-0.000821
-83.999470	84.003199	0.003291
-83.999476	84.001553	0.001607
-84.001843	84.003114	0.003160
-83.984546	84.005377	0.005806
-83.997983	83.994877	-0.005090
-84.017125	84.001645	0.001812
-84.006848	83.990371	-0.008932
-83.996195	83.999411	-0.000553
-83.990215	84.006149	0.006225
-83.997107	83.970622	-0.028747
-83.991426	84.000574	0.000642
-83.992059	84.001890	0.002572
-84.005681	83.996362	-0.003608
-83.998672	83.996751	-0.003188
-82.700875	82.894444	-1.113080
-83.987987	84.021649	0.021811
-83.997622	83.991644	-0.008332
-84.009860	84.001383	0.001409
-83.998308	83.999702	-0.000201
-84.009747	84.007175	0.007213
-83.967337	83.993472	-0.006076
-84.001531	83.998374	-0.001546
-83.960091	83.955097	-0.044922
-83.941341	84.026359	0.026351
-84.002538	84.005118	0.005239
-83.997938	84.000720	0.000760
-84.001920	84.003830	0.003868
-83.995329	84.000846	0.000909
-84.009935	83.993159	-0.006574
-83.999849	83.996517	-0.003381
-84.004911	84.006769	0.006795
-84.010322	84.008278	0.008684
-83.998157	83.998213	-0.001269
-84.005612	84.005639	0.005660
-84.003309	83.999952	0.000087
-83.994653	83.997438	-0.002187
-84.000203	83.999688	-0.000255
-84.003015	83.979208	-0.020780
-84.028289	83.954251	-0.045765
-83.999225	84.001288	0.001389
-83.966251	84.001286	0.002065
-84.000205	84.001107	0.001157
