-262477.566734	180159.406423	180159.405864
34756.076961	88527.571709	88527.570697
-342016.790944	-109855.613769	-109855.614269
-97326.017074	-195093.338061	-195093.338822
-185229.405380	106741.841295	106741.840642
532286.945135	261703.896925	261703.893540
-23063.336908	-592122.679884	-592122.680540
-454774.608661	-140109.257416	-140109.257831
-159016.930996	561440.498737	561440.498210
-204172.608164	313548.622813	313548.622229
-349450.291519	148421.314677	148421.314190
251451.540884	-20013.680428	-20013.682161
-145535.664322	46477.514169	46477.513459
-584811.875432	-163665.474229	-163665.474570
43670.534305	-113319.002281	-113319.003321
-80825.174168	-253171.068468	-253171.069236
-586001.392101	28742.113200	28742.112855
597270.229894	160083.606236	160083.601304
445930.204011	-424356.283279	-424356.285547
164497.597088	589989.798675	589989.797786
130779.052671	235447.198549	235447.197381
-174989.452326	36512.657880	36512.657207
72347.070688	-77706.150724	-77706.151838
-83972.980221	-478423.120967	-478423.121625
-1207.622896	519477.907775	519477.907063
-189221.863051	-589145.521493	-589145.521994
-170599.119571	-35580.838376	-35580.839056
566086.764713	-55986.356136	-55986.361094
-27270.322982	581557.553870	581557.553230
412576.334125	444752.643002	444752.641162
251374.134363	554938.754684	554938.753585
574810.266324	180948.101477	180948.097083
-550796.759640	52001.154244	52001.153882
490743.048941	-355810.653620	-355810.656514
538840.457794	-258098.620778	-258098.624706
-411734.322718	259559.922750	259559.922323
25898.484085	231042.464493	231042.463557
-385572.462013	71855.078470	71855.078004
413590.122208	297854.872057	297854.869816
243159.115243	385839.969137	385839.967815
81248.623753	611384.058679	611384.057934
16321.953611	400605.644219	400605.643402
-410343.824606	-239054.577337	-239054.577772
-122351.472178	-138424.193788	-138424.194525
-526644.887952	-311658.562453	-311658.562809
329182.101665	265022.065254	265022.063412
-16007.641069	-264646.587331	-264646.588199
130464.782087	5632.991554	5632.990279
280884.548584	513497.457225	513497.455990
470197.673192	-244707.824892	-244707.828002
583786.563446	67665.187526	67665.182433
301920.183054	138500.544806	138500.542919
275506.333134	531968.578999	531968.577809
483320.494512	308551.631277	308551.628565
-615484.364971	25409.157661	25409.157330
-289206.506998	-104807.914617	-104807.915164
-510379.805096	344388.258383	344388.258026
-32564.084357	-192518.285355	-192518.286221
-409231.808489	392624.229195	392624.228791
379565.210669	-260420.545087	-260420.547377
-130016.227589	585777.565036	585777.564496
549524.925169	-271586.668459	-271586.672480
209166.060843	-573350.061645	-573350.062678
-308484.699071	493783.693494	493783.693053
137758.656749	-434535.052336	-434535.053387
-186628.880064	525502.582688	525502.582168
-48753.498273	534897.711856	534897.711210
394194.453033	357309.957808	357309.955832
-200068.994908	-474944.486113	-474944.486654
-187874.476562	138239.432959	138239.432315
502545.340977	356152.766316	356152.763631
-213280.980262	-578175.096765	-578175.097252
395379.075386	-156481.343713	-156481.346295
94099.500077	-225254.006239	-225254.007360
289285.663227	-442115.145037	-442115.146504
-476558.480074	363611.756208	363611.755836
260944.039149	-205783.563473	-205783.565174
89182.003087	-488891.739551	-488891.740451
283566.332097	-368307.970070	-368307.971649
-343606.158831	-21156.884557	-21156.885059
-226243.086439	-573974.510419	-573974.510898
-55751.554180	-406409.199411	-406409.200145
-188962.587318	451161.730318	451161.729769
-69875.515957	24969.082110	24969.081286
-12626.548786	-565864.711247	-565864.711934
132455.383797	-239388.698875	-239388.700089
3219.634862	-617940.331950	-617940.332617
-335429.985862	179434.863924	179434.863429
-68176.621405	594889.538635	594889.538044
131197.111588	122228.946303	122228.945062
-164517.640251	-596233.955909	-596233.956427
425085.291690	-267798.493039	-267798.495658
-581122.636489	4040.029977	4040.029630
128714.228540	-184531.030783	-184531.032018
-385961.345616	-483573.254233	-483573.254635
82525.131033	-56153.704450	-56153.705593
535407.904922	-120597.195857	-120597.200179
-416656.481682	95576.079921	95576.079479
136719.035296	-356928.504726	-356928.505855
-370237.322253	495760.205861	495760.205459
-91972.092986	598208.245914	598208.245348
-494080.726648	349307.442254	349307.441890
-179966.062932	-591995.880468	-591995.880975
492528.457867	-275908.104073	-275908.107321
516973.688751	202237.208774	202237.205313
-403655.884761	322421.093784	322421.093363
-529211.962416	306335.023590	306335.023238
-604551.563354	-55779.537374	-55779.537710
-558638.754200	-93799.863099	-93799.863456
471725.472890	-358664.344198	-358664.346910
576486.499243	19926.146965	19926.141884
513126.212720	265930.079121	265930.075964
537399.145669	196716.708629	196716.704884
-463680.377201	396359.035590	396359.035218
204098.520946	481345.462830	481345.461736
266238.429237	946.551419	946.549619
549482.916222	-208195.529253	-208195.533575
138895.309173	588409.870055	588409.869206
-178079.925922	-485231.109578	-485231.110135
-437148.042845	-421014.438455	-421014.438841
328916.502439	522085.048607	522085.047254
-137779.954678	488360.606097	488360.605517
-453248.267114	246445.793395	246445.792992
315734.685376	-165793.908093	-165793.910114
144961.847853	600833.126738	600833.125892
530313.256432	-229402.298031	-229402.301958
-60317.596198	-615801.892659	-615801.893260
10883.414882	-275707.618199	-275707.619111
570051.116875	179266.290053	179266.285732
-171116.896342	40149.675194	40149.674517
205852.486009	-211701.163505	-211701.164976
-361933.398857	-411664.025580	-411664.026015
573807.271475	-217583.157172	-217583.161902
-589194.966944	-126301.811131	-126301.811471
-338499.232187	-387091.113612	-387091.114069
249428.457636	-505102.364304	-505102.365537
-177110.784521	275454.208834	275454.208211
-340623.975196	-493458.867680	-493458.868107
263610.095871	522726.540478	522726.539302
-224274.561495	498138.384598	498138.384097
151396.954032	298436.729904	298436.728736
92196.560199	-438078.637179	-438078.638132
-443950.433331	230622.882196	230622.881785
377106.866649	-425399.435345	-425399.437218
-489780.369637	272753.634159	272753.633782
332772.247616	-440905.045285	-440905.046920
-249049.474136	63108.179850	63108.179263
-264682.031490	534360.034509	534360.034051
542885.234373	-213683.588391	-213683.592579
-182562.602464	586981.829532	586981.829035
-390468.265554	-295676.185196	-295676.185636
571888.273559	-8885.075336	-8885.080374
534657.727347	131757.523051	131757.519082
-321287.582886	231313.628363	231313.627865
582087.888096	-187273.250444	-187273.255489
11104.497626	554479.594543	554479.593841
-296185.770864	-480944.260506	-480944.260968
248268.883411	538857.598713	538857.597598
-460131.223568	-405558.637768	-405558.638145
-240366.402646	-560762.413662	-560762.414136
472043.794886	-297926.389395	-297926.392344
-600719.349449	-147250.251466	-147250.251800
-413366.130458	228137.161098	228137.160668
-163779.795225	596241.956294	596241.955786
95608.569723	507075.179479	507075.178620
-44810.979258	46673.428516	46673.427652
558288.698135	-36848.023655	-36848.028444
331521.874173	-516289.548906	-516289.550367
243135.970016	479881.749915	479881.748727
-248241.376493	541853.888712	541853.888245
-378576.177267	439505.791918	439505.791506
-239892.523136	534719.905111	534719.904636
-204590.304658	-218871.507902	-218871.508520
-190259.374224	585493.069605	585493.069113
-271697.401878	555822.470468	555822.470022
487515.161387	-134792.742382	-134792.745956
366437.219914	67548.822654	67548.820300
55725.687207	-510037.198988	-510037.199813
82372.336090	148721.945738	148721.944639
-95326.900350	-422121.567437	-422121.568112
293667.567961	127475.973370	127475.971513
494396.571584	-301871.709859	-301871.713023
-291889.960036	-297842.543137	-297842.543653
-573656.135378	-158850.267840	-158850.268187
403533.115627	-449478.910665	-449478.912603
-86719.822803	-136346.547884	-136346.548673
35743.027624	604186.136596	604186.135901
231376.813811	-130554.733509	-130554.735132
28292.768878	363630.118249	363630.117388
-270978.010210	-548122.252920	-548122.253377
581051.823276	-211083.336493	-211083.341403
-415808.605642	-202076.527237	-202076.527672
-269098.968184	183847.316478	183847.315927
-40850.756138	580898.430591	580898.429965
-352113.702824	-178739.191156	-178739.191642
-496716.220349	306706.343066	306706.342697
-533350.307326	-312084.502848	-312084.503201
-358860.530802	121818.031651	121818.031168
-465007.651116	-332358.808912	-332358.809299
-127004.140526	215977.313984	215977.313283
43484.408693	616326.817847	616326.817152
-228422.161992	-438204.092468	-438204.092998
44298.905877	46055.209932	46055.208890
-457335.389659	261965.051518	261965.051120
1805811.064052	-356877.682954	-413166.082415
2166440.308900	-26214.655495	-82503.055215
2001201.179774	200653.604045	144365.203822
1460887.946007	559174.911575	502886.512449
1221569.587078	-319418.049533	-375706.447571
2027900.230289	-220531.078875	-276819.478485
1778190.144959	-399292.991395	-455581.390870
1900873.596347	-195611.469547	-251899.869066
2093910.617062	409513.972544	353225.566304
1355348.750176	-135684.654891	-191973.053336
1679183.123574	575221.723773	518933.324322
2138957.561703	185870.307985	129581.907456
1074971.108540	-218455.512239	-274743.908735
1413187.793575	-136131.570295	-192419.968989
1817249.914149	112853.672097	56565.272598
1660578.359149	666672.751791	610384.352324
1903868.900498	-295861.273330	-352149.672870
1859663.502996	591951.536094	535663.136443
1442927.025945	368087.328039	311798.929124
2117856.566927	240833.371900	184544.968971
1131897.171352	358728.851268	302440.453707
1013328.286841	-156017.488014	-212305.883337
1349340.091362	624081.782918	567793.383931
2033707.791112	-165560.038399	-221848.438033
1529334.053332	658494.524695	602206.125377
2028991.244471	-194202.300194	-250490.700064
2171255.922491	-68626.380823	-124914.780566
1221843.825173	548662.120580	492373.722063
1631049.228248	-561375.204118	-617663.603502
1690872.006409	652257.493652	595969.094002
1549471.684069	-434580.827211	-490869.226401
1603132.792287	-92333.400731	-148621.799854
1673398.212097	-154804.160132	-211092.559389
995321.824909	-3208.707908	-59497.102777
2049573.711536	-338375.995761	-394664.395401
1793067.999582	-294065.531749	-350353.931202
1010829.413604	-73366.227083	-129654.622256
1520348.272202	355606.955455	299318.556355
1440419.487619	247851.627356	191563.228539
2202646.865245	2295.608212	-53992.791596
1591649.658116	-552545.693999	-608834.093441
1605608.672259	-228936.193638	-285224.592808
1662391.428036	521315.945496	465027.546063
2205564.468505	-34364.498974	-90652.899164
1660218.638820	386273.466562	329985.067191
1903744.268490	-446149.290782	-502437.690355
1007776.463664	172472.973979	116184.578498
1860584.922710	-382713.710695	-439002.110266
1428558.284735	-112714.012320	-169002.411187
1514465.672748	662923.986198	606635.585120
1606720.415680	-356320.747186	-412609.146422
1791360.633213	-391125.336554	-447413.737487
1858123.396565	-448562.181428	-504850.581068
1389390.085676	-119681.523371	-175969.922364
1181199.257038	516601.807576	460313.409257
1539331.336944	-402899.643347	-459188.042585
1676202.734440	187140.327654	130851.928345
1163588.271438	-384508.664960	-440797.062847
1898686.652118	-278278.549674	-334566.949678
1230731.864999	534135.026467	477846.627242
1279510.521005	-67417.233917	-123705.631983
2133173.528137	-19207.428789	-75495.828726
1498280.011236	374323.835224	318035.435945
1558192.745761	-262245.830520	-318534.229646
2088439.990229	328209.418677	271920.957871
999634.209722	-46499.584177	-102787.979263
1968478.798700	-115697.515369	-171985.914962
1733626.244758	-189106.183414	-245394.582784
1669165.891317	223629.842875	167341.443508
1055939.388140	-64851.436326	-121139.832395
1811575.381518	330775.389234	274486.989539
2132392.773953	352125.396365	285223.652081
1006641.441636	-137898.747922	-194187.143488
1819202.065557	-135778.615104	-192067.014560
1636834.832681	100415.380148	44126.980938
1433420.973815	-457797.827037	-514086.226048
1496251.034114	-359814.970473	-416103.369543
1059222.508969	-195421.566155	-251709.962552
2186948.730792	188843.232697	132554.832088
2178852.422073	234575.328733	178286.926500
1166083.001462	-90152.913260	-146441.310548
1281906.579924	188150.774363	131862.376194
1040383.057758	-138165.241947	-194453.638100
2197797.270001	169265.707529	112977.306938
1891799.761169	503348.220109	447059.820326
1388971.596565	151365.273020	95076.874421
1711078.025989	489299.883457	433011.482497
2131864.932599	347352.205796	256552.256855
1642413.069515	-328948.384530	-385236.783868
1018393.878121	168968.332461	112679.932216
1638677.190178	-94800.482596	-151088.881964
1741554.715337	406441.624212	350153.224665
1187724.553290	423142.667649	366854.269553
1955657.815875	271181.715282	214893.314701
1009009.504062	176778.010486	120489.582024
2126770.917615	349032.278896	292742.347034
1150747.472383	-47721.132780	-104009.529944
1921875.900121	-308257.178335	-364545.578443
1087053.906734	50706.995617	-5581.400839
1435914.700571	602110.476115	545822.076941
1940969.877661	-39987.858703	-96276.258281
1492241.382180	-525075.215894	-581363.615091
2169590.771322	201288.803287	145000.401687
1159346.316428	-32937.393726	-89225.791594
2199182.267739	73917.900408	17629.500548
981032.601991	61521.156007	5232.761334
1904338.775287	591465.863088	535177.463300
1412344.174496	249569.453619	193281.054542
1147189.467700	392222.398205	335934.000338
1502939.397828	549875.237395	493586.838096
1011120.588795	200944.583572	144656.187575
2104456.941690	405057.382881	348768.970476
1927752.595339	-251524.972881	-307813.372568
2045360.620659	-309322.022728	-365610.422485
2166201.120330	274872.585787	218584.175550
1125158.018275	-114587.409314	-170875.806303
1267138.913657	-438729.578645	-495017.977166
978220.334491	35210.418585	-21077.976156
1410896.464407	168253.271395	111964.872485
1643993.341839	382710.351993	326421.951117
1857299.470739	527864.357085	471575.957311
1396888.054480	-431800.370352	-488088.769308
1195841.242238	296036.466619	239748.068762
1115252.082432	-127310.371105	-183598.768834
1242124.948055	-311660.115325	-367948.514059
1118650.734038	-333948.692739	-390237.090150
1991586.845821	490973.431545	434685.031420
1135892.038235	-244257.475219	-300545.872506
2065480.158939	263063.251394	206774.847530
1393383.534064	496501.487440	440213.088493
1999585.314523	-369440.893492	-425729.293159
2120024.831853	378665.930610	322377.489240
1979994.286550	185393.088453	129104.688151
1409628.535036	461663.560898	405375.161901
1743274.618680	89479.763605	33191.364201
1702005.052772	599623.133427	543334.733797
2038277.791367	-12487.805648	-68776.205333
1235065.654014	-425501.586601	-481789.985124
1017442.433588	281320.215386	225031.819309
1705510.701186	-439176.676710	-495465.076140
1269610.729238	264807.803191	208519.404965
1661989.427098	625848.120494	569559.720857
1247175.886369	-452308.781358	-508597.180306
1089799.311150	-302656.834174	-358945.231241
1684148.611056	622996.789142	566708.388716
1585470.616678	655836.031001	599547.631508
1212680.288287	-411014.124116	-467302.522698
1286132.475268	-156901.647709	-213190.045898
1869621.649568	550522.130189	494233.730226
1680010.880264	466227.049487	409938.649938
1719249.824526	85683.971915	29395.572051
1878430.858948	195158.009833	138869.610084
1512185.364999	209887.353707	153598.954692
1974380.017648	-335138.235216	-391426.634946
1644467.053058	-171988.835638	-228277.235028
1878324.569223	-180831.323650	-237119.723447
1431455.533610	492238.091923	435949.692693
1708262.046516	488894.190790	432605.524276
1434802.198725	532781.127663	476492.728417
1791800.819064	468798.997681	412510.598007
1109540.531312	427815.608283	371527.210592
1226153.937727	-361075.697011	-417364.095301
1847519.152970	620166.797717	563878.397934
2013162.529082	349872.373502	293583.969445
1778928.788016	-52784.820517	-109073.219930
1919895.610991	564175.327578	507886.927626
2115613.007174	109255.197324	52966.797395
1384422.985313	182458.836561	126170.437647
1202095.614707	458028.953331	401740.554999
2153352.671452	242612.456001	186324.052186
1398543.737812	328448.960979	272160.562167
1436753.769121	439114.104538	382825.705409
2001745.005252	-405735.598093	-462023.997802
1456394.063985	475865.089680	419576.690284
1259417.391432	559184.011318	502895.612441
1706523.464235	590847.715507	534559.312500
2086627.644659	-126122.708518	-182411.108217
1916246.606429	-430953.957900	-487242.358028
2117248.279769	386209.238207	329920.807719
1354780.095720	-440675.802098	-496964.201025
1127468.102486	-169487.113304	-225775.510410
1791325.845523	574974.892077	518686.492383
1359818.972291	-509273.971763	-565562.370706
1975935.413048	343027.170685	286738.768875
1738419.586776	-230282.573599	-286570.973033
2042105.105437	-331033.075593	-387321.479106
1545798.149140	287718.745847	231430.346705
1978524.805033	-51521.663751	-107810.063495
1314767.569880	208681.192333	152392.793850
1271326.914502	-461918.555791	-518206.954991
1037408.887465	-214376.313037	-270664.709342
1066098.113459	-43288.307253	-99576.703694
1489805.156336	-543107.912228	-599396.311887
2190091.609364	157095.755173	100807.353732
1095949.273225	278881.746594	222593.349542
1431553.578494	-509243.852659	-565532.251823
2203276.177300	-32087.607992	-88376.121373
1425007.887750	-521269.206151	-577557.606536
1014061.498479	152866.876465	96578.479802
1919509.764076	-130098.744854	-186387.144496
1377429.370501	-101646.806875	-157935.205878
1397278.466999	-217462.941150	-273751.339839
1032292.300837	-152711.823024	-209000.220670
1538029.414253	-278746.109353	-335034.508706
