0.005903	0.008880	0.008843
-0.076928	-0.041199	-0.041251
-0.000710	-0.000705	-0.000830
0.002835	0.001324	0.001240
-0.004373	0.000131	0.000044
0.014323	0.000971	0.000916
0.000889	0.001358	0.001136
0.000700	0.000375	-0.000194
0.346458	-0.280910	-0.281275
0.042786	-0.023043	-0.023092
0.000883	0.002349	0.002276
-0.002510	-0.004279	-0.004478
0.002193	0.003281	0.003166
0.008879	-0.000317	-0.000493
-0.006146	-0.001324	-0.002048
0.001157	0.010519	0.010488
0.008370	-0.000749	-0.000782
-0.001435	0.000697	0.000473
0.002331	-0.002112	-0.002185
0.002001	-0.002056	-0.002221
-0.070897	-0.002101	-0.002499
0.005590	-0.010579	-0.010620
0.008312	-0.203466	-0.204366
-0.023772	-0.000396	-0.000448
0.001165	-0.004272	-0.004322
0.000136	0.001065	0.001007
0.002734	0.000536	0.000378
0.003331	0.005080	0.004566
0.002328	0.001306	0.001239
0.008960	-0.001129	-0.001163
-0.005969	0.006612	0.006555
-0.036126	0.033891	0.033853
0.002971	-0.000278	-0.000420
-0.001660	0.003590	0.003548
0.003120	0.000305	0.000246
0.002597	0.000712	0.000649
0.006531	-0.005513	-0.005585
-0.001755	0.000019	-0.000050
-0.002108	-0.008215	-0.008255
-0.003057	-0.001655	-0.001691
0.009523	-0.009154	-0.009209
0.000444	-0.006658	-0.006737
0.002593	-0.000160	-0.000221
-0.001443	0.000656	0.000593
0.002281	-0.001439	-0.001503
-0.002204	-0.004384	-0.004453
0.001883	0.001353	0.001308
-0.023240	-0.009332	-0.009822
0.002606	0.001883	0.001217
0.002100	0.000095	0.000031
0.000515	0.000372	0.000055
0.026568	-0.007729	-0.007775
0.002369	0.011383	0.011215
-0.000422	-0.000949	-0.001035
0.006381	0.002496	0.002416
0.007632	0.401445	0.401275
0.000806	0.000922	0.000741
0.003372	-0.011082	-0.011177
0.035360	-0.010998	-0.011732
0.017808	-0.002697	-0.002730
-0.004954	0.000585	0.000543
0.002384	0.009247	0.009180
-0.001396	0.005672	0.005573
-0.010347	0.001485	0.001446
-0.000267	-0.004176	-0.004275
0.003551	0.004639	0.004595
-0.000977	-0.016160	-0.016469
-0.014062	0.012094	0.012062
-0.043560	-0.033405	-0.033651
0.000322	0.003608	0.003416
0.051138	-0.011466	-0.012288
-0.001639	-0.006199	-0.006253
-0.000462	0.004167	0.004128
0.022634	-0.009194	-0.009225
-0.027195	0.018541	0.018446
0.024853	0.031696	0.031660
-0.002820	0.004895	0.004417
-0.000756	0.002325	0.002005
0.004083	-0.004531	-0.004771
0.005976	-0.000944	-0.000980
0.003511	-0.003464	-0.003697
-0.376381	0.310192	0.309822
-0.005611	-0.020077	-0.020132
0.000949	-0.001320	-0.001414
0.004298	-0.005301	-0.005336
-0.004464	0.007738	0.007679
-0.002405	-0.010692	-0.010730
0.027318	-0.008764	-0.009052
0.026069	0.011170	0.010852
0.080803	0.050918	0.050867
0.009271	0.000530	0.000500
-0.004169	0.033327	0.033273
-0.009628	-0.003168	-0.003211
0.000308	0.000983	0.000508
-0.007848	0.003493	0.003239
-0.001683	-0.000926	-0.001031
-0.011550	0.013451	0.012567
0.012214	0.007858	0.007779
0.005169	0.014593	0.014564
0.012455	-0.000170	-0.000204
0.030391	0.015663	0.015634
0.017501	-0.005428	-0.005464
0.063963	-0.071156	-0.071193
0.009188	0.001750	0.001722
0.020140	-0.028697	-0.028813
-0.000800	0.001338	0.001284
-0.004890	-0.005530	-0.005620
-0.002556	0.000550	0.000503
-0.007572	-0.017878	-0.017958
0.000620	0.000013	-0.000063
0.005371	0.001277	0.001245
-0.008688	0.005109	0.005009
0.032656	-0.214357	-0.214393
-0.002706	-0.001749	-0.001813
-0.003994	-0.004303	-0.004828
-0.001694	0.002822	0.002726
0.007718	0.001156	0.001119
0.008155	0.000572	0.000162
0.003227	0.009024	0.008988
-0.001806	-0.004476	-0.004508
-0.000039	-0.001181	-0.001233
-0.006389	0.003356	0.003242
0.011077	-0.039691	-0.039728
-0.002702	0.005462	0.005429
0.004846	-0.005026	-0.005073
0.004553	0.005717	0.005675
0.001855	0.000420	0.000344
-0.014479	0.006956	0.006879
0.039881	-0.033922	-0.034263
0.006075	-0.004114	-0.004186
-0.003636	0.002689	0.002580
-0.003066	0.012717	0.012636
-0.002906	0.003369	0.002885
-0.030313	-0.006914	-0.006944
-0.000532	-0.001204	-0.001249
0.004884	0.016313	0.016264
0.001039	-0.001228	-0.001521
-0.042098	0.000915	0.000866
0.040155	0.042785	0.042548
-0.003885	0.000795	0.000490
0.001481	0.004922	0.004508
0.037681	0.000312	-0.000139
0.004969	-0.001209	-0.001246
0.006529	0.015109	0.015060
0.007090	0.001825	0.001779
0.016339	0.008419	0.008384
-0.003307	0.006115	0.006076
0.012929	-0.005068	-0.005103
0.001414	-0.001387	-0.001639
0.002537	0.000993	0.000948
0.009894	0.000526	0.000438
0.001055	-0.003524	-0.003699
-0.045577	0.166515	0.166479
-0.006571	0.009168	0.008293
-0.005792	0.011804	0.011756
0.004850	0.004466	0.003899
-0.001577	-0.000223	-0.000292
-0.109175	0.193992	0.193087
0.000554	-0.001148	-0.001298
-0.006536	-0.001118	-0.001867
0.001845	-0.002529	-0.002616
0.212868	0.239760	0.239714
-0.022132	0.029763	0.029648
0.002744	0.001736	0.001586
-0.005187	0.009610	0.009569
-0.002399	-0.005534	-0.005765
-0.002875	-0.003201	-0.003320
0.007538	-0.001916	-0.002188
0.001007	-0.005513	-0.005555
-0.003488	0.003263	0.003213
-0.017052	0.017237	0.017199
-0.006384	0.004162	0.003579
0.025408	-0.030198	-0.030227
0.007902	0.011400	0.011364
0.024807	-0.012474	-0.012567
-0.002132	-0.000970	-0.001083
-0.001750	-0.004660	-0.004720
0.002008	-0.015532	-0.015580
0.001000	0.000970	0.000717
-0.005350	-0.397618	-0.397790
0.002210	0.000992	0.000842
0.001172	0.002197	0.002148
0.008110	-0.002729	-0.002772
0.001840	-0.000272	-0.000688
-0.008245	-0.004067	-0.004247
0.018673	-0.015427	-0.015477
0.010635	0.005656	0.005624
0.001854	0.002170	0.001916
0.000230	0.000855	0.000784
0.003952	0.000676	0.000488
0.057528	-0.024872	-0.024908
0.003448	0.000567	0.000530
-0.001533	0.004527	0.004488
-0.001624	-0.002839	-0.003590
-0.007956	0.001128	0.001089
-0.003286	0.007064	0.006413
0.019951	-0.000650	-0.000680
-0.001118	-0.004732	-0.004846
-0.006788	0.006984	0.006174
-0.216280	-0.236471	-0.236517
-0.000403	-0.001908	-0.001944
-0.055498	0.077363	0.077326
-0.019614	-0.001636	-0.001694
-0.017227	0.003426	0.003342
-83.982126	84.012341	0.013061
-83.997954	83.985141	-0.014828
-84.005493	84.006587	0.006621
-84.005359	84.000428	0.000631
-84.015212	83.985453	-0.014493
-83.995612	84.002056	0.002112
-84.001037	83.999322	-0.000600
-84.005418	84.004385	0.004471
-83.999938	83.993830	-0.005673
-84.319757	84.455828	0.455728
-84.004690	84.000138	0.000175
-83.992752	83.997924	-0.002045
-84.038799	84.042533	0.040752
-84.001695	84.001163	0.001198
-83.987670	84.013050	0.013103
-84.010764	83.996325	-0.003315
-83.994576	83.998049	-0.001907
-83.998103	83.997559	-0.002330
-83.981220	84.002943	0.002985
-84.010586	83.986730	-0.013232
-84.009860	84.008400	0.008440
-84.004536	83.994287	-0.005294
-84.022560	83.972771	-0.027194
-84.002001	83.996468	-0.003453
-83.999830	83.999075	-0.000711
-84.014795	83.993589	-0.006330
-83.999611	83.999752	-0.000117
-84.007976	84.006844	0.007029
-84.003557	83.996225	-0.003734
-83.993271	84.005406	0.005454
-84.006639	84.001743	0.001838
-83.999279	83.997251	-0.002686
-84.023313	83.985665	-0.014147
-83.993583	84.006531	0.006767
-84.004493	83.993649	-0.006223
-84.006945	84.001725	0.001757
-84.002299	83.997735	-0.002013
-84.002313	83.996850	-0.002836
-83.989480	83.996412	-0.003551
-84.010552	83.999913	-0.000033
-83.992475	83.995684	-0.004262
-83.974644	83.974748	-0.025208
-83.319328	84.004772	0.004978
-83.999978	84.006087	0.006711
-84.018155	84.001421	0.001693
-84.010746	84.002607	0.002638
-84.003967	83.995497	-0.003999
-84.003301	83.998847	-0.001108
-84.009198	84.005134	0.005169
-83.980520	83.999970	-0.000003
-84.005956	83.994748	-0.005223
-83.997730	84.001741	0.001786
-84.001379	83.995872	-0.003853
-84.001478	83.986313	-0.013640
-83.995958	83.996626	-0.003232
-83.993193	83.968642	-0.049134
-83.999544	83.998110	-0.001814
-83.994060	84.009927	0.009971
-83.995833	84.000466	0.000757
-84.006460	84.001098	0.001130
-84.008324	84.001301	0.001335
-84.041288	84.013537	0.013571
-84.002207	84.000255	0.000310
-83.991969	84.010666	0.011477
-83.996576	83.992025	-0.007786
-84.051293	84.028679	0.028710
-83.990213	84.006079	0.006177
-83.997187	83.995118	-0.004840
-84.001696	83.999872	0.000113
-83.997432	83.996338	-0.003481
-83.971146	84.046975	0.047011
-84.021129	83.996656	-0.003312
-84.002648	84.002788	0.003151
-84.005258	84.003585	0.003655
-84.007120	84.000666	0.000705
-83.993399	83.996859	-0.003107
-84.011805	83.997926	-0.001673
-83.989014	83.998098	-0.001857
-83.997948	83.997098	-0.002852
-83.996854	83.999453	-0.000459
-83.994529	84.005649	0.005711
-84.001007	84.003991	0.004055
-83.993424	83.996673	-0.003127
-83.996991	83.996524	-0.003439
-83.999497	84.000964	0.001201
-84.009054	84.004471	0.004680
-83.999876	83.999753	-0.000181
-84.006861	84.004594	0.004633
-84.030715	84.071072	0.071386
-84.015073	84.018101	0.018120
-83.998250	83.999770	-0.000188
-83.996454	83.990560	-0.009381
-83.995820	84.003372	0.003418
-84.005646	84.000514	0.001163
-83.991360	83.997489	-0.002477
-83.996892	83.995483	-0.004099
-84.019595	84.003577	0.004036
-83.993567	84.004955	0.005478
-84.010392	83.988468	-0.011504
-84.006909	84.004279	0.004308
-84.000574	83.999374	-0.000584
-83.987820	84.005970	0.006000
-84.006040	83.998511	-0.001184
-84.003204	83.996799	-0.002980
-84.009486	83.997750	-0.002212
-83.999049	84.001073	0.001156
-84.020796	84.016830	0.016858
-84.000966	83.998480	-0.001413
-84.004057	83.998400	-0.001567
-84.002239	83.993376	-0.006591
-84.010681	84.015547	0.015572
-83.995587	84.001355	0.001400
-84.000757	84.001027	0.001075
-84.005797	83.999689	-0.000270
-84.002527	83.999911	-0.000050
-83.994577	84.001462	0.001613
-84.001005	83.994409	-0.005436
-83.997324	83.994537	-0.005419
-84.009117	84.004201	0.004230
-84.000760	84.002671	0.002710
-83.995763	83.999398	-0.000552
-84.026501	83.997532	-0.002434
-83.712591	83.543002	-0.458450
-84.024617	84.009055	0.009086
-84.008500	84.002230	0.002260
-83.999318	83.999427	-0.000485
-83.999458	84.001660	0.001751
-83.992469	84.000371	0.000434
-84.001472	83.992892	-0.007065
-83.998767	84.000085	0.000130
-84.006740	84.003862	0.004080
-84.054923	84.013200	0.013223
-84.003146	83.998175	-0.001670
-83.995681	84.007653	0.007707
-83.982814	84.006076	0.006132
-83.996217	83.987930	-0.011852
-83.978065	83.980466	-0.019533
-84.000630	84.001826	0.001952
-83.991713	84.006163	0.006216
-83.939559	83.936781	-0.062983
-113.086477	98.576128	-7.970071
-85.947631	85.683711	1.673568
-84.003617	84.000329	0.000432
-84.012381	83.997397	-0.001982
-83.989614	84.024192	0.024221
-83.999876	83.999377	-0.000494
-83.997757	83.998668	-0.001286
-84.020434	84.014887	0.015368
-84.000280	83.997778	-0.002119
-84.030118	84.000954	0.000993
-96.214382	111.450730	8.083622
-84.030450	83.992844	-0.007137
-84.008236	83.987057	-0.012444
-84.004782	83.996773	-0.003197
-83.992291	83.990082	-0.009836
-84.002622	83.995680	-0.004223
-84.005390	84.000190	0.000225
-84.000663	84.001907	0.001937
-83.998823	84.004144	0.004219
-84.663179	84.021274	0.020237
-83.995352	83.996960	-0.002974
-83.998793	83.999096	-0.000846
-83.999458	84.003294	0.003393
-83.999463	84.001600	0.001657
-84.001901	84.003208	0.003257
-83.984087	84.005531	0.005997
-83.997921	83.994718	-0.005247
-84.017661	84.001692	0.001871
-84.007073	83.990049	-0.009199
-83.996079	83.999391	-0.000571
-83.989916	84.006335	0.006416
-83.997027	83.969692	-0.029628
-83.991166	84.000590	0.000663
-83.991824	84.001925	0.002660
-84.005858	83.996248	-0.003719
-83.998631	83.996649	-0.003287
-82.007497	82.300869	-1.716997
-83.987623	84.022315	0.022491
-83.997551	83.991386	-0.008589
-84.010165	84.001425	0.001452
-83.998261	83.999692	-0.000204
-84.010050	84.007395	0.007436
-83.966345	83.993256	-0.006254
-84.001580	83.998320	-0.001594
-83.958836	83.953689	-0.046330
-83.939517	84.027180	0.027173
-84.002620	84.005271	0.005401
-83.997877	84.000741	0.000783
-84.001981	84.003947	0.003987
-83.995189	84.000871	0.000939
-84.010255	83.992942	-0.006770
-83.999847	83.996405	-0.003485
-84.005063	84.006976	0.007004
-84.010583	84.008461	0.008891
-83.998108	83.998139	-0.001303
-84.005786	84.005812	0.005835
-84.003416	83.999946	0.000090
-83.994503	83.997349	-0.002245
-84.000211	83.999676	-0.000263
-84.003107	83.978564	-0.021422
-84.029180	83.952812	-0.047203
-83.999207	84.001325	0.001434
-83.965222	84.001298	0.002139
-84.000215	84.001140	0.001194
