-0.029823	0.016094	0.016092
0.000102	-0.000599	-0.000604
0.001234	0.000016	0.000013
0.000991	0.000332	0.000329
-0.000095	0.000345	0.000342
-0.006923	0.000694	0.000678
0.000171	0.000819	0.000816
0.000570	-0.000072	-0.000074
-0.000769	0.001615	0.001613
0.000308	-0.000735	-0.000737
0.000795	-0.000168	-0.000170
0.000864	0.001442	0.001434
-0.005227	-0.001485	-0.001489
0.012562	0.008716	0.008714
0.000562	0.000513	0.000508
0.001115	0.000572	0.000569
-0.000749	-0.001459	-0.001460
-0.003704	0.001883	0.001860
-0.001617	0.000644	0.000634
-0.007892	0.000614	0.000610
-0.000158	-0.000109	-0.000115
0.040773	0.037009	0.037006
0.000557	0.001281	0.001276
-0.000297	0.000517	0.000514
-0.000812	0.001417	0.001414
0.023333	-0.005390	-0.005393
0.000419	0.000521	0.000518
-0.001256	0.002420	0.002397
-0.015043	-0.001531	-0.001534
-0.000738	-0.000426	-0.000434
-0.000025	-0.006370	-0.006375
-0.084124	-0.030002	-0.030023
-0.000250	-0.001046	-0.001047
-0.007473	0.000368	0.000355
0.000585	-0.001207	-0.001226
-0.002670	-0.001584	-0.001586
0.000235	-0.000257	-0.000261
0.000242	0.001156	0.001154
0.000497	-0.000143	-0.000154
-0.000094	0.000038	0.000032
-0.002277	-0.001459	-0.001462
0.000229	-0.000518	-0.000522
0.000633	0.000676	0.000674
0.002610	-0.000071	-0.000074
-0.056399	-0.003557	-0.003559
0.000344	-0.000077	-0.000086
0.002169	-0.000315	-0.000319
-0.000250	-0.000147	-0.000153
-0.006568	0.005271	0.005266
0.001724	-0.001024	-0.001038
-0.000477	-0.000343	-0.000368
-0.003959	-0.005550	-0.005559
-0.009148	-0.006288	-0.006293
-0.000286	-0.000706	-0.000719
0.005395	-0.000307	-0.000309
-0.000469	0.000004	0.000002
0.010609	0.001372	0.001370
-0.000375	0.000032	0.000028
-0.000547	-0.000566	-0.000568
0.002230	0.000100	0.000089
-0.001518	-0.000803	-0.000806
-0.005224	0.004902	0.004883
-0.000127	0.000980	0.000975
0.001493	0.000310	0.000308
-0.001257	0.000182	0.000177
-0.001034	0.000524	0.000521
0.000963	0.000924	0.000921
0.000110	-0.000582	-0.000591
0.002967	-0.001049	-0.001051
-0.000266	-0.001012	-0.001015
-0.000836	-0.000998	-0.001011
-0.008185	0.003743	0.003740
0.000213	-0.000319	-0.000331
0.001485	0.000073	0.000068
0.001670	0.000544	0.000537
-0.001799	-0.002792	-0.002794
-0.000476	0.000310	0.000302
-0.000895	0.000338	0.000333
0.000343	0.000101	0.000093
0.000703	0.000107	0.000104
0.011486	-0.000855	-0.000857
-0.000959	-0.000405	-0.000409
0.000250	0.000983	0.000980
0.000569	0.001108	0.001104
-0.000719	-0.000837	-0.000840
-0.000927	0.001102	0.001096
-0.001679	0.001926	0.001922
0.000791	-0.000600	-0.000602
-0.001935	-0.002091	-0.002094
-0.000736	0.000019	0.000013
-0.013419	0.004922	0.004920
0.001506	0.000443	0.000431
-0.000075	0.002018	0.002016
0.000118	-0.000488	-0.000494
0.002425	0.000581	0.000579
-0.000783	-0.001733	-0.001738
-0.000945	-0.000638	-0.000659
0.002333	-0.000171	-0.000174
0.000103	0.000163	0.000158
0.002099	-0.000691	-0.000693
0.003629	-0.002804	-0.002806
-0.003866	-0.001558	-0.001560
-0.017135	0.006948	0.006945
-0.000163	-0.000491	-0.000506
0.006292	-0.001804	-0.001821
-0.000716	-0.000574	-0.000576
0.005487	0.000185	0.000183
0.001558	-0.000135	-0.000136
-0.000006	-0.000620	-0.000622
0.006510	0.002213	0.002200
-0.000480	-0.001121	-0.001145
0.005729	-0.001751	-0.001766
-0.002827	0.000023	0.000006
0.001362	-0.001960	-0.001962
0.002168	0.000524	0.000519
-0.001206	-0.001552	-0.001560
-0.012177	-0.016409	-0.016430
0.005405	0.004664	0.004660
-0.003120	0.001706	0.001703
-0.000215	0.001724	0.001722
-0.003895	-0.000476	-0.000482
-0.000778	0.000680	0.000678
0.003166	0.001454	0.001452
0.000049	-0.000211	-0.000221
-0.000321	-0.007948	-0.007951
0.004158	0.002617	0.002598
0.001070	0.001611	0.001608
-0.002163	0.001539	0.001535
0.081777	0.028998	0.028977
-0.034728	-0.034910	-0.034913
0.000335	0.000353	0.000346
0.001051	0.000866	0.000864
0.004017	0.012393	0.012370
0.001060	-0.002314	-0.002316
-0.000475	-0.000780	-0.000782
0.000246	0.000827	0.000821
-0.000320	-0.000046	-0.000049
0.001182	0.001063	0.001061
0.007443	0.003961	0.003955
0.000639	0.001709	0.001707
-0.000109	-0.000301	-0.000307
0.001187	0.000087	0.000083
0.002143	0.004428	0.004426
-0.000016	-0.000431	-0.000440
0.004023	-0.000067	-0.000069
-0.000062	0.000807	0.000800
0.001268	0.000172	0.000169
0.011462	0.003644	0.003642
0.018544	0.010677	0.010657
-0.033771	-0.008135	-0.008137
0.000371	0.000287	0.000285
-0.000610	-0.000306	-0.000330
0.000630	0.000771	0.000753
-0.000211	-0.000781	-0.000783
-0.003250	-0.003948	-0.003972
-0.001790	0.000102	0.000099
-0.000000	0.000053	0.000051
0.005665	-0.000666	-0.000671
0.003284	-0.000729	-0.000731
0.004222	-0.002502	-0.002505
0.005911	0.001438	0.001424
0.006421	-0.000748	-0.000750
-0.003032	0.001911	0.001909
-0.003606	-0.005719	-0.005721
-0.000233	0.000279	0.000275
-0.000991	-0.000883	-0.000887
0.001221	-0.001247	-0.001269
-0.000557	0.001189	0.001183
-0.001184	0.001335	0.001330
0.004290	-0.010654	-0.010656
0.000651	-0.000460	-0.000462
-0.012603	0.008137	0.008135
0.000641	0.000275	0.000272
0.044571	0.006459	0.006457
0.005781	-0.004711	-0.004713
0.000977	-0.000337	-0.000353
-0.000220	0.000034	0.000023
0.000732	0.001142	0.001138
0.000362	-0.000563	-0.000568
0.001099	0.000223	0.000220
0.004033	0.005112	0.005103
-0.004988	0.003398	0.003383
0.000049	0.000196	0.000194
-0.014678	-0.003620	-0.003622
-0.001211	0.001976	0.001967
-0.001531	-0.000398	-0.000402
0.003216	0.003406	0.003403
0.000110	-0.000323	-0.000331
-0.000114	0.000542	0.000538
0.003842	-0.000413	-0.000415
-0.018331	-0.009619	-0.009643
0.000989	-0.000205	-0.000207
0.028671	-0.016574	-0.016576
0.012221	0.000581	0.000578
-0.000063	0.000103	0.000100
-0.000399	-0.000226	-0.000228
0.059748	0.003869	0.003868
0.000881	0.001197	0.001195
0.000423	0.000476	0.000474
-0.000356	-0.000214	-0.000217
-0.001865	-0.006605	-0.006608
0.000605	-0.000663	-0.000665
-0.000332	0.000311	0.000306
0.001823	-0.003734	-0.003735
-84.000022	83.999427	-0.000570
-83.999248	83.999965	-0.000034
-84.001872	83.998901	-0.001100
-83.999602	83.998492	-0.001504
-83.995973	84.001236	0.001245
-84.001384	84.001641	0.001643
-83.993105	84.004966	0.004969
-84.002186	84.001248	0.001250
-83.984180	83.990903	-0.009131
-83.997933	84.001224	0.001232
-83.997602	84.001753	0.001755
-83.997151	84.001289	0.001286
-84.001915	84.002340	0.002357
-84.002415	84.002760	0.002766
-84.000750	83.999959	-0.000038
-83.998701	83.996947	-0.003051
-83.997974	84.001187	0.001189
-84.000103	83.999237	-0.000761
-83.999056	83.999866	-0.000129
-83.997752	84.000062	0.000044
-83.999147	84.000472	0.000483
-83.991212	84.004726	0.004749
-83.999277	83.998934	-0.001061
-84.001319	83.999089	-0.000909
-84.008254	84.001682	0.001685
-84.001201	83.999991	-0.000008
-84.000652	84.001845	0.001847
-83.996248	83.995890	-0.004103
-84.002045	84.001186	0.001189
-84.002924	83.997463	-0.002535
-84.000790	84.001364	0.001368
-83.997957	83.999494	-0.000502
-84.001337	83.999051	-0.000945
-83.999230	83.999649	-0.000327
-84.012030	84.010602	0.010603
-83.999726	84.000112	0.000114
-83.997971	84.001069	0.001091
-84.001915	84.001125	0.001129
-84.003395	83.999995	0.000001
-84.002097	83.998111	-0.001889
-83.999385	84.000608	0.000611
-84.000256	83.999963	-0.000033
-83.998930	83.999470	-0.000527
-84.099004	84.095819	0.095818
-84.008834	83.998321	-0.001676
-83.999756	84.003783	0.003785
-83.967671	84.040238	0.040259
-84.001095	84.000527	0.000529
-84.003915	83.998415	-0.001579
-83.989815	83.996048	-0.003954
-83.999888	84.000748	0.000751
-84.005792	83.997221	-0.002781
-83.998897	84.001569	0.001571
-83.999934	84.000525	0.000531
-83.997971	83.999815	-0.000177
-84.000121	83.999877	-0.000119
-84.000386	84.000536	0.000539
-83.998208	84.000599	0.000609
-83.998375	83.997277	-0.002722
-84.001483	84.003120	0.003125
-84.000378	83.999545	-0.000446
-83.997584	83.999378	-0.000622
-83.999588	83.998700	-0.001296
-84.001344	83.998891	-0.001105
-83.998198	84.001054	0.000692
-83.997645	83.998933	-0.001044
-84.001194	83.999689	-0.000309
-84.000493	83.999761	-0.000236
-84.000246	83.999333	-0.000664
-84.000169	84.001160	0.001179
-84.000302	84.000055	0.000056
-102.639714	102.420362	-1.106527
-83.993489	83.996692	-0.003286
-83.999879	83.999643	-0.000354
-83.999598	84.000094	0.000097
-84.001065	84.000435	0.000439
-83.999605	83.999983	-0.000013
-84.000209	83.999168	-0.000815
-84.004581	84.000097	0.000093
-84.005565	83.999951	-0.000062
-84.001820	83.999913	-0.000074
-83.998433	84.000769	0.000778
-84.004239	83.995806	-0.004175
-84.006655	83.998211	-0.001792
-84.001733	84.000880	0.000881
-83.998675	84.002667	0.002674
-84.291265	83.957705	-0.042302
-103.596567	93.643478	-53.788821
-84.000853	83.999920	-0.000077
-84.026584	84.009786	0.009793
-84.001996	83.999654	-0.000343
-84.000882	84.000283	0.000285
-84.000216	83.999980	-0.000011
-83.999599	83.999936	-0.000068
-84.004746	83.945564	-0.054514
-83.987861	83.998553	-0.011299
-83.998906	84.002394	0.002408
-84.003484	84.002899	0.002899
-84.000517	83.999514	-0.000470
-83.999365	83.998680	-0.001316
-83.998691	83.999244	-0.000754
-84.001668	83.998287	-0.001710
-83.999243	83.997799	-0.002208
-84.002790	83.995844	-0.004145
-84.001302	84.000091	0.000092
-83.999454	83.998332	-0.001643
-84.002681	83.997961	-0.002038
-83.996834	83.999529	-0.000466
-83.999649	83.999758	-0.000232
-84.001873	83.999605	-0.000391
-83.999679	83.995891	-0.004089
-84.013966	84.002100	0.002042
-84.001395	83.999196	-0.000803
-84.002167	83.997184	-0.002815
-84.002231	83.998487	-0.001572
-84.003335	83.996470	-0.003516
-84.003616	83.998248	-0.001745
-83.998893	84.000455	0.000480
-84.003798	84.000198	0.000204
-83.991403	84.002099	0.002098
-83.999280	84.001130	0.001131
-84.000783	83.999414	-0.000581
-83.999790	83.999786	-0.000204
-83.997792	84.003770	0.003782
-84.004720	83.998201	-0.001792
-83.999347	84.000949	0.000961
-84.001210	83.999604	-0.000397
-84.000708	84.000695	0.000708
-83.999226	83.999851	-0.000172
-83.996636	83.998959	-0.001036
-84.000972	84.001187	0.001189
-84.007149	84.013751	0.013530
-83.998069	84.001744	0.001742
-83.997569	84.000670	0.000674
-84.004352	83.999517	-0.000480
-83.997307	83.990051	-0.009947
-84.000386	83.999631	-0.000367
-83.999288	84.000168	0.000176
-83.999122	83.999414	-0.000567
-83.999946	84.000961	0.000963
-83.999771	83.999697	-0.000295
-83.993492	83.998724	-0.001275
-83.994657	84.002773	0.002779
-83.998717	84.000278	0.000292
-84.004111	83.999020	-0.000980
-84.000109	83.998924	-0.001074
-83.996965	83.999258	-0.000735
-83.999667	84.000491	0.000500
-84.000999	83.998929	-0.001071
-83.998258	84.001395	0.001397
-83.996060	84.000860	0.000861
-83.999822	84.000016	0.000017
-84.000775	84.000278	0.000282
-84.000225	84.000381	0.000383
-83.998544	84.000708	0.000711
-83.998154	83.998839	-0.001159
-84.000139	83.998548	-0.001448
-83.709992	84.042376	0.041552
-83.999015	83.999257	-0.000739
-84.001124	84.000223	0.000225
-83.998356	83.999169	-0.000820
-84.000320	84.000396	0.000404
-84.000270	83.997431	-0.002568
-84.000823	83.999315	-0.000709
-84.000154	83.999705	-0.000292
-84.003339	84.000059	0.000059
-84.000046	84.000469	0.000469
-83.998327	83.998597	-0.001397
-84.000045	83.999186	-0.000806
-83.999687	83.998814	-0.001207
-83.999315	84.000015	0.000020
-84.000533	84.001427	0.001431
-84.001482	84.001736	0.001737
-84.003213	84.000485	0.000488
-84.001758	83.998107	-0.001887
-84.007745	84.009489	0.009481
-84.001446	84.000066	0.000068
-84.003387	83.998501	-0.001499
-83.997414	83.985710	-0.014439
-83.999081	84.000407	0.000412
-84.001431	84.000889	0.000903
-84.000219	83.999524	-0.000474
-83.998783	84.001227	0.001232
-83.997971	83.999938	-0.000073
-84.000193	84.000645	0.000648
-83.992608	83.992733	-0.007277
-84.000598	84.000103	0.000107
-84.001540	84.000186	0.000187
-84.000245	83.999382	-0.000611
-84.002978	84.004194	0.004199
-83.996028	84.002218	0.002236
-84.001140	83.997703	-0.002280
-84.000429	84.004144	0.004146
-83.999017	84.006591	0.006586
-83.999894	83.999771	-0.000215
-84.002606	83.995695	-0.004301
-83.908020	83.905626	-0.094719
-83.996744	84.006397	0.006397
-83.999919	84.007339	0.007357
-83.999746	83.999815	-0.000183
-83.998248	83.996563	-0.003432
-84.000161	84.000535	0.000542
-84.005105	84.003434	0.003448
-83.997956	84.001643	0.001647
