1625.557426	-86.283310	-79.718831
1585.316246	-16.641050	-13.613096
1542.125623	98.870971	29.650639
1518.635304	-73.725935	-52.658574
5855.304176	-1386.990749	-1410.640603
1422.185933	68.842296	19.349937
1414.178801	194.652021	100.603035
1521.679270	148.397118	202.901102
1768.626085	-9.383495	-81.114627
1518.726313	-82.196539	-54.693402
1572.499316	-144.449951	-190.863069
575.039064	676.910624	-245.024935
1718.127518	13.969019	-45.293508
1806.985879	865.775828	884.595780
1624.284175	4.616790	3.252205
1509.434193	71.615951	87.024205
1451.813637	52.450607	35.034370
1668.678702	278.866339	212.975022
1291.622657	262.298247	176.737968
-27060.881281	186865.789972	186865.659384
1491.800692	-54.703946	-34.953596
1575.564945	110.680687	64.717910
1577.375100	112.029604	66.159808
1519.928155	250.148894	105.868276
1318.801436	232.097972	182.193920
1234.487725	-630.947787	-671.231527
2673.955858	1370.068103	1325.588164
1745.403485	321.142368	313.950319
1680.758404	476.522383	365.111927
2865.935348	-404.610418	-545.248993
1541.996516	-25.406370	-113.670706
1581.849306	-87.240092	-59.284671
329.354118	5267.844774	5250.497608
1737.687625	-237.440225	-238.441816
1087.897359	-103.776139	89.263260
1589.583023	-39.647359	-65.453507
1118.477571	18.010127	49.369834
1792.577616	-341.694646	-189.038839
1308.356756	73.934799	-371.254963
-449.651834	-501.952491	-525.012472
1552.101969	-203.958403	-174.047168
1740.230112	173.413585	153.422754
1668.390966	-180.682676	-169.044371
1361.849684	55.599392	45.404241
1693.818396	-362.503363	-405.169719
2508.137475	93.846744	68.676686
1294.371226	-64.024813	-29.312331
1631.481904	-109.271891	-115.848371
1512.772162	-124.629672	-106.223864
1823.070331	34.565762	-103.825357
1840.895479	329.835872	125.367934
1388.023698	19.133359	41.693386
1272.533607	142.258237	131.236566
1665.905698	258.139960	223.413275
1362.594299	-351.231097	-371.302524
1500.899696	-48.344603	-17.058154
1265.754011	87.840567	68.202100
804.916047	-370.450454	765.276716
1556.432772	-153.882128	-85.373497
1867.703969	6.529362	-98.841076
2201.130258	758.386552	1258.574852
1495.583341	-19.267410	-7.454697
1362.229580	-173.078194	-137.769417
1703.749686	-115.008178	-142.004135
1511.282086	-243.989781	-186.463880
1664.972352	353.050427	251.045212
1722.690812	142.275978	129.551056
739.891135	1128.902974	1085.163620
1956.334707	-583.578766	1696.646912
1639.914515	-130.132583	-173.756174
1328.925727	-284.081874	-130.010762
1502.519067	-773.320901	66.802433
2603.220234	-5346.103590	-4684.572882
1535.015902	-195.924769	-157.851278
1607.172347	346.373591	263.907064
1696.405327	223.089074	3.548930
1544.425693	-187.727591	-160.073307
1563.159462	128.930433	24.238167
1562.141261	691.333162	480.406780
1404.373316	401.822085	315.958809
1047.912294	-274.002141	-299.959616
1758.097850	264.784940	53.782112
2839.581324	1562.462192	1511.346712
1554.527439	-201.129550	-173.437000
2160.338752	-523.048877	-681.159037
1357.601259	56.402217	43.210727
1714.475110	-101.350188	-109.300745
1647.883013	-160.733690	-142.681868
1530.221293	-236.190861	-196.980082
1423.221169	66.468115	25.202282
2270.150087	-401.735443	-460.366292
1810.144888	117.922800	-28.251383
1563.089257	-190.275984	-162.960269
1728.300691	218.141092	154.242702
3607.795766	-945.756608	-966.098733
1200.918247	-50.197258	102.247182
1229.060679	91.920954	95.073563
1729.737822	27.771074	-44.097535
1506.076304	-47.419663	-23.496171
1489.736575	82.247051	7.753979
4247.337804	-803.244235	-841.492270
1359.760279	51.275765	42.491554
2452.006934	218.939142	168.417474
1121.357476	340.847289	198.974982
1474.563694	130.773481	84.716042
1482.857500	-145.835214	-254.963919
1477.035405	-5.938478	9.810071
1647.662430	-150.873863	-175.306290
497.085516	4298.686580	3584.660204
1664.081992	374.721424	401.146988
-10153.078587	-4439.856012	8940.069793
3690.152217	143.197031	94.302365
1475.791104	10.788176	22.793403
2135.366930	1088.389903	1018.139115
1414.420224	30.651541	19.677658
1212.463789	-231.014458	-313.403410
1720.414979	-4.319996	-37.853034
1413.585775	290.881898	166.911960
1630.887565	-38.123701	-25.627034
1414.316944	197.746614	100.968031
1376.060501	619.457076	535.033631
1997.817470	-128.591454	-150.411712
1413.610465	-198.456940	-155.266640
1344.296154	-248.450474	-145.659939
1649.879372	-159.235740	-139.681654
1601.106331	-31.579591	-15.350838
1543.193058	-192.623891	-166.492933
1386.817531	229.070836	111.989383
4421.668064	-13475.592098	-13477.537896
1713.376401	-209.688963	-229.262258
1409.705504	286.520248	118.479708
1719.249710	-211.695190	-223.164457
-5386.221734	-4220.943565	-4236.268489
1313.796931	105.371849	81.404279
494.429512	1438.689077	339.301556
1591.596626	-45.954723	-15.493023
1428.332825	605.759409	559.697489
2115.742294	195.496475	200.323537
1561.526918	-173.293720	-189.102699
1291.821628	249.330499	224.019428
-61325.481268	86222.141828	86221.997192
1618.117543	-25.748934	-35.268556
377.766980	-131.995323	-161.570869
1622.958745	-91.767520	-115.741582
1591.338501	187.664013	144.150402
921.237513	574.861431	546.688757
-7125.953310	643.882061	-3294.628668
-8093.799071	-992.154934	-1151.423737
1576.148957	30.173115	18.963161
1717.374371	-103.878743	-109.060481
1578.726024	599.512490	486.874415
2130.546595	767.225694	1007.924698
714.549290	-307.910388	-331.261444
1579.155644	-104.745723	-89.256982
1505.029025	-42.673429	-23.414375
1361.181636	50.814867	46.818752
1627.246488	9.772720	15.671537
1322.530928	-288.903541	-134.041032
2334.770917	446.522135	-575.970156
1245.819961	-237.359747	-169.179874
1940.559192	325.508215	-98.298369
1949.712895	192.213235	143.560005
1973.978519	-73.896991	-135.917926
1548.621914	522.152199	480.303739
1549.164384	-102.321613	-75.006428
1663.385992	22.541468	-48.702629
1601.340627	-24.572213	-22.298690
1695.230370	-890.729361	-850.355075
1588.973637	24.746522	20.176258
3247.871520	89.953989	69.114519
1798.254919	-188.964094	-179.061698
1433.746148	-87.939231	-29.881361
1460.352079	83.208326	46.517494
1074.729824	-701.221331	-674.623093
6582.796999	-7488.483018	-8045.876003
1310.485276	51.095484	84.303326
1654.420736	165.216537	159.101019
1772.501802	181.802882	115.983741
1360.031019	428.208270	356.314151
1411.061646	-569.349984	-242.148236
1590.987425	-5.903593	-16.117130
1661.799399	352.535906	240.911129
1669.927977	352.271831	209.736043
961.407237	553.396509	517.489910
1049.795770	366.458101	314.128174
997.702093	-9.062952	-143.588041
1834.386848	-84.632684	-113.973178
241.572337	381.597372	353.596062
1502.068717	101.190468	76.981782
1840.783811	-105.919046	-105.576012
1070.099603	75.129458	65.656435
761.762125	15.297672	54.427468
1498.642191	9.074327	14.266431
1566.344016	-160.917697	-160.086505
8053.950520	-3473.032738	-3553.935002
1746.179722	486.418481	531.500193
1670.966432	-187.965198	-179.714245
1799.212032	212.350452	94.636898
1536.718140	341.240278	149.180367
1134.623915	135.680102	125.757586
1702.453612	-3.925616	-22.485495
5606.618344	-539.544863	-576.026050
1376.570154	-24.837953	-140.904103
1202.399399	-102.983096	73.198233
-1840.579281	2485.540391	347.386873
-2143.332566	2186.601536	-55.059926
-2270.769427	2414.748189	-457.525979
-2190.363789	2333.701253	-150.241982
-2221.760224	2368.090132	-136.912695
-1996.780206	2251.853388	-98.346534
-2199.036388	2302.729847	-236.374292
-2179.389634	2328.141056	-142.632740
-2234.061972	2381.933474	-123.541752
-2251.697590	2428.505787	-132.126140
-2231.975356	2394.418711	-140.916917
-2210.432101	2340.475659	-173.279177
-3174.210478	1920.415747	-1025.722544
-2167.888422	2322.207304	-118.839887
-2229.475696	2567.316922	-90.462942
-2124.578777	2075.213194	-359.257380
-2021.251619	2187.378230	-473.155895
-2151.751614	2309.839311	-364.002773
-1913.124756	2235.594114	-91.458357
-2292.576700	2508.423625	-151.313834
-2286.309720	2390.602490	-172.769881
-2156.721380	2166.357573	-336.521184
-2201.006438	2338.487311	-131.942416
-1929.266389	2320.946386	-33.622589
-2043.162159	2182.747046	-110.384212
-2234.590369	2366.134843	-129.804163
-3198.959546	1957.029193	-1391.924320
-2295.041893	2576.606764	-118.570882
-2239.675925	2159.859308	-1932.453350
-2204.723681	2321.792192	-163.177074
-2273.603434	2435.377284	-116.576151
-1227.189956	4564.909014	-4916.049369
-2246.937526	2371.457596	-138.953880
-2021.579493	2364.018241	-126.773742
-2264.449136	2595.696366	-123.156248
-2297.164261	2422.497708	-119.023456
-2123.057347	2172.238640	-472.157355
-2245.563890	2455.643660	-91.768835
-1758.159726	2371.318253	88.006756
-2128.324959	2119.468447	-412.813793
3829.678965	13257.796465	6388.066583
-1858.722611	1972.580082	-692.476741
-2065.426748	2214.725346	-83.155574
-2253.376539	2423.228826	-138.226194
-2222.846226	2391.971119	-124.920972
-2251.388595	2417.266663	-133.173410
-1860.425280	3436.531502	1140.460876
-2235.867628	2174.241011	-321.076778
-2219.207142	2345.216907	-153.790363
2038.960936	-3886.184458	-5925.137481
-2199.552029	2155.413315	-278.134723
-3050.745075	3213.077431	-88.867538
-2201.881051	2458.622427	-145.655998
-1715.712394	2250.170877	-289.383404
-2193.323252	2122.258494	-527.606702
-2258.939908	2312.458519	-386.621683
-2248.790346	2332.521424	-148.847277
-2070.818850	2075.839661	-175.053626
-2267.293855	2319.168214	-398.399575
-2339.901549	2325.889878	258.038608
-2009.785667	2300.288807	-80.093135
-2266.845718	2421.399106	-134.714367
-2179.957623	2381.525405	-142.100500
-2231.507485	2389.389575	-127.643240
-2428.087497	2312.864243	-1514.010814
-2296.994801	2321.911661	-218.738608
-2197.813424	2474.546981	-144.620554
-2078.602014	2301.096957	-46.004701
-2220.916669	2410.192073	-122.632038
-2180.493732	2184.692131	-334.052037
-2183.450874	2000.831768	-973.798370
-2214.704360	2350.303475	-149.880178
-2172.761603	2102.992413	-316.200879
-2278.238584	2425.549328	-129.256387
-2230.565945	2172.902820	-319.457688
-2221.746837	2381.692184	-137.618538
-2262.200823	2382.833130	-152.339299
-2234.107442	2181.775640	-332.336440
-393.651295	1512.609499	-528.619367
-2257.588384	2416.651709	-143.002982
-2110.901348	2330.268679	-157.373581
-2240.062534	2203.052824	-296.799189
-2248.751029	2368.089821	-127.192036
-2233.367179	2269.457652	-85.246143
-2222.181712	2411.699607	-117.825269
-2530.879840	2320.413199	-92.940913
-2217.892334	2348.506912	-150.297569
-2097.362968	2291.572816	-4.142919
-2229.931759	2379.984759	-134.005399
-1723.119414	2168.593329	-408.339245
-2178.274209	2348.096512	-135.012615
-2182.822773	2185.020290	-343.563216
-2221.705676	2333.562961	-131.623365
-3935.622227	2429.094918	-4497.012193
-2499.504802	2112.716360	-500.804083
-2224.830135	2371.974876	-141.075123
-2223.894916	2242.647977	-175.384644
-2112.422071	2072.386622	-431.297862
-2230.812663	2379.596701	-133.336754
-1867.167544	2284.599784	-55.834712
-2283.622783	2422.069420	-125.036109
-1394.864430	4016.159063	716.148368
-2226.634302	2371.555029	-134.929458
-2220.403625	2364.760858	-139.720565
-2232.433596	2755.981548	-197.150947
-2133.559560	2149.700544	-350.297882
-2087.870554	2306.115376	-119.461064
-2205.345165	2347.061095	-148.555100
-2193.049716	2399.784529	-104.597001
-2260.653230	2315.346921	-173.428157
-2157.047949	2360.384474	-123.080989
-2067.267096	2024.162387	-357.271201
-2117.569157	2258.068837	-126.433784
-2226.356481	2365.139572	-131.840382
-2218.334460	2377.756556	-133.910065
-2268.995176	2473.101746	-155.538949
-2227.539319	2598.000161	-141.312078
-2220.401720	2393.852658	-154.239053
-1722.199128	1693.443701	-571.350714
-2187.474002	2173.802788	-333.356753
-2265.915953	2419.197295	-135.194261
-2111.458337	2125.423095	-359.609370
-2223.704571	2372.678192	-136.352131
-2112.731503	2462.153429	-163.337451
-2231.724165	2179.976801	-339.757039
-2264.184599	2404.357941	-136.410447
-2271.365498	2503.104359	-146.001449
-2086.268886	2060.261232	-391.442033
-2256.905095	2371.024151	-203.378489
-2317.413635	2210.549335	-232.314445
-2236.557339	2310.240655	-135.284716
-2249.086142	2381.192333	-123.236424
-2108.232496	2124.425151	-363.535170
-3472.752049	4078.930747	-7846.289674
-2180.055381	2184.615417	-337.131003
-2143.986087	2145.656719	-199.894129
-2165.739332	1692.080770	-309.145089
-2173.307126	2573.661257	-331.256023
-2140.823337	2227.590783	-335.608656
-2144.236892	2706.116504	-27.208209
-2253.906011	2409.611226	-129.075391
-2158.736791	2164.644544	-329.829965
-2171.228301	2181.948292	-261.136970
-2959.919052	1502.551816	-856.786273
-2269.919599	2411.304792	-467.782837
-1877.817887	1446.371870	-896.914301
-2193.459215	2417.489958	-115.515411
-2182.667999	2352.016568	-177.295729
1574.048210	1116.624920	-102.653468
-2217.295626	2338.873930	-139.798996
-2235.017659	2221.032740	-347.676699
-2009.279841	2342.601138	-318.791306
-1994.845771	1590.085293	-981.994718
-2221.073724	2373.600530	-141.125885
-2220.719368	2373.046989	-136.344896
-2250.465547	2393.418848	-123.994693
-2057.897151	2248.534983	-253.525641
-2227.637616	2378.384245	-131.111529
-2205.763613	2337.440720	-155.319805
-2225.010064	2377.305213	-132.519821
-2121.493288	2124.364895	-372.001955
-2259.924304	2414.469569	-135.202632
-2235.305058	2422.128200	-126.886336
-1973.248596	2233.803739	-223.335996
-2223.419149	2370.406719	-128.465146
-2103.952093	722.935777	255.930937
-2220.024738	2384.649632	-133.006515
-2201.090516	2325.825132	-160.031705
8552.162283	8533.789156	-88912.723691
-2219.768544	2265.048139	-202.942402
-2194.958876	2207.849961	-56.810079
-2830.275498	1961.999017	-350.760030
-2134.707273	2195.613773	-449.704535
-2115.968168	2070.676217	-359.834271
-2185.268483	2338.040733	-158.233717
-2194.590726	2270.129689	-260.485781
-2226.445645	2370.656759	-150.320718
-2246.828239	2411.077959	-129.070529
-2234.393269	2386.295814	-120.408885
-2254.767625	2429.857754	-130.907209
-2089.942739	2710.989786	162.010801
-2222.420328	2474.402138	-124.041567
-2221.824107	2371.757823	-140.836790
-2322.266818	2421.752980	-82.963121
-2244.885428	2431.436786	-124.226336
-2114.155814	2090.668920	-425.798306
-2190.040587	2310.760195	-189.110855
-2193.434809	2270.038310	-264.557464
-2184.115531	2169.155517	-302.053241
-2209.000578	2184.684657	106.864769
-2056.013383	2241.999254	-178.788581
-2252.574704	2441.913554	-120.132262
-2259.171438	2329.047256	-137.704062
-1917.816911	2408.968559	84.612639
-2223.613803	2381.184977	-134.566998
-1992.739700	2251.772148	-358.139071
-2283.245598	2477.729858	-236.406681
-1403.458425	2686.926199	-879.262703
-2192.800632	2068.354876	-442.614005
-2222.798094	2368.802765	-132.492089
-2231.466854	2430.538723	-116.574061
-2091.395985	2310.313528	-121.375417
-2214.462447	2348.642347	-141.728716
-2258.027599	2413.594042	-126.453984
