-303698.755926	-535267.962924	-535267.996402
-121785.421446	554754.876060	554754.830311
117715.249699	56929.829036	56929.720015
111164.406932	-462642.108860	-462642.185122
177962.092948	-532655.234024	-532655.313378
-203194.948466	287230.842480	287230.793662
431486.432956	-370574.972105	-370575.170424
542214.749568	166676.808372	166676.348785
500771.039294	314557.114718	314556.816547
-134223.855947	595090.356831	595090.313892
123585.346367	-570478.134726	-570478.201975
275444.280758	-17656.222551	-17656.394447
135015.792848	304111.489159	304111.389523
239322.794502	-35286.138008	-35286.291221
605644.466504	-126759.700589	-126760.309662
-534667.805461	-246342.100019	-246342.127939
-482054.556646	322439.897057	322439.867302
313935.268649	130082.925430	130082.735464
103015.787881	-544099.529519	-544099.596665
229341.195072	183415.855615	183415.714162
521446.037568	313912.159536	313911.835482
-257648.448787	554113.100580	554113.064080
616649.209646	27215.227173	27214.493788
-98312.268385	582266.993165	582266.946890
-244429.918313	-258791.127010	-258791.172187
-139617.852284	-329332.277199	-329332.329798
296837.197132	-336445.405201	-336445.546579
513572.340087	7106.503507	7106.075880
-122071.553556	-140572.864175	-140572.924650
-501170.229606	129937.403898	129937.373260
-130315.924588	434433.471269	434433.420799
-346695.450517	484753.664798	484753.631302
171780.924500	135908.756969	135908.633616
-248029.391477	532201.275788	532201.237992
-199151.892551	76796.550825	76796.497922
-113649.272189	360155.615045	360155.559753
31387.179294	515519.437627	515519.374331
-60625.578230	376232.857521	376232.796896
-289570.228968	-458171.038236	-458171.074771
-462788.713530	-108095.151626	-108095.184189
-145898.823075	450351.613055	450351.564674
31146.790416	443594.886524	443594.817957
-175195.119577	190509.520808	190509.466912
-171914.145670	-9966.363213	-9966.419282
-14563.541404	-472922.835477	-472922.894024
70365.910389	614529.490465	614529.430305
-267455.777937	-357752.312753	-357752.353598
502206.106505	35823.370318	35822.963161
568563.787820	-27555.297462	-27555.849443
26739.216899	-528538.677353	-528538.736606
407032.015685	123987.773387	123987.507884
-160772.416329	595572.282788	595572.241721
403182.126970	-462748.299012	-462748.451241
-11449.514102	204139.591538	204139.515863
-24329.938770	-208836.129689	-208836.201869
352638.543147	-384269.192425	-384269.345746
265734.952442	-137336.921601	-137337.080332
172618.282757	538132.936374	538132.854394
580829.405012	31161.623638	31161.022857
-456475.819027	415570.987417	415570.957899
-377773.827243	2905.554101	2905.516019
98739.484819	-591927.019094	-591927.081267
262833.537503	-557295.747205	-557295.838233
-422521.122742	-126016.838750	-126016.873441
28727.557665	35562.778763	35562.691451
-335089.464258	213357.386898	213357.347227
476975.509770	350268.282737	350268.027899
-472497.869389	-380164.708445	-380164.737292
400427.661157	-256803.848868	-256804.065283
270369.319953	-61815.201541	-61815.368786
601273.464239	27440.305893	27439.634251
-33153.905223	-571545.123962	-571545.174341
-286369.664735	-490810.568563	-490810.604316
-488632.571333	-370727.686078	-370727.714372
51591.299994	-230708.176969	-230708.261484
-406038.929422	409106.692858	409106.660799
513443.555123	-92877.358197	-92877.762959
437511.579869	242715.120368	242714.855255
381690.913880	-230280.398230	-230280.608680
-352169.244368	-459448.055957	-459448.088967
414502.595933	383819.371870	383819.177287
503063.157850	312754.491181	312754.188477
-12298.763019	-596889.500742	-596889.551348
8248.296053	107626.097913	107626.015719
-476428.582045	-79664.514881	-79664.546875
43234.879296	-616616.360310	-616616.414613
-440698.001426	26878.802001	26878.767816
445695.415400	326418.069327	326417.830444
466176.662040	314827.560122	314827.297813
-129371.910258	550219.183703	550219.138348
-582042.912848	-85097.384695	-85097.411729
-12141.748751	-608654.988653	-608655.038505
-240761.201270	-480892.733924	-480892.772771
530110.931449	-159286.441761	-159286.847376
476820.331424	-373631.767238	-373631.995020
77507.798661	-166562.445071	-166562.538688
617820.573132	-17347.872465	-17348.597542
22117.695976	417267.452684	417267.383533
-599082.824610	2468.717766	2468.691249
-499590.007013	-113715.977612	-113716.008248
-609650.865630	21600.684116	21600.658023
-475091.656905	20641.931027	20641.898741
-445622.846683	-2341.037136	-2341.071032
-598682.259245	-154436.373478	-154436.399500
267414.800011	-476728.953051	-476729.058678
-248524.312499	-11187.169322	-11187.217537
132967.430098	-442019.398973	-442019.481054
-297333.993824	241592.048125	241592.006155
78837.610561	513905.099974	513905.030268
-76341.347404	-90883.239337	-90883.307017
-543138.220062	-27513.305596	-27513.334488
186563.526219	520361.946833	520361.860161
-399771.635935	423949.085475	423949.053392
-155629.172367	95377.935476	95377.877897
558904.673127	265477.701213	265477.280126
19608.795728	928.919297	928.833847
-317324.041950	-482116.277705	-482116.311977
476441.674082	-81127.578609	-81127.926643
-457541.782025	-138749.803673	-138749.836301
-526612.722409	-214122.561859	-214122.590449
-108683.146173	-512585.100706	-512585.147907
305851.490903	-533727.151167	-533727.255558
-335132.466102	516970.887390	516970.854103
-493729.004118	-262387.355159	-262387.384730
-279443.895672	312770.384618	312770.342733
-189029.892945	-567732.387237	-567732.426164
83548.111622	-494476.212297	-494476.281421
155385.096019	-575777.807268	-575777.878212
487620.806804	320824.188692	320823.908121
4222.092514	469509.218841	469509.155675
68694.563926	-15079.876170	-15079.972414
76495.243649	498264.832485	498264.761762
568458.850205	-243516.442947	-243516.862498
-589049.003806	27742.240782	27742.213852
-278709.666866	377825.985064	377825.944706
-71986.444164	-592225.738170	-592225.784126
388478.824520	-51067.971627	-51068.222059
-121222.957790	591489.883158	591489.839097
393024.897349	-263760.885239	-263761.094315
497763.260870	-325352.789341	-325353.059464
510453.682535	-191341.133401	-191341.490430
484105.741776	33493.609002	33493.233750
-444842.377253	203894.547874	203894.514861
-59524.063094	-615559.398914	-615559.444524
-283134.118775	-288867.839522	-288867.880980
-351377.645258	-491993.350664	-491993.382895
-412023.301640	-33497.951381	-33497.987205
-376894.674724	-441779.606202	-441779.638364
356848.028290	184056.718151	184056.506575
-163547.350559	-529462.140871	-529462.183086
-19699.851881	4392.019508	4391.941578
359437.155241	446397.723951	446397.575564
-399086.063036	419969.414412	419969.382206
613972.383647	2109.095277	2108.379220
-305712.433541	30398.355010	30398.311679
540895.708518	-50772.155289	-50772.629813
-111744.034493	184787.429355	184787.367915
617943.922909	23380.225180	23379.486697
218720.448481	259658.752454	259658.623341
593376.577807	172560.336899	172559.741554
3029.290158	-175406.682767	-175406.760929
-320972.694596	-93415.314930	-93415.356616
274191.594758	-486163.922727	-486164.028354
207555.897703	-164076.657651	-164076.789328
-258040.546071	-508137.925937	-508137.962803
436752.415382	425341.947397	425341.754623
281254.903452	549409.962528	549409.860175
402509.538823	264439.160142	264438.933488
-379403.642417	45093.955373	45093.917425
-227383.350474	-288679.851375	-288679.897214
-331581.065080	506345.981822	506345.948068
569625.950476	240782.738582	240782.272288
-610263.965594	35333.422483	35333.396419
-411814.764705	385060.177015	385060.144801
38290.238830	-222768.986458	-222769.068850
181497.707179	426336.338700	426336.241309
-15172.130225	606760.885187	606760.833162
-310436.407638	46462.702910	46462.659984
374696.469733	-165692.577240	-165692.797696
352677.402165	-381866.965305	-381867.119412
248636.193774	-271088.451050	-271088.585305
-263390.659595	285862.978635	285862.934917
-347051.199135	247525.769473	247525.731115
481875.600118	184424.437228	184424.095783
415530.069205	-444332.185889	-444332.349391
-78811.114396	-578661.052194	-578661.098360
-522587.235750	-139082.452248	-139082.481623
356010.870615	-89028.202993	-89028.421897
-29512.479798	-347866.079605	-347866.144055
261761.245174	131215.999890	131215.839188
-356320.127267	491084.985247	491084.952414
-428171.475281	300693.636015	300693.603277
-409662.167336	-179056.489436	-179056.524377
584496.833323	99410.065013	99409.457878
-352201.446636	403409.040342	403409.005254
594056.611251	-153098.297127	-153098.849538
-554309.211431	-230700.547949	-230700.575191
143678.841308	332742.347595	332742.248594
608544.702068	-56502.757626	-56503.427141
-318580.884565	-90761.623115	-90761.665031
-455011.511708	137942.891590	137942.858603
-441162.738295	-7910.981580	-7911.015730
-179250.034121	288974.982470	288974.931428
50558.261376	423016.525930	423016.452950
809806.193472	332918.042796	102750.255417
1993174.970999	34239.590821	-195928.781482
1929049.856207	79658.678525	-150509.690785
996658.418880	598931.286856	368763.069705
1667575.874169	66297.858509	-163870.493032
1430375.731134	783764.297607	553595.949567
1284897.201401	745349.501317	515181.172978
1210703.106354	775961.079335	545792.758354
842542.152159	447096.095267	216928.126573
2003214.397692	436171.895938	206003.451405
1870758.055850	-19031.124094	-249199.490980
1930082.139236	515165.831216	284997.459663
827568.401196	84454.615233	-145714.412261
1799493.270070	635244.809184	405076.441661
1538299.655494	-377124.466476	-607292.820147
957093.254091	344213.898307	114045.809600
1747508.666236	-111556.428293	-341724.788942
1108131.971217	755285.570938	525117.272680
1804668.600319	310777.539848	80609.177455
1805810.601298	-190549.590727	-420717.956517
1754130.069041	-284458.699074	-514627.064050
927544.390353	18764.857665	-211403.192725
1798085.322019	-211291.206766	-441459.577092
1382800.586541	588597.635630	358429.307157
1033502.516259	509846.623010	279678.413950
1420271.257162	469262.225975	239093.899525
1208959.574865	502898.042204	272729.759601
1162198.845417	263790.794494	33622.556121
1619783.211623	800180.029556	570011.666809
1737900.950010	118679.442437	-111488.914818
1259428.339708	-336670.060786	-566838.378424
1600401.117005	145094.597349	-85073.746909
1066448.097140	-197163.561706	-427331.801363
945093.727430	600807.698283	370639.510507
1248596.246481	432203.280444	202034.994073
1936489.861221	-107089.944581	-337258.315694
1042368.532646	373719.785942	143551.606767
1005633.400103	45977.963949	-184190.171045
1749520.767536	-261751.469760	-491919.837787
1542271.265611	-323006.663919	-553175.015704
1413852.596165	832557.277785	602388.927532
1535860.296818	835323.896996	605155.537627
937188.547905	-146084.676428	-376252.876078
865159.798028	192568.878422	-37598.996425
998277.297290	-101552.060626	-331720.232607
1952052.726529	421173.800916	191005.428735
893182.423376	294176.243608	64008.273079
1770149.711671	10222.158300	-219946.202300
1909598.815844	211364.744512	-18803.623572
1926833.611938	422237.782753	192069.404496
1945499.984786	555447.928758	325279.555353
1714236.786298	-150685.817955	-380854.177822
1025217.210835	-18663.356745	-248831.524807
1475296.011613	844747.778974	614579.422366
1166992.822591	523618.811473	293450.538231
814281.890881	108017.059656	-122156.584521
1477022.007508	-58847.854385	-289016.186775
1674484.830295	-294290.391117	-524458.752013
909879.733525	562981.332219	332813.191557
1955260.785279	-51057.104004	-281225.475775
1882668.963374	-156705.797916	-386874.167634
1792668.251375	-233738.234511	-463906.605714
1648334.849105	-11107.777894	-241276.129037
816254.646267	225350.574689	-4817.148309
1146561.416366	281973.768643	51805.532330
1872727.871457	646855.112045	416686.740390
1226840.377290	-345821.839306	-575990.155071
1813114.565395	176014.864162	-54153.498477
1052979.395639	-50358.868315	-280527.065261
988644.199520	659848.022795	429679.787601
1842933.220958	490816.983568	260648.616164
1826409.989338	313878.028955	83709.653726
940355.321527	-54116.140533	-284284.239767
1503642.008482	-115512.386470	-345680.724922
1646644.494537	776192.381800	546024.016790
1906121.214110	316949.246013	86780.877199
950076.341583	267110.975371	36942.917685
1666154.894450	-254530.595555	-484698.955360
1636407.284096	543846.821195	313678.466632
1415459.458670	-55298.759495	-285467.082687
1445528.553382	-372559.820814	-602728.166283
1538616.129687	-149357.916061	-379526.260461
1118170.795124	-19153.891946	-249322.120747
1801789.815842	530308.956066	300140.590056
1087431.497339	254274.374133	24106.179553
1088786.102647	-66593.923090	-296762.146386
1546433.446015	-54501.801104	-284670.143102
1782292.702425	-123642.423980	-353810.789995
948171.122246	-117890.856182	-348058.995661
2000181.164487	20688.678915	-209479.708585
1756653.340345	456462.675885	226294.314311
1499142.817736	-308892.158113	-539060.506453
1466092.130930	824748.563442	594580.203506
852328.267742	247993.206755	17825.351773
1881921.451660	224888.916289	-5279.453887
920702.928370	342636.029963	112467.988204
899827.855211	-7327.224474	-237495.246188
896356.092857	235711.442996	5543.484440
2035318.177075	233749.363939	3580.989972
1978863.853032	389989.266036	159820.891933
1631960.029656	717127.996397	486959.635731
1988042.065961	321787.260088	91618.887269
981806.908826	-59840.041047	-290008.187765
1102454.593030	38906.151080	-191262.060560
1807194.930411	-98179.171858	-328347.538581
1365801.292064	-256645.531075	-486813.858625
1974448.117305	503646.626395	273478.251308
1351478.967487	5183.900642	-224984.406664
1920100.607178	105331.878629	-124836.492719
1804307.353438	695550.139603	465381.769991
1547094.530126	826421.066329	596252.680483
1747369.794047	290749.694974	60581.335871
1661963.701814	509289.910624	279121.554137
1787653.498722	-47823.732194	-277992.095628
1838364.675259	149536.031324	-80632.334583
1195259.621034	399630.440149	169462.174542
1022215.192535	689979.067987	459810.808914
1755736.524416	377408.083771	147239.723389
2020396.889259	130743.117642	-99425.255949
1695811.019653	-266360.990907	-496529.357966
1628512.545275	-220708.548848	-450876.904703
1571215.689481	826179.688060	596011.314982
2002041.890915	437929.293156	207759.223878
1777703.004044	-271642.982093	-501811.358252
1937364.254038	309229.633992	79061.259410
1446214.384460	149488.372680	-80679.949868
1363313.925507	-168514.383311	-398682.703879
1587374.993665	56414.597747	-173753.746361
1754522.714959	137796.047199	-92372.315783
1733413.618308	-42351.287623	-272519.647782
1051841.115831	-128612.790655	-358781.006737
1812915.284114	-236036.920006	-466205.305513
1068381.026682	632494.083568	402325.823417
1500460.976856	-330183.222592	-560351.577456
1633008.590567	47022.939279	-183145.412398
948552.672216	620437.832664	390269.627634
1788681.990115	-221926.851591	-452095.269961
1228833.459793	-164588.132885	-394756.423846
1503765.362209	-371805.980676	-601974.335838
944184.322588	-111512.368318	-341680.620993
792388.346594	106164.704516	-144259.862151
994044.359276	-210493.995131	-441029.664753
1311527.638819	490312.656603	260144.348557
840525.990990	324575.506136	94407.633008
1740558.858500	-296902.528199	-527070.907444
1271376.541043	-6778.151973	-236946.439718
1645090.055197	624515.509860	394347.151680
912915.015996	223328.966507	-6839.030542
1237421.878073	625963.545691	395795.239339
1557970.956235	-372659.108800	-602827.479490
807580.963844	117770.939645	-129804.881345
2007093.851220	327734.899964	97566.512383
900633.602374	253167.387749	22999.405623
1916937.721757	589922.333374	359753.960055
1194110.888186	793224.862347	563056.536762
1397256.184691	274967.363517	44799.049260
1884431.893029	135736.533764	-94431.835445
1993462.707812	162219.816653	-67948.556891
1338481.854506	-382235.546643	-612403.880934
940093.149892	-146114.785894	-376284.498826
1565215.951515	92188.355168	-137979.986752
1631363.146360	252428.055859	22259.707782
1385690.200245	245598.918512	15430.605685
1610164.605676	-39397.037557	-269565.387079
1492180.972809	786166.897633	555998.542009
880776.559924	-53589.275400	-283757.294640
1766056.086797	656058.153433	425889.784974
1145634.417078	-23755.226457	-253923.475323
822511.043301	255334.529707	25166.758753
1721803.149208	638058.343557	407889.978440
1398880.576026	458753.645823	228585.316205
812465.047965	345657.100511	115489.270186
1471364.322922	-105177.924453	-335346.261903
814953.086733	301073.418668	70905.638767
1918423.118005	247603.282925	17434.911482
1307278.374583	835148.547212	604980.206853
994120.881536	-210276.190398	-442716.020534
1055796.828715	-207587.107246	-437755.366614
1970915.965703	453460.866285	223292.487070
2025215.177292	183324.752228	-46843.623650
1237873.959141	-293242.823694	-523411.133252
1655935.340862	52031.087359	-178137.283214
881200.050321	-3373.466345	-233541.470409
1360394.592677	543824.167669	313655.845315
1865042.423335	653361.329094	423192.887647
1779865.967597	-237422.713083	-467591.142584
1238623.034197	409542.678565	179374.392658
1763228.711317	348422.221166	118253.858236
1807797.769432	116286.133400	-113882.231318
1425861.596539	-318323.940227	-548492.281310
968248.353557	-103146.199095	-333314.365456
1269457.688189	512003.629497	281835.327490
1874040.625643	623735.893377	393567.516222
851841.112415	67687.231846	-162480.730802
832290.177980	413023.456455	182855.536029
2030541.490634	215051.371210	-15117.010852
1243332.801333	268951.106170	38782.832991
914111.242438	-41485.152889	-271653.221439
1551479.423760	473970.647659	243802.303191
1967680.267294	516083.134474	285914.739260
1847682.832721	498550.124229	268381.685123
1320400.657821	-73494.694142	-303662.999593
802394.768568	250835.981742	20668.279554
1626607.482855	-116745.292815	-346913.645195
