-0.002648	0.001429	0.001429
0.000008	-0.000054	-0.000054
0.000109	0.000001	0.000001
0.000088	0.000029	0.000029
-0.000009	0.000031	0.000030
-0.000618	0.000061	0.000061
0.000015	0.000073	0.000073
0.000050	-0.000007	-0.000007
-0.000069	0.000144	0.000144
0.000027	-0.000065	-0.000065
0.000070	-0.000015	-0.000015
0.000076	0.000128	0.000128
-0.000466	-0.000132	-0.000132
0.001117	0.000775	0.000775
0.000049	0.000045	0.000045
0.000099	0.000051	0.000051
-0.000067	-0.000130	-0.000130
-0.000332	0.000167	0.000167
-0.000144	0.000056	0.000056
-0.000703	0.000055	0.000055
-0.000015	-0.000010	-0.000010
0.003612	0.003278	0.003278
0.000049	0.000114	0.000114
-0.000027	0.000046	0.000046
-0.000073	0.000126	0.000126
0.002073	-0.000479	-0.000479
0.000037	0.000046	0.000046
-0.000114	0.000214	0.000214
-0.001338	-0.000136	-0.000136
-0.000067	-0.000038	-0.000038
-0.000003	-0.000567	-0.000567
-0.007429	-0.002650	-0.002650
-0.000022	-0.000093	-0.000093
-0.000666	0.000031	0.000031
0.000050	-0.000109	-0.000109
-0.000238	-0.000141	-0.000141
0.000020	-0.000023	-0.000023
0.000021	0.000103	0.000103
0.000043	-0.000013	-0.000013
-0.000009	0.000003	0.000003
-0.000203	-0.000130	-0.000130
0.000020	-0.000046	-0.000046
0.000056	0.000060	0.000060
0.000232	-0.000007	-0.000007
-0.004997	-0.000315	-0.000315
0.000029	-0.000007	-0.000007
0.000192	-0.000028	-0.000028
-0.000023	-0.000013	-0.000014
-0.000585	0.000469	0.000469
0.000152	-0.000092	-0.000092
-0.000045	-0.000032	-0.000032
-0.000353	-0.000494	-0.000494
-0.000814	-0.000559	-0.000559
-0.000027	-0.000063	-0.000063
0.000480	-0.000027	-0.000027
-0.000042	0.000000	0.000000
0.000943	0.000122	0.000122
-0.000034	0.000002	0.000002
-0.000049	-0.000050	-0.000050
0.000197	0.000008	0.000008
-0.000135	-0.000071	-0.000071
-0.000466	0.000434	0.000434
-0.000011	0.000087	0.000087
0.000133	0.000028	0.000028
-0.000112	0.000016	0.000016
-0.000092	0.000047	0.000047
0.000085	0.000082	0.000082
0.000008	-0.000052	-0.000052
0.000264	-0.000094	-0.000094
-0.000024	-0.000090	-0.000090
-0.000076	-0.000089	-0.000089
-0.000728	0.000333	0.000333
0.000018	-0.000029	-0.000029
0.000131	0.000006	0.000006
0.000148	0.000048	0.000048
-0.000160	-0.000248	-0.000248
-0.000043	0.000027	0.000027
-0.000080	0.000030	0.000030
0.000030	0.000008	0.000008
0.000062	0.000009	0.000009
0.001021	-0.000076	-0.000076
-0.000086	-0.000036	-0.000036
0.000022	0.000087	0.000087
0.000050	0.000098	0.000098
-0.000064	-0.000075	-0.000075
-0.000083	0.000097	0.000097
-0.000150	0.000171	0.000171
0.000070	-0.000053	-0.000054
-0.000173	-0.000186	-0.000186
-0.000066	0.000001	0.000001
-0.001194	0.000438	0.000438
0.000133	0.000038	0.000038
-0.000007	0.000179	0.000179
0.000010	-0.000044	-0.000044
0.000216	0.000052	0.000051
-0.000070	-0.000155	-0.000155
-0.000086	-0.000058	-0.000058
0.000207	-0.000015	-0.000015
0.000009	0.000014	0.000014
0.000186	-0.000062	-0.000062
0.000322	-0.000249	-0.000249
-0.000344	-0.000139	-0.000139
-0.001522	0.000617	0.000617
-0.000016	-0.000045	-0.000045
0.000558	-0.000161	-0.000161
-0.000064	-0.000051	-0.000051
0.000488	0.000016	0.000016
0.000138	-0.000012	-0.000012
-0.000001	-0.000055	-0.000055
0.000578	0.000196	0.000196
-0.000046	-0.000101	-0.000101
0.000508	-0.000156	-0.000156
-0.000254	0.000001	0.000001
0.000121	-0.000174	-0.000174
0.000192	0.000047	0.000047
-0.000108	-0.000139	-0.000139
-0.001084	-0.001460	-0.001460
0.000480	0.000415	0.000415
-0.000278	0.000151	0.000151
-0.000019	0.000153	0.000153
-0.000347	-0.000042	-0.000042
-0.000070	0.000060	0.000060
0.000281	0.000129	0.000129
0.000003	-0.000020	-0.000020
-0.000029	-0.000707	-0.000707
0.000368	0.000231	0.000231
0.000095	0.000143	0.000143
-0.000193	0.000136	0.000136
0.007215	0.002559	0.002559
-0.003075	-0.003092	-0.003092
0.000029	0.000031	0.000031
0.000093	0.000077	0.000077
0.000355	0.001100	0.001100
0.000094	-0.000206	-0.000206
-0.000043	-0.000070	-0.000070
0.000022	0.000073	0.000073
-0.000029	-0.000004	-0.000004
0.000105	0.000094	0.000094
0.000661	0.000352	0.000352
0.000057	0.000152	0.000152
-0.000011	-0.000027	-0.000027
0.000105	0.000007	0.000007
0.000190	0.000394	0.000394
-0.000002	-0.000039	-0.000039
0.000358	-0.000006	-0.000006
-0.000006	0.000071	0.000071
0.000112	0.000015	0.000015
0.001019	0.000324	0.000324
0.001646	0.000947	0.000947
-0.002996	-0.000722	-0.000722
0.000033	0.000025	0.000025
-0.000057	-0.000028	-0.000029
0.000054	0.000068	0.000068
-0.000019	-0.000070	-0.000070
-0.000291	-0.000353	-0.000353
-0.000160	0.000009	0.000009
-0.000000	0.000004	0.000004
0.000503	-0.000059	-0.000059
0.000292	-0.000065	-0.000065
0.000375	-0.000223	-0.000223
0.000525	0.000127	0.000127
0.000571	-0.000067	-0.000067
-0.000270	0.000170	0.000170
-0.000321	-0.000509	-0.000509
-0.000021	0.000025	0.000025
-0.000089	-0.000079	-0.000079
0.000106	-0.000112	-0.000112
-0.000050	0.000105	0.000105
-0.000106	0.000119	0.000119
0.000381	-0.000947	-0.000947
0.000058	-0.000041	-0.000041
-0.001121	0.000723	0.000723
0.000057	0.000024	0.000024
0.003956	0.000573	0.000573
0.000514	-0.000419	-0.000419
0.000085	-0.000031	-0.000031
-0.000021	0.000002	0.000002
0.000065	0.000101	0.000101
0.000031	-0.000050	-0.000050
0.000097	0.000020	0.000019
0.000358	0.000454	0.000454
-0.000445	0.000301	0.000301
0.000004	0.000017	0.000017
-0.001305	-0.000322	-0.000322
-0.000108	0.000175	0.000175
-0.000137	-0.000036	-0.000036
0.000286	0.000303	0.000303
0.000009	-0.000029	-0.000029
-0.000011	0.000048	0.000048
0.000342	-0.000037	-0.000037
-0.001632	-0.000857	-0.000857
0.000088	-0.000018	-0.000018
0.002545	-0.001472	-0.001472
0.001086	0.000052	0.000052
-0.000006	0.000009	0.000009
-0.000036	-0.000020	-0.000020
0.005295	0.000343	0.000343
0.000078	0.000106	0.000106
0.000037	0.000042	0.000042
-0.000032	-0.000019	-0.000019
-0.000166	-0.000587	-0.000588
0.000054	-0.000059	-0.000059
-0.000030	0.000027	0.000027
0.000162	-0.000332	-0.000332
-84.000002	83.999949	-0.000051
-83.999933	83.999997	-0.000003
-84.000166	83.999902	-0.000098
-83.999964	83.999866	-0.000134
-83.999640	84.000110	0.000110
-84.000123	84.000146	0.000146
-83.999386	84.000442	0.000442
-84.000194	84.000111	0.000111
-83.998592	83.999190	-0.000810
-83.999815	84.000109	0.000109
-83.999787	84.000156	0.000156
-83.999746	84.000114	0.000114
-84.000168	84.000209	0.000209
-84.000214	84.000246	0.000246
-84.000066	83.999997	-0.000003
-83.999884	83.999729	-0.000271
-83.999819	84.000106	0.000106
-84.000009	83.999932	-0.000068
-83.999916	83.999989	-0.000011
-83.999799	84.000004	0.000004
-83.999923	84.000043	0.000043
-83.999216	84.000421	0.000422
-83.999935	83.999906	-0.000094
-84.000117	83.999919	-0.000081
-84.000734	84.000150	0.000150
-84.000107	83.999999	-0.000001
-84.000058	84.000164	0.000164
-83.999666	83.999635	-0.000365
-84.000181	84.000105	0.000106
-84.000260	83.999775	-0.000225
-84.000070	84.000121	0.000121
-83.999818	83.999955	-0.000045
-84.000118	83.999916	-0.000084
-83.999929	83.999970	-0.000030
-84.001069	84.000943	0.000943
-83.999975	84.000010	0.000010
-83.999817	84.000096	0.000097
-84.000170	84.000101	0.000101
-84.000301	84.000000	0.000000
-84.000186	83.999832	-0.000168
-83.999945	84.000054	0.000054
-84.000022	83.999997	-0.000003
-83.999905	83.999953	-0.000047
-84.008654	84.008371	0.008371
-84.000785	83.999851	-0.000149
-83.999978	84.000337	0.000337
-83.997128	84.003561	0.003561
-84.000097	84.000047	0.000047
-84.000347	83.999859	-0.000141
-83.999094	83.999649	-0.000352
-83.999989	84.000067	0.000067
-84.000515	83.999753	-0.000247
-83.999901	84.000140	0.000140
-83.999993	84.000047	0.000047
-83.999819	83.999984	-0.000016
-84.000010	83.999989	-0.000011
-84.000034	84.000048	0.000048
-83.999839	84.000053	0.000053
-83.999855	83.999758	-0.000242
-84.000132	84.000278	0.000278
-84.000032	83.999960	-0.000040
-83.999785	83.999945	-0.000055
-83.999963	83.999885	-0.000115
-84.000119	83.999902	-0.000098
-83.999855	84.000076	0.000076
-83.999788	83.999906	-0.000093
-84.000106	83.999972	-0.000028
-84.000043	83.999979	-0.000021
-84.000022	83.999941	-0.000059
-84.000013	84.000104	0.000104
-84.000027	84.000005	0.000005
-84.592254	84.725952	0.725330
-83.999418	83.999707	-0.000293
-83.999989	83.999968	-0.000032
-83.999964	84.000009	0.000009
-84.000094	84.000039	0.000039
-83.999964	83.999999	-0.000001
-84.000016	83.999927	-0.000073
-84.000407	84.000008	0.000008
-84.000494	83.999995	-0.000005
-84.000160	83.999993	-0.000007
-83.999860	84.000069	0.000069
-84.000375	83.999628	-0.000372
-84.000592	83.999841	-0.000159
-84.000154	84.000079	0.000079
-83.999881	84.000238	0.000238
-84.024812	83.996395	-0.003605
-83.394439	83.250877	-0.772230
-84.000075	83.999993	-0.000007
-84.002361	84.000870	0.000869
-84.000177	83.999969	-0.000031
-84.000078	84.000025	0.000025
-84.000019	83.999999	-0.000001
-83.999964	83.999994	-0.000006
-84.000416	83.995181	-0.004828
-83.999057	83.999563	-0.000438
-83.999901	84.000214	0.000214
-84.000310	84.000258	0.000258
-84.000044	83.999958	-0.000042
-83.999943	83.999883	-0.000117
-83.999883	83.999933	-0.000067
-84.000148	83.999848	-0.000152
-83.999932	83.999804	-0.000196
-84.000247	83.999631	-0.000369
-84.000116	84.000008	0.000008
-83.999949	83.999853	-0.000147
-84.000238	83.999819	-0.000181
-83.999718	83.999959	-0.000041
-83.999968	83.999979	-0.000021
-84.000166	83.999965	-0.000035
-83.999970	83.999636	-0.000364
-84.001239	84.000185	0.000184
-84.000124	83.999929	-0.000071
-84.000192	83.999750	-0.000250
-84.000196	83.999863	-0.000137
-84.000295	83.999687	-0.000313
-84.000321	83.999844	-0.000156
-83.999899	84.000042	0.000042
-84.000337	84.000018	0.000018
-83.999235	84.000187	0.000187
-83.999936	84.000101	0.000101
-84.000069	83.999948	-0.000052
-83.999980	83.999982	-0.000018
-83.999802	84.000336	0.000336
-84.000419	83.999840	-0.000160
-83.999940	84.000085	0.000085
-84.000107	83.999965	-0.000035
-84.000061	84.000062	0.000062
-83.999931	83.999985	-0.000015
-83.999700	83.999908	-0.000092
-84.000086	84.000106	0.000106
-84.000625	84.001214	0.001214
-83.999828	84.000155	0.000155
-83.999783	84.000060	0.000060
-84.000387	83.999957	-0.000043
-83.999761	83.999116	-0.000884
-84.000034	83.999967	-0.000033
-83.999935	84.000015	0.000015
-83.999920	83.999949	-0.000050
-83.999995	84.000086	0.000086
-83.999979	83.999974	-0.000026
-83.999421	83.999887	-0.000113
-83.999524	84.000247	0.000247
-83.999884	84.000025	0.000025
-84.000365	83.999913	-0.000087
-84.000010	83.999905	-0.000095
-83.999729	83.999934	-0.000066
-83.999969	84.000044	0.000044
-84.000089	83.999905	-0.000095
-83.999845	84.000124	0.000124
-83.999649	84.000077	0.000077
-83.999984	84.000001	0.000001
-84.000068	84.000025	0.000025
-84.000020	84.000034	0.000034
-83.999870	84.000063	0.000063
-83.999835	83.999897	-0.000103
-84.000012	83.999871	-0.000129
-83.975306	84.003606	0.003537
-83.999912	83.999934	-0.000066
-84.000100	84.000020	0.000020
-83.999853	83.999927	-0.000073
-84.000027	84.000035	0.000035
-84.000024	83.999772	-0.000228
-84.000074	83.999939	-0.000061
-84.000013	83.999974	-0.000026
-84.000297	84.000005	0.000005
-84.000004	84.000042	0.000042
-83.999850	83.999876	-0.000124
-84.000003	83.999928	-0.000072
-83.999971	83.999893	-0.000107
-83.999939	84.000002	0.000002
-84.000047	84.000127	0.000127
-84.000131	84.000154	0.000154
-84.000286	84.000044	0.000044
-84.000156	83.999832	-0.000168
-84.000689	84.000844	0.000843
-84.000128	84.000006	0.000006
-84.000301	83.999867	-0.000133
-83.999764	83.998725	-0.001277
-83.999917	84.000036	0.000036
-84.000125	84.000080	0.000080
-84.000019	83.999958	-0.000042
-83.999891	84.000109	0.000109
-83.999820	83.999994	-0.000006
-84.000017	84.000058	0.000058
-83.999343	83.999354	-0.000647
-84.000053	84.000010	0.000010
-84.000137	84.000017	0.000017
-84.000021	83.999946	-0.000054
-84.000264	84.000373	0.000373
-83.999644	84.000198	0.000198
-84.000099	83.999797	-0.000203
-84.000038	84.000369	0.000369
-83.999912	84.000586	0.000586
-83.999989	83.999981	-0.000019
-84.000231	83.999617	-0.000383
-83.991972	83.991758	-0.008272
-83.999710	84.000569	0.000569
-83.999991	84.000654	0.000654
-83.999977	83.999984	-0.000016
-83.999843	83.999695	-0.000305
-84.000013	84.000048	0.000048
-84.000451	84.000306	0.000306
-83.999817	84.000146	0.000146
