1661.388028	-88.107875	-81.513729
1620.520920	-16.798575	-14.043918
1576.147656	101.000146	30.287094
1552.332643	-75.597051	-53.699274
5984.520530	-1417.612791	-1441.785449
1453.526824	70.218416	19.982343
1445.660453	198.956830	103.115690
1555.269558	151.647905	207.285356
1807.521891	-9.642640	-82.853490
1552.273887	-83.789534	-55.692810
1607.478292	-147.443337	-195.051748
587.640719	691.927394	-250.406192
1755.888771	14.284935	-46.217484
1846.904755	884.873739	904.107375
1660.164714	4.618269	3.292500
1542.739880	73.216679	88.782032
1483.798004	53.611497	35.656620
1705.499504	284.868810	217.563733
1320.152314	267.964944	180.617471
-27658.027888	190989.371324	190989.237854
1524.950591	-55.594081	-35.811385
1610.536951	112.633622	65.952208
1612.150775	114.484181	66.918211
1553.345397	255.699969	108.138160
1347.920266	237.229384	186.187036
1261.695060	-644.895031	-686.064836
2732.953781	1400.373437	1354.908882
1783.840578	328.251888	320.813704
1717.811094	486.999020	373.142465
2929.278092	-413.538374	-557.293389
1574.795570	-26.053143	-119.643110
1616.785819	-89.148037	-60.582989
336.584832	5384.165226	5366.434147
1775.818914	-242.536641	-243.580620
1111.938516	-106.000220	91.173187
1624.697062	-40.455385	-66.827585
1143.221409	18.382535	50.476163
1832.162006	-349.198518	-193.260530
1337.109562	75.544031	-379.633452
-459.597068	-513.002663	-536.575776
1586.140852	-208.203855	-177.674498
1778.500942	177.249936	156.621562
1704.514727	-184.433882	-172.204695
1391.403075	57.324043	46.522989
1731.225030	-370.434891	-414.032759
2563.455805	95.871747	70.168151
1322.994139	-65.475570	-29.932604
1667.250711	-111.593015	-118.308587
1546.380141	-127.348415	-108.432189
1863.200143	35.234703	-106.082155
1882.036094	337.720417	128.030094
1418.767943	19.727188	42.367512
1300.602160	145.356834	134.083220
1702.706675	263.906710	228.276759
1392.620899	-358.909982	-379.417610
1534.233788	-49.168379	-17.655132
1293.789283	89.723841	69.752240
822.570704	-378.674970	782.223297
1590.838545	-157.250455	-87.388731
1908.727543	6.641113	-101.045014
2249.717069	775.167195	1286.417497
1528.842104	-19.681322	-7.506532
1392.451550	-176.903314	-140.788244
1741.145887	-117.455493	-144.922879
1544.812224	-249.146801	-190.460267
1701.421420	360.780589	256.388666
1760.624599	145.378309	132.453159
756.236164	1153.870311	1109.158932
1999.561601	-596.516883	1734.363343
1676.133054	-133.222681	-177.650281
1358.046453	-290.385550	-132.750632
1535.657955	-790.405583	68.260022
2660.712839	-5464.437005	-4788.270941
1569.027540	-199.879218	-161.210976
1642.717797	353.939746	269.634782
1733.929677	228.020704	3.462185
1578.220339	-191.898372	-163.817173
1597.604208	131.553050	24.863947
1596.613369	706.650457	491.101236
1435.333462	410.702291	322.925890
1071.094486	-280.056160	-306.583887
1796.931673	270.831801	54.464480
2902.275301	1597.019954	1544.775355
1590.281640	-206.316150	-177.720048
2208.064827	-534.624308	-696.236123
1387.623416	57.771703	43.946622
1752.031181	-103.390895	-111.382833
1684.404306	-164.273558	-145.647285
1563.903562	-241.135502	-201.162314
1454.826684	67.868403	25.656898
2320.244954	-410.580154	-470.509244
1849.987501	120.493835	-28.868910
1597.186600	-194.446246	-166.561422
1766.288385	222.905115	157.723006
3687.379769	-966.609955	-987.402138
1227.482726	-51.288736	104.451400
1256.312824	93.938446	97.176250
1767.585471	28.268560	-45.097714
1539.531986	-48.436157	-24.033521
1522.671897	83.946444	8.069537
4341.045598	-820.994922	-860.088622
1390.328840	52.179982	43.419856
2506.056334	223.815657	172.161370
1146.100849	348.371649	203.374703
1507.224876	133.556294	86.417112
1515.348460	-148.807132	-261.011755
1509.895527	-5.993801	9.990672
1683.950513	-154.225574	-178.963528
507.988892	4393.745767	3663.925166
1700.810694	383.021811	409.987938
-10377.634636	-4538.042435	9137.702939
3771.522356	146.351376	96.375766
1508.436783	10.847027	23.161731
2182.465867	1112.469489	1040.665467
1445.804550	31.504010	20.190724
1239.225453	-236.151988	-320.285252
1758.331959	-4.345934	-38.569673
1444.812953	297.213924	170.510685
1666.602573	-38.989117	-26.245859
1445.477538	201.999178	102.802225
1406.465046	633.195632	546.923716
2041.802549	-131.324355	-153.638747
1444.909829	-202.844069	-158.653163
1373.960875	-253.885643	-148.770218
1686.155712	-162.523161	-143.227260
1636.157332	-32.151923	-15.849806
1577.732382	-197.141159	-170.487199
1417.371340	234.051222	114.438502
4519.227674	-13773.037872	-13775.026650
1751.065584	-214.454266	-234.282175
1440.808088	292.706370	121.152050
1757.169792	-216.370185	-228.131784
-5505.097889	-4314.160077	-4329.823545
1342.909569	107.649287	83.097173
505.188466	1470.568357	346.810928
1626.063797	-47.156189	-15.059791
1459.869819	619.148027	572.047717
2162.372598	199.853277	204.771659
1597.982571	-175.669190	-194.904140
1320.390840	254.837562	228.890007
-62678.740468	88124.813251	88124.665422
1655.013294	-26.451392	-36.902832
386.121622	-134.901195	-165.133930
1658.625807	-93.889328	-118.205976
1626.376725	191.848380	147.277835
941.583475	587.540710	558.703807
-7283.789770	658.168697	-3367.508205
-8272.568187	-1014.071451	-1176.856730
1609.442757	31.371315	19.617926
1755.187997	-106.180548	-111.767087
1613.573658	612.788320	497.674793
2177.646620	784.282465	1030.307553
730.236488	-314.732246	-338.620355
1614.004663	-106.933273	-91.250146
1537.719786	-43.723605	-23.990583
1391.403208	51.740212	48.063543
1662.884333	9.824577	15.737602
1351.764820	-295.254593	-136.873723
2386.367912	456.393052	-588.748959
1273.429749	-242.591168	-172.911321
1983.454038	332.730996	-100.471560
1992.648121	196.492299	146.765714
2017.539686	-75.560472	-138.929920
1582.748210	533.692683	490.894628
1583.452467	-104.458134	-76.509934
1699.959111	22.985634	-49.762136
1636.441642	-24.292999	-22.274432
1732.635837	-910.431805	-869.177316
1624.134575	25.082680	21.063108
3319.532440	91.996401	70.695474
1837.808383	-193.123712	-183.012466
1465.495243	-89.843616	-30.613658
1492.623542	84.924866	47.418493
1098.365968	-716.706728	-689.524789
6728.114087	-7653.910045	-8223.613592
1339.571344	52.242343	86.122395
1690.997172	168.826453	162.605909
1811.538024	185.891167	118.522164
1390.080497	437.607878	364.118877
1442.174835	-581.883937	-247.485600
1625.886503	-6.180151	-16.692069
1698.402421	360.286486	246.284066
1706.670718	359.953772	214.490625
982.609204	565.540648	528.875558
1072.986801	374.506948	321.012033
1019.700768	-9.309624	-146.737185
1874.760940	-86.567419	-116.529348
246.897618	390.069984	361.445020
1535.216901	103.318918	78.711198
1881.350794	-108.165320	-107.975190
1093.856795	76.803497	67.131981
778.599728	15.625089	55.612403
1531.685740	9.240682	14.635513
1600.965810	-164.533017	-163.743748
8231.706417	-3549.724919	-3632.413570
1784.651678	497.159611	543.231515
1707.400010	-192.334298	-183.794163
1838.798790	217.037605	96.718692
1570.630224	348.745811	152.477402
1159.757453	138.694757	128.558139
1739.938700	-3.990635	-23.105021
5730.365705	-551.421490	-588.708535
1407.006869	-25.461008	-143.971457
1229.019758	-105.211676	74.795846
-1881.403670	2540.423122	355.005645
-2190.922868	2235.104539	-56.463531
-2322.808163	2469.380419	-467.579708
-2239.175270	2385.290092	-153.292405
-2269.570893	2420.447749	-140.956371
-2040.997345	2301.658972	-100.401927
-2247.808847	2353.581981	-241.253378
-2228.109255	2379.950576	-145.648089
-2283.935030	2435.413720	-126.906527
-2301.887417	2481.241292	-134.472164
-2281.752764	2448.323815	-144.247685
-2259.343332	2392.181978	-176.375771
-3244.449694	1962.750188	-1048.378056
-2216.337511	2373.924120	-121.924480
-2278.858491	2623.702341	-92.603297
-2171.623166	2121.090688	-367.287709
-2066.221342	2235.619413	-483.530751
-2199.575664	2360.714984	-371.846083
-1955.784098	2284.961657	-93.571556
-2343.108238	2563.394467	-154.509569
-2337.220664	2443.094772	-177.220532
-2204.536244	2214.165328	-343.660187
-2249.723628	2391.027765	-134.652681
-1972.178049	2372.188866	-34.458013
-2088.475986	2230.958010	-112.819440
-2283.787085	2418.453005	-133.064543
-3269.776756	2000.208024	-1422.626090
-2345.791380	2633.247418	-121.290634
-2289.309315	2207.494635	-1975.397167
-2253.674922	2374.013606	-166.897863
-2323.523561	2489.024270	-119.626288
-1254.407084	4665.661904	-5024.653100
-2297.346865	2423.070751	-142.320287
-2066.712079	2416.071404	-129.595289
-2314.602318	2652.679987	-125.899212
-2347.528513	2475.608802	-121.905839
-2170.101046	2220.184335	-482.344804
-2295.885574	2509.488911	-93.907901
-1797.267236	2423.686043	89.960874
-2175.419598	2166.389831	-421.800607
3914.008546	13550.423460	6529.076064
-1899.976677	2016.093676	-707.765855
-2111.415761	2263.693993	-85.080110
-2302.896021	2476.422241	-140.284649
-2272.901425	2445.516534	-128.111628
-2302.803928	2471.677635	-136.272057
-1901.680697	3512.374399	1165.666465
-2285.213424	2222.695827	-328.126962
-2268.199422	2397.291380	-156.477648
2083.772261	-3971.923942	-6055.846971
-2248.210330	2203.228521	-284.359432
-3118.285927	3283.916855	-90.868257
-2250.801347	2512.354898	-148.706892
-1753.901800	2299.838458	-295.704502
-2241.898926	2169.152431	-539.131141
-2308.865898	2363.543648	-395.114825
-2299.166530	2385.617861	-152.798411
-2116.730847	2121.927185	-178.904573
-2317.430665	2370.257049	-406.923452
-2391.831976	2377.262671	263.741527
-2054.522468	2351.028850	-81.989052
-2315.975777	2474.392827	-137.044205
-2229.043132	2434.156517	-144.924186
-2281.671086	2441.844163	-131.292833
-2481.845855	2363.839325	-1547.463548
-2347.570658	2373.300870	-223.345986
-2246.986654	2529.221832	-147.650982
-2124.989407	2352.013231	-47.220203
-2271.129675	2463.232970	-125.214605
-2228.639941	2233.247734	-341.598103
-2231.848089	2044.947662	-995.282269
-2263.628641	2402.479233	-153.441559
-2220.927135	2149.724386	-323.231115
-2327.812339	2478.457937	-132.080376
-2279.783202	2221.034705	-326.816298
-2271.191679	2435.061797	-141.834068
-2311.507498	2435.597013	-155.336474
-2283.443690	2229.909318	-339.685587
-402.584449	1545.986457	-540.252562
-2308.266635	2470.357023	-147.103910
-2158.174346	2381.601294	-160.673086
-2289.580611	2251.764713	-303.466929
-2299.923422	2419.849859	-130.677009
-2282.768674	2319.899289	-87.426395
-2271.783416	2464.002595	-120.578877
-2586.775526	2371.629428	-94.957745
-2267.576026	2401.386583	-153.440472
-2144.023604	2342.072931	-4.485772
-2280.356998	2434.552391	-137.284837
-1761.364261	2216.451956	-417.349516
-2227.330617	2400.081552	-138.113206
-2231.250800	2232.820585	-350.738977
-2271.386803	2385.344460	-134.807636
-4022.822226	2482.707026	-4596.567110
-2554.833912	2159.313982	-511.827451
-2275.154098	2423.289237	-144.180997
-2273.279673	2292.499509	-179.130867
-2159.244011	2118.398509	-440.624138
-2282.069470	2433.529678	-135.437358
-1908.788512	2334.989251	-57.107186
-2333.331558	2475.783789	-127.700767
-1425.870336	4104.837825	732.001888
-2276.145554	2424.341308	-137.938877
-2270.908894	2417.578171	-142.979177
-2281.881731	2816.655714	-201.424765
-2180.997291	2197.238936	-357.932593
-2134.493702	2356.488107	-122.168941
-2254.589981	2399.155888	-150.876629
-2240.795729	2451.915052	-106.778363
-2310.493206	2366.857110	-176.986324
-2205.590485	2412.335473	-125.829103
-2113.203155	2069.016849	-365.159286
-2164.880295	2308.076521	-129.230743
-2275.218324	2418.506707	-134.773038
-2267.522933	2429.137225	-137.878678
-2318.965595	2527.157823	-158.772876
-2277.052871	2655.108972	-144.496476
-2269.940165	2446.840970	-158.362819
-1760.427190	1730.831276	-583.935723
-2236.004096	2222.219440	-340.525240
-2315.492861	2471.598767	-138.232980
-2158.221732	2172.222126	-367.716278
-2272.978118	2424.285513	-139.214816
-2159.810160	2516.226566	-166.801711
-2281.210225	2228.201423	-346.907227
-2315.052469	2457.454684	-140.375443
-2321.615236	2557.831562	-149.127960
-2132.579072	2105.816633	-399.961928
-2309.060769	2422.847878	-212.633062
-2368.443193	2259.411065	-237.363178
-2285.663063	2361.605220	-138.304070
-2299.652218	2434.114444	-125.596761
-2155.571327	2171.431441	-371.334584
-3549.568113	4168.933353	-8019.478553
-2228.485843	2232.938715	-343.895072
-2191.632201	2193.226912	-204.475401
-2213.723337	1729.489799	-315.933702
-2221.478602	2630.246683	-338.501471
-2188.379254	2276.644574	-342.878730
-2191.835618	2765.761465	-27.842130
-2303.003368	2462.444439	-132.101954
-2206.957733	2212.433201	-337.194538
-2219.437338	2230.344623	-267.061459
-3025.431131	1535.634924	-875.754591
-2321.861295	2465.833116	-478.308047
-1919.412362	1478.293298	-916.679390
-2242.802484	2470.416015	-118.485828
-2231.458365	2403.880547	-180.831294
1608.765593	1141.181410	-104.904188
-2266.603650	2390.964050	-143.635922
-2284.486462	2269.976969	-355.223555
-2053.942560	2394.206066	-325.682605
-2039.039496	1625.155878	-1003.684295
-2270.698583	2426.093448	-144.519982
-2269.242053	2426.385953	-140.181109
-2301.772177	2446.288952	-126.959615
-2103.676053	2298.155019	-258.988689
-2276.051102	2429.445215	-134.852461
-2253.963065	2389.588588	-158.851429
-2274.427678	2428.948749	-136.476388
-2168.561869	2171.282136	-379.990770
-2309.670927	2466.601667	-137.986731
-2284.561376	2474.854359	-129.801724
-2017.109080	2283.214619	-228.188562
-2271.433109	2422.623027	-130.771301
-2150.557875	738.815654	261.593867
-2270.198407	2436.806374	-137.342480
-2250.375726	2377.788374	-163.527608
8740.769277	8722.110612	-90875.344384
-2269.192035	2315.379616	-207.394116
-2243.546299	2256.821307	-58.343721
-2892.920935	2005.261332	-358.508420
-2182.075194	2244.047083	-459.484200
-2162.999212	2116.798746	-367.817493
-2234.167028	2390.546282	-161.487771
-2243.176807	2319.884415	-265.913177
-2276.416355	2422.860095	-154.046330
-2296.433679	2463.664542	-132.043095
-2284.133221	2438.254506	-124.036249
-2304.737022	2483.383116	-134.256835
-2136.282929	2770.820866	165.550894
-2272.208020	2528.762466	-126.744947
-2272.589641	2425.627260	-143.712763
-2374.091847	2475.549044	-84.953518
-2293.939217	2485.120886	-126.993909
-2161.078054	2136.834870	-435.016991
-2238.844941	2362.140154	-192.864346
-2242.010596	2320.455537	-270.211575
-2232.715117	2217.241545	-308.870265
-2258.005282	2232.930683	109.011759
-2101.839123	2291.720192	-182.665822
-2302.519613	2495.336206	-123.036125
-2310.572254	2381.756333	-140.567083
-1960.466238	2462.122202	86.419727
-2273.406146	2433.512390	-138.548381
-2037.102877	2301.464089	-365.960067
-2333.695606	2532.265716	-241.331042
-1434.532612	2746.293228	-898.737641
-2241.262052	2112.990145	-453.555732
-2271.715694	2422.063520	-135.559339
-2281.046704	2483.991869	-119.308122
-2137.957320	2360.814870	-123.825578
-2264.202525	2401.656025	-144.852328
-2307.550408	2466.750563	-129.966898
