238.861879	-12.162215	-11.969158
234.736503	-1.037223	-2.889947
226.814180	14.190710	4.245388
224.651514	-12.538210	-6.949724
861.442308	-204.146925	-207.632287
208.972892	9.114130	4.344417
209.852629	29.264570	16.709090
223.935520	21.671156	29.222551
259.297639	-1.727939	-11.589533
223.658239	-10.538775	-6.642214
233.190979	-19.967827	-27.910081
84.011421	100.111507	-35.874867
251.743647	2.100985	-6.150796
266.125690	127.319004	130.076846
239.195298	0.012332	0.283878
222.036113	10.675616	11.708014
213.226969	7.741862	4.143490
245.469538	40.007666	30.593864
190.202724	37.772567	25.863837
-3980.977380	27490.542349	27490.523136
221.031314	-5.917401	-5.694505
233.619843	13.535381	8.523315
231.342153	15.743367	4.693915
222.781242	37.002442	15.132198
194.125748	34.209881	26.618724
181.382351	-92.981058	-98.888047
393.319356	202.035461	195.471347
256.244525	47.395767	45.752913
247.017018	69.841968	53.535704
422.284568	-59.519571	-80.295817
218.663364	-4.317461	-39.805801
232.907001	-12.714096	-8.660833
48.204753	775.469660	772.910232
254.200601	-33.966584	-34.251874
160.277557	-14.825611	12.731987
234.093850	-5.389507	-9.147958
164.962261	2.483386	7.375869
263.893379	-50.022025	-28.143905
191.686673	10.727344	-55.854174
-66.301408	-73.667679	-77.088629
227.155804	-28.126320	-24.146748
255.134915	25.575813	21.319831
240.820000	-25.010252	-21.084035
196.787835	11.237215	7.288755
249.376799	-52.874988	-59.084672
368.787889	13.500118	9.943131
190.824430	-9.669605	-4.134170
238.448251	-15.461559	-16.398581
224.062199	-18.121095	-14.718342
267.527670	4.456152	-15.042718
274.267851	52.560843	17.747322
204.966003	3.971332	4.489913
187.127771	20.654688	18.974210
245.339890	38.452743	32.415944
200.178276	-51.190784	-54.098465
222.302266	-5.441201	-4.096510
186.908244	12.554111	10.336011
117.698056	-54.829808	112.976744
229.373331	-22.444740	-13.439495
273.483627	0.744431	-14.692026
323.911851	111.870851	185.617222
221.729301	-2.765926	-0.348025
201.484925	-25.500139	-20.124339
249.300697	-16.314048	-19.449544
223.548525	-34.365268	-26.642096
242.978191	51.528464	35.572300
252.890028	20.685178	19.346393
108.966949	166.448736	159.968500
288.179210	-86.253994	251.442625
241.457607	-20.614962	-25.949861
194.094499	-42.054825	-18.297564
220.925929	-113.896613	9.716982
383.284027	-788.889410	-691.320378
226.813867	-26.329457	-22.438943
236.972940	50.438659	38.181220
250.160597	32.873689	-0.576132
225.296222	-27.880241	-25.025643
229.628216	17.472357	4.177300
229.813892	102.113268	71.295768
206.401067	59.199933	46.446202
154.549587	-40.359291	-44.160898
258.889659	40.308168	4.550562
417.959698	230.384949	222.857479
238.087684	-34.690194	-28.531385
318.173365	-77.169106	-100.513338
200.451994	8.915655	5.057072
250.596272	-13.809133	-13.903750
243.692466	-23.378056	-19.467858
224.546210	-32.953455	-27.867571
210.687221	9.378141	2.908726
333.964989	-58.964337	-67.619276
265.612868	17.137481	-4.116338
227.271385	-27.807649	-24.025475
253.249311	31.755302	23.199393
530.559885	-139.022232	-142.022631
177.099712	-7.275697	14.692332
181.688333	13.449326	14.015520
252.298311	3.294748	-6.667273
222.911308	-6.583268	-3.526731
219.568335	11.321605	2.110112
624.718498	-118.337875	-123.975651
203.832151	6.258427	6.505959
360.328435	32.509817	24.959035
164.957710	50.160940	29.331017
217.744356	18.543974	11.335285
216.610106	-19.812911	-40.311523
219.081713	-0.358631	1.204590
241.915200	-22.339188	-24.366505
72.689158	633.727870	528.433028
244.857453	55.335085	58.936872
-1497.040324	-654.576150	1317.554302
542.467337	21.028966	13.822658
217.649426	0.384397	2.440938
313.992706	160.530257	150.175438
209.233930	5.690629	3.425482
178.412998	-34.249317	-45.876922
252.764723	-0.157847	-4.778843
208.181905	42.208972	23.987215
238.072249	-5.753827	-4.131692
207.803417	27.779628	12.271853
202.698809	91.589043	79.266829
293.230023	-18.217330	-21.512536
208.665847	-29.244238	-22.574488
197.766156	-36.234687	-20.732730
241.631572	-22.144717	-23.980059
233.660357	-3.771268	-3.368751
230.291592	-30.089790	-26.559652
203.697607	33.196392	16.326005
650.397398	-1982.971818	-1983.258353
251.305935	-31.781886	-33.413041
207.351798	41.234808	17.817038
252.750019	-31.149556	-33.162332
-792.507687	-621.443391	-623.700360
194.088183	15.177693	11.283448
71.726428	212.528327	50.062412
229.793218	-7.975679	2.876942
210.245913	89.256845	82.333011
310.866808	29.045024	29.653463
243.035490	-15.839925	-38.651704
190.464741	36.711924	32.464419
-9021.728000	12684.476149	12684.454868
245.955452	-4.690943	-10.873387
55.698211	-19.372342	-23.753643
237.782024	-14.158765	-16.421241
233.587631	27.892665	20.846529
135.641636	84.527368	80.098841
-1052.243032	95.244253	-485.863557
-1191.794077	-146.110096	-169.553277
221.978265	7.972579	4.360665
251.835602	-15.110492	-18.023899
232.316932	88.504114	72.001450
313.999887	113.711640	149.218713
104.582131	-45.478669	-49.059043
232.324875	-14.577444	-13.281743
217.988829	-7.233995	-3.802638
201.410551	6.412977	7.972978
237.568393	0.330165	0.404462
194.943163	-42.299829	-18.855240
343.979428	65.805816	-85.191593
184.069272	-34.874667	-24.874937
285.963737	48.150265	-14.487005
286.231786	28.526497	21.370432
290.404323	-11.090616	-20.079425
227.508856	76.936213	70.604643
228.592778	-14.236151	-10.022090
243.816494	2.952800	-7.058240
233.994876	1.827875	0.199144
249.369668	-131.349161	-125.481196
234.386917	2.241055	5.900728
477.739145	13.616083	10.539682
263.683651	-27.728110	-26.336793
211.669799	-12.689754	-4.882562
215.143909	11.434062	6.000960
157.574752	-103.235366	-99.344146
968.780580	-1102.846836	-1184.917249
193.914502	7.648851	12.121487
243.841481	24.065599	23.362085
260.236406	27.255297	16.922419
200.331540	62.662098	52.029332
207.421645	-83.557654	-35.581887
232.655846	-1.896485	-3.827093
244.033961	51.669041	35.858498
244.948464	51.208683	31.704401
141.345784	80.961110	75.904681
154.608339	53.658161	45.891415
146.659935	-1.644472	-20.993415
269.157312	-12.905069	-17.036843
35.502262	56.484030	52.326246
220.987569	14.182626	11.523990
270.438494	-14.965082	-15.997553
158.385226	11.159457	9.836836
112.252046	2.182854	7.899459
220.278632	1.101563	2.456272
230.807458	-24.115046	-24.386379
1185.039295	-511.281197	-523.190446
256.478760	71.606728	78.207272
242.878591	-29.102953	-27.171674
263.905643	31.244475	13.879489
226.080816	50.032618	21.979822
167.560541	20.096392	18.669039
249.901024	-0.430512	-4.142654
824.982333	-79.177501	-84.549894
202.916072	-4.154632	-20.444603
177.471925	-14.853794	10.650192
-272.163692	365.884342	50.790021
-317.271950	323.364306	-9.365323
-346.919526	364.198475	-67.058380
-325.482220	344.002159	-20.353959
-319.366915	349.596587	-26.938450
-294.791061	332.041831	-13.705341
-325.153350	339.019518	-32.505716
-324.888606	345.470081	-20.126107
-332.320407	356.719177	-22.575316
-334.950259	351.560330	-15.640654
-331.805882	359.174039	-22.066335
-326.075934	344.738117	-20.517580
-468.260999	282.229733	-151.036449
-323.039035	344.816933	-20.599795
-329.220923	375.888429	-14.276816
-313.578203	305.838935	-53.539206
-299.803307	321.608198	-69.159880
-318.830734	339.167168	-52.278644
-284.402752	329.120009	-14.089494
-336.852203	366.443850	-21.298423
-339.348837	349.947615	-29.627144
-318.819430	318.704105	-47.492611
-324.858672	350.351330	-18.161448
-286.084218	341.615577	-5.573678
-302.099884	321.416007	-16.237224
-327.653277	349.055393	-21.917954
-472.114445	287.858933	-204.678136
-338.319804	377.591748	-18.134467
-330.889227	317.568853	-286.291741
-326.274835	348.338653	-24.671769
-332.729933	357.552363	-20.412839
-181.447518	671.685909	-724.024822
-335.855734	344.155449	-22.356556
-300.897667	347.017024	-18.811465
-334.351927	379.874597	-18.287866
-335.654205	354.057342	-19.250014
-313.628042	319.640382	-67.903926
-335.474450	358.918391	-14.311533
-260.719695	349.118242	13.025697
-313.963235	312.809484	-59.899209
562.197204	1950.846623	940.063203
-275.028141	290.091513	-101.925897
-306.599863	326.465189	-12.837415
-330.186346	354.442535	-13.468408
-333.850974	356.748078	-21.447824
-342.873116	362.707861	-20.664293
-275.036146	505.619095	168.037007
-328.801642	323.016542	-46.994423
-326.479016	347.465247	-17.632787
298.742161	-571.596546	-871.396571
-324.382601	318.784360	-41.509175
-450.271879	472.262360	-13.338174
-326.162041	358.187329	-20.324247
-254.599372	331.117310	-42.140155
-323.836193	312.628497	-76.822223
-332.846962	340.574312	-56.626801
-335.781221	354.042027	-26.308811
-306.083742	307.257793	-25.675024
-334.229961	340.581716	-56.800572
-346.201509	342.485521	38.015599
-298.256217	338.266784	-12.644878
-327.204520	352.630543	-15.721848
-327.333813	350.842388	-18.813907
-334.335963	349.370001	-24.406257
-358.388916	339.833832	-223.017695
-337.150390	342.604711	-30.697191
-327.849744	364.442584	-20.195281
-309.259746	339.444340	-8.113878
-334.873700	353.546226	-17.053724
-320.937561	323.551235	-51.281096
-322.648019	294.106364	-143.224685
-326.528520	347.724994	-23.620282
-321.101099	311.562564	-46.870105
-330.397117	352.626590	-18.792761
-328.233158	320.948212	-49.111281
-329.945010	355.256290	-27.439265
-328.604960	351.774831	-19.902474
-328.867030	320.852877	-49.026832
-59.554468	222.513053	-77.554556
-337.806674	358.004463	-27.056985
-315.179904	342.220164	-21.989892
-330.107539	324.742897	-44.457356
-340.961053	345.182239	-23.319298
-329.337203	336.301891	-14.554002
-330.731394	348.578343	-18.680420
-372.631369	341.442341	-13.446967
-330.897448	352.598281	-20.936525
-311.076425	336.671205	-2.299658
-336.327784	363.124944	-21.162952
-254.968333	319.058214	-60.067188
-327.135625	346.571980	-20.702091
-322.805257	318.654003	-47.657961
-331.167248	345.352351	-21.325081
-581.333298	357.414046	-663.699388
-368.858108	310.652139	-73.486982
-334.646651	342.572218	-19.952681
-329.227174	332.370035	-24.975909
-312.150037	306.767627	-62.160187
-340.780301	359.897780	-14.665760
-277.480131	335.930229	-8.485299
-331.214744	358.108865	-17.843150
-206.706110	591.191524	105.690029
-329.089857	352.219894	-20.277244
-336.843654	352.938441	-21.336846
-329.653998	404.489096	-28.491314
-316.260621	316.924609	-50.892996
-310.935964	335.943107	-18.105163
-328.480856	347.342191	-15.458426
-318.374491	347.515892	-14.610174
-332.230198	343.441564	-23.692707
-323.681924	346.336691	-18.345331
-306.246438	299.039788	-52.587274
-315.418060	333.399930	-18.650701
-325.478868	356.500608	-19.899006
-328.813731	342.175793	-26.775943
-333.119018	360.333032	-21.539199
-330.094234	380.710841	-21.226681
-330.317187	353.143244	-27.328105
-254.854456	249.251434	-83.899565
-323.491092	322.843186	-47.801622
-330.375138	349.669887	-20.071770
-311.632964	311.954004	-54.257027
-328.459056	344.283171	-19.145971
-313.875584	360.473558	-23.091368
-329.921540	321.520159	-47.556428
-338.953249	354.089571	-26.369789
-334.995674	364.814279	-20.842524
-308.744024	303.713258	-56.793848
-347.683677	345.491749	-61.648134
-340.186106	325.753512	-33.656035
-327.346057	342.511405	-20.147679
-336.925161	352.849750	-15.856561
-315.765399	313.433306	-51.833070
-512.107086	600.017371	-1154.592503
-323.104106	322.359421	-44.315012
-317.643937	317.145318	-30.545275
-319.893301	249.395818	-45.257224
-321.144637	377.229830	-48.297652
-317.049379	327.018664	-48.459744
-317.326153	397.627831	-4.228213
-327.289011	352.387684	-20.239128
-321.461922	318.635672	-49.193419
-321.399226	322.648089	-39.504190
-436.746805	220.554420	-126.455183
-346.280931	363.533645	-70.122550
-277.296711	212.810169	-131.766834
-329.026378	352.781402	-19.832305
-325.329499	345.752912	-23.501608
231.449137	163.709267	-15.004648
-328.705375	347.449280	-25.625930
-329.782456	326.285616	-50.298259
-297.758705	344.030187	-45.937054
-294.624858	233.804378	-144.596489
-332.227794	349.331652	-21.333321
-324.438459	355.550747	-25.558222
-341.915326	352.449443	-19.852293
-305.202252	330.802766	-36.415984
-321.960017	340.083702	-26.075858
-321.375697	347.733818	-23.475237
-329.800511	344.235029	-26.504791
-313.765791	312.789401	-53.223804
-331.525537	347.649449	-18.462200
-328.461800	351.421259	-19.443555
-292.412401	329.408386	-32.348770
-320.336885	348.292635	-16.199861
-310.705156	105.866177	37.752755
-334.983622	347.046206	-29.174695
-328.682149	346.463259	-23.325386
1257.379958	1255.476376	-13084.137954
-329.486030	335.564748	-29.665789
-323.914691	326.487874	-10.234086
-417.634839	288.416151	-51.655668
-315.786573	322.884449	-65.190278
-313.588754	307.521301	-53.220247
-326.107718	350.045279	-21.616983
-323.838470	331.733726	-36.430200
-333.046085	348.082035	-24.418982
-330.868658	350.580728	-19.867653
-331.503288	346.118721	-24.755751
-332.636393	356.303300	-22.427191
-308.935387	398.871410	23.598283
-331.928948	362.347421	-18.034124
-337.829613	359.646234	-18.824978
-345.466534	358.632661	-13.292977
-327.090419	357.749045	-18.530991
-312.817939	307.768188	-61.449431
-325.384572	342.569709	-24.983778
-323.929839	336.112447	-37.429254
-323.999120	320.583747	-45.460292
-326.697525	321.643743	14.307057
-305.515600	331.479131	-25.846866
-332.942839	355.996769	-19.429740
-342.596869	351.455816	-19.108456
-284.332352	354.356310	12.043613
-331.919386	348.388109	-26.560858
-295.761547	331.279670	-52.135513
-336.325019	363.558374	-32.812220
-207.161746	395.779878	-129.832443
-323.071968	297.575360	-72.938073
-326.543335	355.576956	-20.959761
-330.599913	356.246033	-18.317022
-310.317010	336.540662	-16.281346
-331.659854	353.503334	-20.971443
-329.976140	354.336112	-23.692786
