-303698.266038	-535267.225883	-535267.262511
-121791.814024	554751.451732	554751.401469
117715.191340	56929.770954	56929.651011
111164.642287	-462641.998605	-462642.082119
177961.730116	-532655.222819	-532655.309665
-203193.759381	287230.923187	287230.869570
431486.506901	-370574.858563	-370575.076121
542214.809498	166676.841166	166676.331235
500800.472298	314533.282276	314532.951889
-134220.303195	595088.444122	595088.396954
123585.419669	-570477.939521	-570478.013096
275444.073242	-17656.576952	-17656.766272
135015.975454	304111.761691	304111.651973
239323.531999	-35286.163660	-35286.332305
605643.957484	-126759.808012	-126760.480573
-534667.709367	-246341.226968	-246341.257544
-482053.861851	322439.834965	322439.802327
313935.150552	130082.983919	130082.774314
103015.981356	-544099.704495	-544099.777972
229341.361969	183415.685429	183415.529508
521440.154938	313911.986962	313911.627725
-257647.984654	554112.222727	554112.182653
616649.940253	27198.234622	27197.421889
-98314.240785	582266.960349	582266.909505
-244429.821485	-258791.481349	-258791.530857
-139617.840863	-329332.188587	-329332.246219
296837.424295	-336445.360077	-336445.515185
513572.617887	7106.926816	7106.453947
-122071.360113	-140572.755495	-140572.821842
-501169.485889	129937.310315	129937.276720
-130316.419647	434434.020066	434433.964610
-346698.450446	484756.478830	484756.442067
171781.171742	135908.734323	135908.598478
-248029.529016	532201.573797	532201.532297
-199151.633324	76796.576350	76796.518272
-113649.056296	360155.674218	360155.613456
31387.721660	515518.980222	515518.910608
-60625.723464	376232.859234	376232.792587
-289570.403816	-458171.719781	-458171.759771
-462788.967073	-108095.288858	-108095.324543
-145898.032432	450350.853449	450350.800294
31146.827757	443594.334046	443594.258623
-175194.904090	190509.507650	190509.448455
-171914.265153	-9966.308548	-9966.370088
-14563.352018	-472922.954597	-472923.018696
70365.727878	614529.126669	614529.060507
-267455.621556	-357752.200302	-357752.245036
502204.178826	35822.597505	35822.147158
568564.005404	-27555.138910	-27555.749534
26739.391235	-528538.669171	-528538.734018
407032.059664	123987.805230	123987.511791
-160770.211351	595571.641423	595571.596317
403182.323667	-462747.353734	-462747.520472
-11449.548690	204139.513034	204139.429824
-24329.408945	-208835.922196	-208836.001382
352639.188469	-384235.145542	-384235.313670
265735.019919	-137336.844380	-137337.018947
172618.563146	538132.016786	538131.926529
580832.340945	31160.713307	31160.047840
-456474.341024	415570.763649	415570.731266
-377774.238126	2905.602787	2905.561026
98739.682683	-591926.251449	-591926.319460
262833.421717	-557295.276102	-557295.375698
-422521.981216	-126016.715407	-126016.753426
28727.535936	35562.432536	35562.336561
-335089.169297	213357.771984	213357.728448
476975.430000	350266.942211	350266.660127
-472499.036474	-380163.704604	-380163.736182
400424.044343	-256806.622365	-256806.860213
270369.347410	-61814.901398	-61815.085498
601277.712878	27439.355614	27438.611455
-33154.041213	-571545.638114	-571545.693231
-286369.702955	-490810.222615	-490810.261742
-488630.692774	-370728.449002	-370728.479975
51589.042990	-230706.637666	-230706.730399
-406036.867530	409109.323495	409109.288317
513443.322192	-92876.950276	-92877.397027
437511.518499	242715.314077	242715.020696
381691.253199	-230280.773311	-230281.004674
-352168.748331	-459448.134135	-459448.170263
414502.888323	383819.084744	383818.869689
503031.246857	312780.753781	312780.418395
-12299.228596	-596891.167224	-596891.222579
8248.375307	107625.988626	107625.898261
-476428.225172	-79664.954659	-79664.989723
43234.508849	-616615.717959	-616615.777349
-440698.200834	26877.914836	26877.877354
445697.683695	326417.342597	326417.078296
466178.826757	314828.487528	314828.197146
-129365.195521	550223.414683	550223.364854
-582042.143331	-85097.340623	-85097.370242
-12142.094729	-608652.222151	-608652.276677
-240762.000205	-480892.996671	-480893.039189
530110.957906	-159286.358478	-159286.805639
476819.680348	-373631.476360	-373631.726255
77507.659360	-166562.521501	-166562.624291
617819.615979	-17346.753331	-17347.556270
22118.710070	417268.104887	417268.028824
-599082.395472	2469.928920	2469.899863
-499588.973306	-113715.991589	-113716.025158
-609648.343260	21601.984414	21601.955820
-475090.204443	20641.480683	20641.445288
-445617.529485	-2346.953222	-2346.990384
-598681.496646	-154436.228109	-154436.256612
267416.472149	-476731.334965	-476731.450635
-248524.378652	-11187.058112	-11187.111012
132967.024435	-442019.857454	-442019.947361
-297334.205694	241592.093847	241592.047777
78836.982586	513903.616285	513903.539594
-76341.295609	-90883.238007	-90883.312297
-543137.774155	-27513.199495	-27513.231159
186562.805786	520362.370948	520362.275508
-399768.910055	423931.191215	423931.156010
-155629.396575	95377.790566	95377.727336
558904.343462	265477.345310	265476.877728
19608.655626	929.153846	929.059943
-317323.401415	-482116.181573	-482116.219079
476442.351885	-81127.529702	-81127.913715
-457541.514092	-138749.054649	-138749.090402
-526612.872168	-214122.933203	-214122.964517
-108683.149321	-512585.198494	-512585.250152
305850.960768	-533726.872213	-533726.986454
-335131.546495	516967.592730	516967.556194
-493729.228181	-262386.901781	-262386.934165
-279443.493285	312769.967639	312769.921654
-189029.515057	-567731.912635	-567731.955220
83548.265615	-494476.177118	-494476.252792
155383.894488	-575777.229689	-575777.307302
487624.116057	320821.374746	320821.064003
4222.597028	469508.877524	469508.808060
68694.262650	-15079.652645	-15079.758438
76494.989685	498265.888067	498265.810256
568458.609628	-243516.161565	-243516.623398
-589051.519731	27741.667057	27741.637544
-278709.710756	377825.885249	377825.840940
-71986.038948	-592224.383986	-592224.434257
388478.911696	-51068.072503	-51068.348605
-121226.452875	591489.959689	591489.911283
393028.232501	-263757.331346	-263757.561093
497762.938759	-325352.722154	-325353.018814
510453.806155	-191340.723381	-191341.116627
484108.870648	33493.636429	33493.221530
-444841.964670	203894.447645	203894.411433
-59523.521259	-615558.144879	-615558.194764
-283133.530218	-288867.687873	-288867.733293
-351376.289286	-491992.651878	-491992.687148
-412023.575856	-33497.443766	-33497.483042
-376893.601733	-441780.026621	-441780.061823
356848.146757	184056.603688	184056.369991
-163547.139987	-529462.058222	-529462.104417
-19699.030378	4392.063458	4391.977841
359437.243614	446397.431734	446397.267953
-399089.859951	419983.338394	419983.303055
613971.839574	2109.858862	2109.065693
-305712.914012	30399.334837	30399.287300
540896.112270	-50771.782693	-50772.307129
-111744.164962	184787.411041	184787.343536
617934.821671	23396.438924	23395.620603
218720.495189	259658.657530	259658.515212
593376.037469	172560.246324	172559.584618
3029.443611	-175406.892257	-175406.978038
-320954.815700	-93395.181106	-93395.226814
274189.757481	-486161.451337	-486161.566994
207556.125900	-164076.513035	-164076.657738
-258040.976441	-508137.128310	-508137.168653
436752.217344	425341.488442	425341.275381
281254.665497	549409.697014	549409.584220
402510.165552	264439.001712	264438.751101
-379403.558607	45093.498033	45093.456413
-227383.639724	-288679.580374	-288679.630601
-331582.480110	506347.413103	506347.376055
569625.422590	240783.085443	240782.567392
-610261.856646	35330.916180	35330.887617
-411814.108719	385061.123078	385061.087731
38292.298328	-222770.021606	-222770.112009
181497.530891	426336.258341	426336.151066
-15172.275141	606760.498481	606760.441295
-310436.240686	46461.414021	46461.366927
374696.553375	-165692.495774	-165692.738372
352676.946564	-381900.693230	-381900.862218
248636.377494	-271088.368067	-271088.515456
-263390.562029	285863.161068	285863.113069
-347050.525849	247525.543144	247525.501048
481875.754351	184424.415807	184424.037570
415529.385041	-444332.522668	-444332.701805
-78809.564662	-578662.332354	-578662.382858
-522586.353067	-139081.982751	-139082.014935
356011.025265	-89028.021961	-89028.263075
-29512.460509	-347866.008364	-347866.078993
261761.574023	131216.056504	131215.879327
-356315.350887	491082.919865	491082.883831
-428171.188944	300693.683141	300693.647224
-409662.294385	-179056.113654	-179056.151941
584496.700316	99409.831830	99409.158289
-352202.106644	403409.134045	403409.095535
594056.339492	-153097.708638	-153098.318155
-554307.555655	-230700.601771	-230700.631604
143678.749143	332741.955127	332741.846099
608544.139977	-56502.175409	-56502.916101
-318599.046181	-90781.483644	-90781.529603
-455011.544918	137942.733378	137942.697200
-441167.352634	-7904.550087	-7904.587527
-179251.661548	288974.846785	288974.790719
50556.832199	423016.810355	423016.730062
803087.675936	339639.064870	102751.340617
1986455.140714	40958.357475	-195930.012166
1922329.400156	86379.225015	-150509.141335
989937.973991	605651.321586	368763.122044
1660854.611388	73016.651066	-163871.695753
1423656.095251	790484.467986	553596.124821
1278177.115334	752069.444753	515181.123163
1203982.656675	782681.442925	545793.129370
835822.156751	453815.581426	216927.656163
1996466.995294	442931.020978	206042.566173
1864037.666415	-12311.112720	-249199.476402
1923362.740621	521885.658807	284997.289951
820845.286759	91178.041217	-145711.138691
1792773.129305	641964.905502	405076.541046
1531580.678705	-370403.383502	-607291.732612
950372.360017	350933.592042	114045.534822
1740789.116127	-104836.590255	-341724.947071
1101412.128665	762005.367944	525117.079256
1797950.158813	317497.783977	80609.425192
1799089.722613	-183830.691965	-420719.054429
1747409.250548	-277738.002079	-514626.363641
920824.012721	25484.382218	-211403.631284
1791363.449598	-204573.466842	-441461.834109
1376080.420364	595317.342212	358429.020567
1026782.530043	516566.545377	279678.354977
1413550.029123	475981.693552	239093.374192
1202239.606883	509618.021111	272729.749887
1155478.182852	270511.361824	33623.139615
1613062.916420	806899.716127	570011.356870
1731181.508218	125399.890911	-111488.462195
1252707.788265	-329949.916225	-566838.225586
1593681.176544	151814.369055	-85073.969764
1059726.161394	-190444.751831	-427332.975115
938374.259857	607528.239382	370640.072096
1241875.873253	438922.752918	202034.477633
1929769.284694	-100369.801511	-337258.169831
1035648.341276	380439.597005	143551.439872
998913.207110	52697.701664	-184190.405756
1742801.640305	-255031.767632	-491920.132393
1535550.389630	-316286.671234	-553175.018257
1407133.220607	839276.919364	602388.573776
1529142.401562	842041.800916	605153.445355
930526.740842	-139364.297472	-376252.480098
858439.797953	199289.381456	-37598.438687
991555.789466	-94831.943305	-331720.091374
1945331.834613	427894.017174	191005.647666
886462.093109	300895.868152	64007.941767
1763429.437464	16942.062541	-219946.294225
1902878.052368	218085.170409	-18803.194610
1920115.228490	428957.780162	192069.404260
1938779.490411	562167.492760	325279.121893
1707516.974410	-143965.673596	-380854.029519
1018497.095274	-11943.700005	-248831.843865
1468575.888947	851466.642927	614578.290413
1160273.157771	530338.530900	293450.269973
807562.350336	114734.638685	-122160.643351
1470302.044891	-52128.011435	-289016.337136
1667765.322933	-287569.567367	-524457.924419
903160.079092	569701.369769	332813.254366
1948540.249012	-44337.012954	-281225.381985
1875948.272397	-149985.690021	-386874.056784
1785944.823174	-227017.111403	-463905.479608
1641614.665649	-4387.756896	-241276.103254
809535.311349	232071.456981	-4816.194888
1139841.699865	288693.106086	51804.886324
1866003.611905	653577.494473	416689.125499
1220121.188904	-339101.334951	-575989.642109
1806394.798590	182734.458916	-54153.900111
1046259.253840	-43638.879505	-280527.055313
981924.412615	666567.718206	429679.498725
1836215.617260	497540.884793	260652.520495
1819688.235535	320597.751312	83709.378875
933635.100364	-47395.910082	-284283.977325
1496921.571709	-108792.089091	-345680.421449
1639923.903640	782912.436900	546024.075228
1899401.761772	323668.985204	86780.619391
943355.360846	273830.801835	36942.779254
1659435.805823	-247810.753506	-484699.109328
1629687.454273	550566.580181	313678.229947
1408739.719242	-48578.805060	-285467.120591
1438809.007038	-365839.352098	-602727.692157
1531896.045749	-142637.584967	-379525.923853
1111451.339977	-12434.168570	-249322.379765
1795070.065424	537028.667442	300140.304681
1080711.538257	260994.453277	24106.279460
1082065.350363	-59873.552503	-296761.757454
1539713.455947	-47781.821761	-284670.158019
1775572.132846	-116922.042824	-353810.405424
941448.567403	-111164.950766	-348053.062549
1993459.913344	27410.181130	-209478.204623
1749933.485450	463182.656584	226294.298689
1492423.111658	-302172.941612	-539061.284791
1459372.477817	831468.843112	594580.487141
845607.797898	254713.247154	17825.449003
1875202.168466	231608.707753	-5279.659426
913983.185481	349355.653643	112467.648418
893106.227176	-606.928968	-237494.910183
889636.625437	242431.852361	5543.939693
2028597.314513	240468.406792	3580.035318
1972143.279536	396709.620970	159821.249396
1625239.981954	723847.944216	486959.587267
1981323.076812	328507.755475	91619.385271
975086.406299	-53120.165306	-290008.285198
1095734.326253	45625.884881	-191262.307389
1800474.143023	-91459.358696	-328347.722093
1359081.370532	-249925.442159	-486813.762471
1967726.391236	510368.023254	273479.650593
1344758.886758	11903.774273	-224984.523770
1913380.270353	112051.745716	-124836.622774
1797587.167534	702269.589778	465381.223041
1540373.643218	833142.356665	596253.973046
1740650.160043	297469.807223	60581.452087
1655243.638872	516009.995623	279121.643320
1780933.017385	-41103.758089	-277992.117927
1831644.465377	156256.023839	-80632.338708
1188540.070657	406350.560836	169462.308450
1015495.109083	696698.603440	459810.357762
1749016.746324	384127.630244	147239.273677
2013676.132506	137463.466129	-99424.904915
1689090.956299	-259640.769353	-496529.132956
1621792.896578	-213988.598922	-450876.950400
1564493.490161	832899.483140	596011.112998
1995346.611795	444610.062400	207719.866875
1770980.960924	-264922.230717	-501810.604165
1930643.548490	315949.818942	79061.446962
1439494.440611	156208.324883	-80679.990034
1356593.970005	-161794.245742	-398682.558364
1580655.618256	63134.628358	-173753.710253
1747802.592559	144515.457153	-92372.902071
1726693.720364	-35631.280681	-272519.636896
1045120.555534	-121892.470586	-358780.667555
1806190.725740	-229315.824566	-466204.207965
1061660.765463	639213.931508	402325.684756
1493741.334966	-323462.587553	-560350.937692
1626290.016510	53743.443407	-183144.903427
941832.986031	627156.830108	390268.644053
1781963.810057	-215208.473209	-452096.891356
1222113.406891	-157867.981580	-394756.261493
1497046.049565	-365085.469249	-601973.819805
937469.341711	-104797.623330	-341685.854735
783341.510469	114050.807916	-144897.405619
985831.179147	-202291.393858	-440952.070044
1304807.338398	497032.683489	260144.384345
833804.962602	331295.288025	94407.469281
1733839.720223	-290180.520615	-527068.897273
1264656.550715	-58.203997	-236946.480421
1638370.241215	631235.399125	394347.044917
906193.318876	230050.200345	-6837.754496
1230701.854707	632683.360856	395795.063449
1551248.456316	-365939.029770	-602827.396966
799883.869424	126686.839927	-129158.135828
2000371.323960	334454.305941	97565.920069
893912.917708	259886.311805	22998.373427
1910217.324820	596642.065454	359753.694699
1187391.527901	799944.038906	563055.720470
1390535.966721	281687.004703	44798.698856
1877711.445524	142456.549400	-94431.816751
1986742.652666	168939.974814	-67948.396137
1331761.951766	-375515.202811	-612403.530530
933316.418724	-139392.998369	-376282.800511
1558496.336883	98908.102708	-137980.233467
1624643.246269	259147.980655	22259.637621
1378970.244783	252319.191533	15430.887343
1603444.649905	-32676.904943	-269565.249450
1485460.815039	792887.163636	555998.812250
874057.878790	-46868.817586	-283756.795650
1759336.259203	662777.714943	425889.349536
1138912.950621	-17035.086493	-253923.319623
815790.454932	262053.701265	25165.996232
1715083.474520	644778.292816	407889.931060
1392161.412693	465474.171222	228585.848673
805745.293759	352374.582664	115486.811926
1464645.055568	-98457.875633	-335346.206731
808233.764251	307793.575959	70905.860429
1911702.631728	254322.971465	17434.602863
1300558.488165	841868.268824	604979.934053
986209.650420	-201264.375640	-449003.827057
1049077.855512	-200865.255224	-437753.499424
1964196.168742	460180.151308	223291.774300
2018494.333587	190044.870358	-46843.503119
1231154.102875	-286522.849406	-523411.149804
1649214.506557	58751.700896	-178136.666044
874482.841891	3345.972233	-233541.988513
1353674.461371	550544.027914	313655.713042
1858325.842256	660077.483276	423189.040359
1773150.988813	-230700.456575	-467588.886514
1231902.816425	416263.115421	179374.840864
1756508.887329	355142.282487	118253.923220
1801077.604790	123006.460811	-113881.900399
1419141.995356	-311603.868007	-548492.203185
961527.501124	-96426.785610	-333314.926479
1262737.700669	518723.330729	281835.038258
1867320.205362	630456.472173	393568.097396
845120.240268	74407.926381	-162479.999143
825570.334317	419743.300036	182855.428383
2023821.010342	221771.853484	-15116.526554
1236612.517287	275671.101134	38782.840564
907391.697039	-34765.373977	-271653.406658
1544759.406020	480690.620502	243802.281374
1960960.009565	522801.355187	285912.961207
1840960.409173	505266.205035	268377.764748
1313680.723070	-66774.584407	-303662.880348
795677.653758	257556.086580	20668.458146
1619887.464721	-110025.198344	-346913.546014
