0.006212	0.009347	0.009306
-0.081104	-0.043449	-0.043508
-0.000737	-0.000734	-0.000876
0.002985	0.001400	0.001306
-0.004600	0.000144	0.000047
0.015080	0.001024	0.000962
0.000939	0.001444	0.001196
0.000769	0.000425	-0.000230
0.376892	-0.305008	-0.305427
0.045061	-0.024256	-0.024311
0.000930	0.002477	0.002395
-0.002627	-0.004490	-0.004716
0.002319	0.003457	0.003326
0.009355	-0.000322	-0.000522
-0.006450	-0.001350	-0.002172
0.001219	0.011071	0.011037
0.008811	-0.000787	-0.000824
-0.001492	0.000745	0.000490
0.002454	-0.002217	-0.002299
0.002120	-0.002156	-0.002343
-0.074589	-0.002179	-0.002636
0.005887	-0.011131	-0.011177
0.009477	-0.216034	-0.217064
-0.025009	-0.000416	-0.000475
0.001229	-0.004492	-0.004548
0.000146	0.001125	0.001060
0.002882	0.000576	0.000398
0.003529	0.005377	0.004790
0.002454	0.001379	0.001304
0.009431	-0.001186	-0.001224
-0.006276	0.006959	0.006895
-0.038050	0.035691	0.035649
0.003139	-0.000285	-0.000447
-0.001743	0.003779	0.003731
0.003289	0.000325	0.000258
0.002739	0.000751	0.000680
0.006879	-0.005800	-0.005881
-0.001840	0.000022	-0.000056
-0.002217	-0.008641	-0.008686
-0.003214	-0.001739	-0.001780
0.010027	-0.009632	-0.009693
0.000476	-0.007005	-0.007094
0.002734	-0.000166	-0.000235
-0.001514	0.000694	0.000624
0.002402	-0.001509	-0.001581
-0.002312	-0.004613	-0.004690
0.001984	0.001427	0.001377
-0.024439	-0.009791	-0.010352
0.002766	0.002022	0.001261
0.002211	0.000105	0.000033
0.000564	0.000409	0.000046
0.027961	-0.008133	-0.008185
0.002495	0.011990	0.011803
-0.000436	-0.000994	-0.001092
0.006720	0.002633	0.002542
0.008248	0.435676	0.435485
0.000859	0.000983	0.000778
0.003558	-0.011660	-0.011767
0.037236	-0.011531	-0.012371
0.018742	-0.002837	-0.002874
-0.005209	0.000618	0.000571
0.002509	0.009735	0.009660
-0.001468	0.005976	0.005865
-0.010885	0.001565	0.001522
-0.000273	-0.004389	-0.004501
0.003741	0.004884	0.004834
-0.001005	-0.016995	-0.017349
-0.014799	0.012730	0.012695
-0.045872	-0.035176	-0.035453
0.000352	0.003809	0.003591
0.053899	-0.012043	-0.012985
-0.001724	-0.006518	-0.006579
-0.000484	0.004388	0.004344
0.023822	-0.009674	-0.009709
-0.028621	0.019522	0.019416
0.026142	0.033359	0.033318
-0.002948	0.005181	0.004637
-0.000771	0.002460	0.002093
0.004305	-0.004751	-0.005022
0.006290	-0.000990	-0.001031
0.003713	-0.003639	-0.003905
-0.408287	0.335824	0.335399
-0.005903	-0.021133	-0.021195
0.001007	-0.001384	-0.001490
0.004526	-0.005576	-0.005615
-0.004697	0.008146	0.008081
-0.002528	-0.011249	-0.011291
0.028769	-0.009212	-0.009542
0.027456	0.011762	0.011397
0.085192	0.053678	0.053620
0.009758	0.000559	0.000526
-0.004387	0.035084	0.035024
-0.010130	-0.003331	-0.003378
0.000340	0.001065	0.000527
-0.008255	0.003693	0.003408
-0.001764	-0.000967	-0.001086
-0.012131	0.014206	0.013195
0.012861	0.008271	0.008181
0.005442	0.015358	0.015326
0.013108	-0.000177	-0.000214
0.031986	0.016491	0.016458
0.018418	-0.005710	-0.005750
0.067471	-0.075075	-0.075117
0.009670	0.001844	0.001812
0.021207	-0.030206	-0.030335
-0.000837	0.001411	0.001351
-0.005143	-0.005812	-0.005913
-0.002685	0.000580	0.000527
-0.007961	-0.018814	-0.018904
0.000658	0.000018	-0.000067
0.005655	0.001346	0.001310
-0.009133	0.005378	0.005265
0.034648	-0.227456	-0.227496
-0.002841	-0.001836	-0.001910
-0.004171	-0.004507	-0.005112
-0.001774	0.002976	0.002867
0.008123	0.001220	0.001178
0.008600	0.000628	0.000161
0.003398	0.009498	0.009458
-0.001898	-0.004708	-0.004743
-0.000040	-0.001239	-0.001296
-0.006722	0.003540	0.003413
0.011663	-0.041782	-0.041823
-0.002841	0.005750	0.005713
0.005104	-0.005287	-0.005340
0.004792	0.006019	0.005972
0.001953	0.000448	0.000363
-0.015236	0.007325	0.007239
0.041960	-0.035676	-0.036068
0.006399	-0.004327	-0.004409
-0.003818	0.002836	0.002713
-0.003218	0.013386	0.013294
-0.003048	0.003577	0.003030
-0.031904	-0.007275	-0.007308
-0.000555	-0.001265	-0.001316
0.005138	0.017173	0.017118
0.001110	-0.001274	-0.001606
-0.044327	0.000973	0.000917
0.042305	0.045081	0.044814
-0.004083	0.000858	0.000515
0.001571	0.005207	0.004738
0.039684	0.000356	-0.000159
0.005233	-0.001270	-0.001312
0.006871	0.015902	0.015847
0.007464	0.001924	0.001873
0.017194	0.008862	0.008822
-0.003476	0.006437	0.006393
0.013606	-0.005330	-0.005369
0.001508	-0.001448	-0.001735
0.002670	0.001049	0.000998
0.010419	0.000559	0.000459
0.001125	-0.003704	-0.003904
-0.048223	0.177111	0.177071
-0.006893	0.009697	0.008696
-0.006091	0.012426	0.012371
0.005126	0.004735	0.004087
-0.001652	-0.000231	-0.000310
-0.115622	0.206196	0.205159
0.000596	-0.001202	-0.001373
-0.006842	-0.001137	-0.002000
0.001947	-0.002655	-0.002753
0.227839	0.256555	0.256503
-0.023300	0.031345	0.031216
0.002896	0.001837	0.001668
-0.005457	0.010115	0.010070
-0.002506	-0.005818	-0.006081
-0.003014	-0.003366	-0.003502
0.007953	-0.002006	-0.002317
0.001064	-0.005798	-0.005846
-0.003667	0.003437	0.003381
-0.017943	0.018154	0.018111
-0.006684	0.004406	0.003732
0.026744	-0.031782	-0.031814
0.008319	0.011996	0.011956
0.026119	-0.013126	-0.013229
-0.002232	-0.001018	-0.001146
-0.001836	-0.004903	-0.004970
0.002118	-0.016343	-0.016397
0.001064	0.001038	0.000752
-0.005840	-0.431625	-0.431817
0.002331	0.001055	0.000886
0.001239	0.002314	0.002259
0.008539	-0.002869	-0.002918
0.001964	-0.000266	-0.000744
-0.008675	-0.004267	-0.004469
0.019652	-0.016233	-0.016288
0.011193	0.005954	0.005918
0.001965	0.002300	0.002013
0.000245	0.000905	0.000825
0.004174	0.000721	0.000507
0.060578	-0.026197	-0.026238
0.003632	0.000598	0.000557
-0.001610	0.004766	0.004723
-0.001678	-0.002944	-0.003807
-0.008368	0.001189	0.001144
-0.003441	0.007474	0.006734
0.020996	-0.000682	-0.000715
-0.001166	-0.004976	-0.005105
-0.007122	0.007396	0.006473
-0.231422	-0.253088	-0.253140
-0.000420	-0.002006	-0.002047
-0.058557	0.081612	0.081569
-0.020635	-0.001720	-0.001785
-0.018120	0.003607	0.003513
-83.981206	84.012950	0.013767
-83.997848	83.984359	-0.015606
-84.005784	84.006929	0.006967
-84.005642	84.000436	0.000664
-84.016014	83.984688	-0.015251
-83.995383	84.002159	0.002222
-84.001092	83.999281	-0.000632
-84.005702	84.004609	0.004704
-83.999944	83.993475	-0.005963
-84.352270	84.503301	0.503159
-84.004939	84.000144	0.000185
-83.992375	83.997813	-0.002152
-84.038973	84.042930	0.040983
-84.001785	84.001221	0.001260
-83.987026	84.013732	0.013791
-84.011341	83.996110	-0.003483
-83.994297	83.997946	-0.002005
-83.998004	83.997424	-0.002453
-83.980238	84.003095	0.003141
-84.011143	83.986036	-0.013921
-84.010380	84.008837	0.008882
-84.004795	83.993964	-0.005557
-84.023744	83.971339	-0.028621
-84.002108	83.996278	-0.003634
-83.999827	83.999011	-0.000748
-84.015573	83.993247	-0.006662
-83.999595	83.999730	-0.000123
-84.008405	84.007191	0.007400
-84.003743	83.996025	-0.003930
-83.992923	84.005686	0.005740
-84.006995	84.001833	0.001940
-83.999247	83.997104	-0.002826
-84.024550	83.984908	-0.014883
-83.993249	84.006857	0.007121
-84.004734	83.993308	-0.006549
-84.007311	84.001814	0.001850
-84.002430	83.997599	-0.002116
-84.002452	83.996670	-0.002973
-83.988934	83.996222	-0.003735
-84.011109	83.999907	-0.000032
-83.992082	83.995454	-0.004486
-83.973308	83.973418	-0.026533
-83.252723	84.004712	0.004926
-84.000010	84.006368	0.007076
-84.019126	84.001485	0.001795
-84.011311	84.002742	0.002776
-84.004193	83.995230	-0.004198
-84.003478	83.998785	-0.001165
-84.009682	84.005400	0.005439
-83.979502	83.999966	-0.000003
-84.006269	83.994471	-0.005496
-83.997616	84.001830	0.001881
-84.001471	83.995644	-0.004042
-84.001556	83.985594	-0.014354
-83.995751	83.996439	-0.003402
-83.994619	83.970129	-0.051231
-83.999528	83.998008	-0.001906
-83.993755	84.010445	0.010495
-83.995619	84.000471	0.000797
-84.006801	84.001154	0.001190
-84.008763	84.001368	0.001406
-84.043480	84.014240	0.014279
-84.002328	84.000266	0.000327
-83.991573	84.011173	0.012095
-83.996408	83.991595	-0.008191
-84.054027	84.030222	0.030257
-83.989711	84.006395	0.006506
-83.997044	83.994861	-0.005093
-84.001803	83.999855	0.000129
-83.997298	83.996134	-0.003663
-83.969605	84.049484	0.049524
-84.022240	83.996479	-0.003485
-84.002812	84.002918	0.003333
-84.005540	84.003770	0.003849
-84.007493	84.000698	0.000741
-83.993056	83.996692	-0.003269
-84.012441	83.997792	-0.001753
-83.988445	83.997997	-0.001952
-83.997843	83.996943	-0.003001
-83.996698	83.999421	-0.000480
-83.994249	84.005943	0.006013
-84.001066	84.004198	0.004269
-83.993095	83.996490	-0.003282
-83.996836	83.996339	-0.003619
-83.999485	84.000999	0.001268
-84.009544	84.004697	0.004934
-83.999876	83.999737	-0.000189
-84.007224	84.004833	0.004877
-84.032427	84.074921	0.075280
-84.015866	84.019049	0.019072
-83.998161	83.999754	-0.000198
-83.996275	83.990065	-0.009869
-83.995602	84.003545	0.003596
-84.005964	84.000501	0.001237
-83.990912	83.997355	-0.002606
-83.996744	83.995220	-0.004307
-84.020654	84.003740	0.004266
-83.993253	84.005182	0.005776
-84.010938	83.987862	-0.012105
-84.007273	84.004500	0.004533
-84.000605	83.999337	-0.000615
-83.987182	84.006281	0.006315
-84.006379	83.998421	-0.001231
-84.003387	83.996621	-0.003128
-84.009985	83.997630	-0.002327
-83.999007	84.001127	0.001221
-84.021888	84.017713	0.017745
-84.001026	83.998396	-0.001484
-84.004272	83.998314	-0.001649
-84.002358	83.993027	-0.006936
-84.011249	84.016362	0.016391
-83.995360	84.001422	0.001474
-84.000799	84.001077	0.001131
-84.006105	83.999671	-0.000282
-84.002662	83.999904	-0.000052
-83.994301	84.001527	0.001698
-84.001058	83.994106	-0.005721
-83.997187	83.994248	-0.005702
-84.009597	84.004418	0.004451
-84.000805	84.002809	0.002854
-83.995547	83.999365	-0.000579
-84.027888	83.997401	-0.002561
-83.681716	83.495310	-0.506324
-84.025909	84.009527	0.009562
-84.008947	84.002345	0.002378
-83.999290	83.999392	-0.000509
-83.999438	84.001744	0.001846
-83.992082	84.000387	0.000458
-84.001553	83.992517	-0.007434
-83.998707	84.000087	0.000138
-84.007110	84.004057	0.004304
-84.057804	84.013891	0.013918
-84.003313	83.998069	-0.001758
-83.995461	84.008052	0.008113
-83.981920	84.006392	0.006454
-83.996021	83.987283	-0.012472
-83.976925	83.979434	-0.020562
-84.000674	84.001917	0.002060
-83.991286	84.006485	0.006544
-83.936339	83.933320	-0.066402
-113.085079	98.576340	-7.969013
-102.664421	102.533355	0.964135
-84.003811	84.000339	0.000454
-84.013045	83.997224	-0.002072
-83.989074	84.025457	0.025490
-83.999881	83.999339	-0.000515
-83.997642	83.998595	-0.001354
-84.021527	84.015637	0.016184
-84.000297	83.997654	-0.002231
-84.031702	84.001002	0.001047
-96.213438	111.448037	8.084493
-84.032048	83.992467	-0.007511
-84.008688	83.986347	-0.013086
-84.005034	83.996602	-0.003365
-83.991888	83.989557	-0.010351
-84.002766	83.995448	-0.004443
-84.005675	84.000198	0.000237
-84.000700	84.002005	0.002038
-83.998769	84.004360	0.004445
-84.728684	84.022788	0.021638
-83.995115	83.996798	-0.003128
-83.998734	83.999045	-0.000890
-83.999437	84.003460	0.003572
-83.999441	84.001681	0.001746
-84.002001	84.003372	0.003426
-83.983285	84.005799	0.006334
-83.997814	83.994439	-0.005522
-84.018599	84.001773	0.001976
-84.007468	83.989482	-0.009664
-83.995875	83.999356	-0.000601
-83.989392	84.006660	0.006752
-83.996888	83.968059	-0.031169
-83.990712	84.000618	0.000700
-83.991414	84.001982	0.002816
-84.006167	83.996050	-0.003913
-83.998560	83.996469	-0.003459
-98.890623	112.647023	-78.591581
-83.986979	84.023487	0.023678
-83.997427	83.990933	-0.009038
-84.010699	84.001497	0.001528
-83.998180	83.999673	-0.000208
-84.010581	84.007779	0.007826
-83.964609	83.992872	-0.006565
-84.001666	83.998226	-0.001677
-83.956633	83.951220	-0.048798
-83.936320	84.028618	0.028613
-84.002763	84.005537	0.005683
-83.997769	84.000777	0.000824
-84.002089	84.004151	0.004196
-83.994945	84.000915	0.000992
-84.010816	83.992559	-0.007110
-83.999843	83.996209	-0.003668
-84.005330	84.007339	0.007369
-84.011028	84.008768	0.009247
-83.998021	83.998007	-0.001362
-84.006091	84.006115	0.006141
-84.003604	83.999933	0.000096
-83.994243	83.997191	-0.002343
-84.000226	83.999654	-0.000277
-84.003268	83.977436	-0.022548
-84.030742	83.950287	-0.049728
-83.999176	84.001390	0.001513
-83.963419	84.001315	0.002270
-84.000232	84.001197	0.001258
