1709.159735	-90.540203	-83.907804
1667.471271	-17.004900	-14.623347
1621.510544	103.837999	31.136352
1597.263043	-78.110132	-55.090275
6156.808988	-1458.442174	-1483.311905
1495.324574	72.036336	20.861621
1487.624777	204.854348	106.445152
1600.056682	155.982079	213.129424
1859.380831	-9.988251	-85.171178
1597.006240	-85.890550	-57.019536
1654.116324	-151.437857	-200.632692
604.443032	711.949673	-257.581151
1806.237665	14.704759	-47.446955
1900.129881	910.337509	930.122710
1708.003129	4.620962	3.350514
1587.146965	75.352116	91.122809
1526.443228	55.160070	36.484951
1754.593222	292.869666	223.682700
1358.193240	275.519046	185.790276
-28454.223364	196487.479794	196487.342481
1569.159315	-56.776264	-36.948385
1657.295431	115.393744	67.670490
1658.384880	117.570421	67.840288
1597.901617	263.100098	111.164572
1386.745431	244.071397	191.510625
1297.971539	-663.491199	-705.842394
2811.617642	1440.780522	1394.003144
1835.089273	337.730963	329.964059
1767.214428	500.967240	383.849513
3013.734976	-425.442278	-573.352540
1618.528470	-26.917055	-127.603505
1663.366983	-91.690438	-62.315567
346.225782	5539.259157	5521.016191
1826.658421	-249.329228	-250.430474
1143.994269	-108.965221	93.719519
1671.515855	-41.533490	-68.656226
1176.214115	18.879263	51.951363
1884.940487	-359.202635	-198.889258
1375.446995	77.689434	-390.804103
-472.857338	-527.736189	-551.993497
1631.584860	-213.822510	-182.502797
1829.527624	182.365108	160.885107
1752.678298	-189.435967	-176.422494
1430.744775	59.553336	47.964449
1781.100332	-381.009747	-425.849522
2637.213308	98.571778	72.156779
1361.159406	-67.409331	-30.759363
1714.939557	-114.684350	-121.588085
1591.193265	-130.972338	-111.375567
1916.705342	36.125670	-109.090501
1936.889443	348.232375	131.579527
1459.761478	20.522405	43.265176
1338.028025	149.487572	137.877797
1751.774656	271.597854	234.759387
1432.656626	-369.148003	-390.237143
1578.700145	-50.252491	-18.484019
1331.171421	92.234584	71.819574
846.110341	-389.640909	804.818610
1636.713327	-161.738584	-90.076979
1963.423746	6.789956	-103.983351
2314.499422	797.541357	1323.540910
1573.188271	-20.234999	-7.576332
1432.748925	-182.003291	-144.813022
1791.005472	-120.718196	-148.812120
1589.523024	-256.018717	-195.788657
1750.015860	371.085825	263.499072
1811.202461	149.515572	136.322365
778.029560	1187.160045	1141.152613
2057.197437	-613.767673	1784.651850
1724.424630	-137.346780	-182.839419
1396.861931	-298.798969	-136.412710
1579.843142	-813.184809	70.203397
2737.369644	-5622.214885	-4926.535016
1614.395638	-205.142603	-165.701903
1690.112636	364.027298	277.270754
1783.961665	234.595150	3.347123
1623.279793	-197.480156	-168.826963
1643.529591	135.046621	25.699823
1642.576135	727.072956	505.360344
1476.613683	422.542168	332.215054
1102.004528	-288.127955	-315.415997
1848.709415	278.893113	55.374702
2985.867229	1643.096934	1589.346840
1637.883022	-213.254893	-183.422724
2271.699464	-550.058096	-716.338747
1427.737505	59.541125	44.973056
1802.165309	-106.166595	-114.167660
1733.164406	-168.921565	-149.513782
1608.812633	-247.725379	-206.734759
1496.962301	69.747654	26.228673
2387.037892	-422.372991	-484.033068
1903.109728	123.921122	-29.692139
1642.637556	-200.008319	-171.367895
1816.938096	229.255806	162.362684
3793.491736	-994.414395	-1015.806659
1262.902911	-52.743813	107.389680
1292.651051	96.628264	99.979172
1818.043647	28.925824	-46.431117
1584.102802	-49.739243	-24.734607
1566.585527	86.210180	8.492045
4465.989288	-844.662494	-884.883750
1431.095410	53.447511	44.743917
2578.121953	230.317599	177.153156
1179.092535	358.403726	209.240872
1550.773987	137.264469	88.683775
1558.670762	-152.769723	-269.073500
1553.712952	-6.064737	10.231650
1732.333141	-158.692983	-183.835678
522.526722	4520.491338	3769.611768
1749.782142	394.088765	421.775100
-10677.042701	-4668.957664	9401.213799
3880.015804	150.557169	99.140297
1551.967569	10.923292	23.648796
2245.264392	1144.575516	1070.700536
1487.651724	32.642713	20.876204
1274.908198	-243.001785	-329.460482
1808.883738	-4.376354	-39.525543
1486.449388	305.655373	175.307801
1714.214952	-40.138657	-27.072731
1487.047687	207.511132	105.268956
1447.004948	651.513339	562.777051
2100.448261	-134.967668	-157.941176
1486.643258	-208.692666	-163.167883
1413.514209	-261.132596	-152.916577
1734.461695	-166.981462	-148.054108
1682.888431	-32.902612	-16.526391
1623.792602	-203.157154	-175.794083
1458.111283	240.690032	117.703593
4649.307153	-14169.632235	-14171.678320
1801.330252	-220.811591	-240.960762
1482.278542	300.952875	124.715566
1807.715872	-222.598863	-234.767800
-5663.599425	-4438.448753	-4454.563616
1381.727505	110.684427	85.353672
519.533757	1513.074007	356.823405
1672.023310	-48.748836	-14.485305
1501.918947	636.999350	588.514179
2224.545817	205.662257	210.702299
1646.589509	-178.837299	-202.632701
1358.484041	262.179808	235.382425
-64483.086068	90661.708480	90661.556395
1704.203250	-27.390190	-39.075897
397.261310	-138.775653	-169.884651
1706.182344	-96.722113	-121.489613
1673.094211	197.426676	151.446911
968.711946	604.446096	574.723462
-7494.238374	677.217549	-3464.680915
-8510.927000	-1043.293469	-1210.767385
1653.839637	32.964778	20.489714
1805.537982	-109.186880	-115.367697
1660.036997	630.489035	512.075001
2240.446576	807.024781	1060.151271
751.152976	-323.827951	-348.432136
1660.469495	-109.848291	-93.906036
1581.322797	-45.187173	-24.747511
1431.680697	53.038878	49.634394
1710.396719	9.889385	15.815680
1390.757400	-303.711335	-140.642392
2455.163757	469.554193	-605.787245
1310.243909	-249.565989	-177.886204
2040.646641	342.360927	-103.368890
2049.894246	202.197553	151.039728
2075.620288	-77.778652	-142.945765
1628.249998	549.079899	505.015459
1629.171446	-107.304807	-78.514256
1748.722083	23.575560	-51.173393
1683.239497	-23.930001	-22.231974
1782.509762	-936.701602	-894.273524
1671.010748	25.530787	22.242385
3415.080244	94.719618	72.803409
1890.544649	-198.669130	-188.279699
1507.829899	-92.381099	-31.590214
1535.652385	87.210951	48.618250
1129.880953	-737.353755	-709.393581
6921.870203	-7874.479412	-8460.597041
1378.354807	53.772351	88.546263
1739.765360	173.639535	167.278033
1863.584920	191.342231	121.906617
1430.146934	450.140149	374.524578
1483.659193	-598.595313	-254.601936
1672.417326	-6.563701	-17.456955
1747.210281	370.620185	253.458916
1755.660170	370.195186	220.832056
1010.878310	581.732884	544.056522
1103.908580	385.238518	330.190242
1049.032915	-9.638518	-150.935801
1928.592156	-89.148958	-119.936388
253.998100	401.366787	371.910259
1579.414391	106.154905	81.015579
1935.437876	-111.157565	-111.174934
1125.534140	79.035327	69.099337
801.050241	16.061666	57.192286
1575.740564	9.460419	15.126437
1647.126979	-169.356985	-168.621377
8468.714275	-3651.981158	-3737.051658
1835.947358	511.480895	558.872852
1755.974848	-198.153140	-189.226544
1891.579457	223.286255	99.494656
1615.846407	358.752010	156.873335
1193.269837	142.713936	132.291847
1789.918948	-4.076509	-23.934504
5895.362166	-567.256989	-605.618514
1447.590437	-26.292005	-148.060041
1264.514361	-108.182176	76.925842
-1935.836492	2613.599950	365.163513
-2254.377507	2299.778234	-58.337201
-2392.191654	2542.218914	-480.993833
-2304.277355	2454.096653	-157.364475
-2333.503350	2490.403411	-146.332907
-2099.956327	2368.067688	-103.143202
-2312.839800	2421.386299	-247.752883
-2293.094006	2449.050265	-149.675151
-2350.387396	2506.778760	-131.414188
-2368.899711	2551.553421	-137.610373
-2348.111351	2520.144115	-148.650589
-2324.558526	2461.131872	-180.469482
-3338.101860	2019.196144	-1078.585323
-2280.948808	2442.890457	-126.047191
-2344.702851	2698.878932	-95.459253
-2234.334652	2182.257607	-377.995827
-2126.182396	2299.941076	-497.362284
-2263.342096	2428.548114	-382.301044
-2012.665191	2350.785891	-96.389569
-2410.476788	2636.681056	-158.768761
-2405.086093	2513.084229	-183.142632
-2268.304809	2277.904924	-353.150807
-2314.701218	2461.104190	-138.292192
-2029.395385	2440.511908	-35.573067
-2148.896549	2295.241939	-116.067066
-2349.292724	2488.285198	-137.462694
-3364.199623	2057.779815	-1463.561692
-2413.454570	2708.764807	-124.917739
-2355.487157	2271.008406	-2032.655487
-2318.924521	2443.696949	-171.820625
-2390.064027	2560.527293	-123.714868
-1290.696588	4799.999084	-5169.458061
-2364.502939	2491.907332	-146.785408
-2126.892659	2485.474500	-133.357670
-2381.472505	2728.653671	-129.556896
-2414.651126	2546.419025	-125.758398
-2232.826913	2284.112596	-495.924646
-2362.980173	2581.268776	-96.774126
-1849.411400	2493.509664	92.565880
-2238.212170	2228.951745	-433.779467
4026.447986	13940.592784	6717.088704
-1954.982384	2074.112046	-728.150918
-2172.736224	2328.987605	-87.648138
-2368.942474	2547.294742	-142.954916
-2339.682611	2516.850112	-132.413739
-2371.382300	2544.221408	-140.408380
-1956.687929	3613.498202	1199.273847
-2350.960759	2287.297416	-337.526044
-2333.486190	2466.809060	-159.984896
2143.520693	-4086.243250	-6230.126283
-2313.086389	2266.986638	-292.662120
-3208.340267	3378.369292	-93.535896
-2316.035863	2583.990053	-152.770616
-1804.821928	2366.061928	-304.132495
-2306.666040	2231.678301	-554.495025
-2375.435857	2431.659037	-406.440649
-2366.318007	2456.431369	-158.057694
-2177.947882	2183.379324	-184.039733
-2384.275451	2438.372581	-418.281620
-2461.072177	2445.759793	271.344353
-2114.174538	2418.682193	-84.518440
-2381.397936	2544.880901	-140.203157
-2294.517429	2504.322532	-148.686210
-2348.532464	2511.689688	-136.180381
-2553.523628	2431.806088	-1592.067046
-2414.999053	2441.822593	-229.483998
-2312.558704	2602.106098	-151.689467
-2186.842152	2419.902289	-48.843781
-2338.112014	2533.935713	-128.609402
-2292.845881	2297.899227	-352.031818
-2296.377686	2103.768966	-1023.927107
-2328.960594	2472.020069	-158.153936
-2285.147168	2212.038125	-332.605278
-2393.884638	2548.976279	-135.836069
-2345.438844	2285.230055	-336.642244
-2337.201225	2506.071648	-147.271295
-2377.220172	2505.953136	-159.310706
-2349.213800	2294.076857	-349.493966
-414.495351	1590.489068	-555.763467
-2375.823873	2541.954458	-152.494678
-2221.212356	2450.045542	-165.070554
-2355.601128	2316.713057	-312.358845
-2368.101906	2488.894799	-135.347134
-2348.635654	2387.161523	-90.338642
-2337.936019	2533.712436	-124.342930
-2661.301302	2439.917959	-97.647247
-2333.730607	2471.904678	-157.625996
-2206.239309	2409.407460	-4.946767
-2347.617366	2507.148256	-141.490934
-1812.358132	2280.263652	-429.362856
-2292.764963	2469.396327	-142.256098
-2295.808312	2296.551045	-360.256737
-2337.617239	2454.425690	-139.079751
-4139.088883	2554.189835	-4729.306983
-2628.605334	2221.444511	-526.524685
-2342.037029	2491.839874	-148.123142
-2339.124764	2358.975532	-184.126133
-2221.674312	2179.753706	-453.055025
-2350.186040	2505.519096	-138.392270
-1964.285071	2402.175331	-58.804409
-2399.560270	2547.405890	-131.276030
-1467.211563	4223.076113	753.139886
-2341.883138	2494.815356	-142.005983
-2338.276341	2488.229086	-147.219154
-2347.812513	2897.553127	-207.122967
-2244.250109	2260.624010	-368.110804
-2196.689936	2423.686999	-125.793683
-2320.300071	2468.628354	-153.967822
-2304.475741	2521.416666	-109.705469
-2376.936484	2435.548547	-181.722699
-2270.331873	2481.602574	-129.500075
-2174.452903	2128.825571	-375.676744
-2227.964700	2374.757680	-132.961211
-2340.293960	2489.865152	-138.786865
-2333.371186	2497.533381	-143.283615
-2385.588087	2599.221278	-163.079160
-2343.072014	2731.250030	-148.741611
-2336.008153	2517.461191	-163.815926
-1811.398135	1780.681634	-600.715598
-2300.698890	2286.793176	-350.086597
-2381.550404	2541.550692	-142.232025
-2220.536250	2234.609284	-378.589995
-2338.678784	2493.180003	-143.034937
-2222.586641	2588.320209	-171.419705
-2347.195783	2292.507311	-356.409317
-2382.830166	2528.280718	-145.643891
-2388.614173	2630.791840	-153.296399
-2194.328596	2166.560091	-411.320284
-2378.596010	2491.946228	-224.959210
-2436.479582	2324.562428	-244.094219
-2351.130325	2430.113680	-142.335025
-2367.023997	2504.687616	-128.777604
-2218.740600	2234.123656	-381.683598
-3651.989529	4288.936827	-8250.397052
-2293.131948	2297.487531	-352.623987
-2255.161230	2256.656790	-210.584720
-2277.701992	1779.369137	-324.985132
-2285.707641	2705.692166	-348.160595
-2251.789889	2342.047802	-352.570114
-2255.300949	2845.286633	-28.687930
-2368.458133	2532.933591	-136.154481
-2271.248709	2276.163948	-347.040831
-2283.717615	2294.874686	-274.962879
-3112.780462	1579.745836	-901.045607
-2391.117702	2538.540668	-492.329194
-1974.871720	1520.855381	-943.032724
-2308.613223	2540.967811	-122.454602
-2296.528947	2473.030612	-185.526276
1655.055414	1173.923213	-107.905106
-2332.343519	2460.468237	-148.764693
-2350.442224	2335.233384	-365.282128
-2113.494852	2463.011901	-334.869640
-2097.964470	1671.916790	-1032.603541
-2337.208243	2495.962862	-148.698086
-2334.188010	2497.505330	-145.252764
-2370.145177	2516.778147	-130.936609
-2164.717232	2364.315765	-266.271557
-2340.377590	2497.431919	-140.231193
-2318.241927	2459.140787	-163.541425
-2340.429714	2497.775608	-141.730564
-2231.313036	2233.840613	-390.632777
-2375.967495	2536.141467	-141.670298
-2350.260173	2545.131794	-133.691015
-2075.592258	2349.096488	-234.658189
-2335.523905	2492.296879	-134.068308
-2212.698902	759.988914	269.144409
-2337.232412	2506.161001	-143.202267
-2316.121163	2447.083939	-168.195411
8992.245268	8973.205887	-93492.171975
-2335.088941	2382.494210	-213.326339
-2308.329126	2322.119813	-60.391284
-2976.447796	2062.944617	-368.839534
-2245.232541	2308.623646	-472.521686
-2225.720895	2178.305920	-378.461453
-2299.397545	2460.555855	-165.805490
-2307.939868	2386.236033	-273.216607
-2343.018351	2492.481156	-158.899143
-2362.621258	2533.780329	-136.020186
-2350.429298	2507.454742	-129.055872
-2371.234358	2554.596512	-138.738451
-2198.070066	2850.594961	170.270373
-2338.594646	2601.227758	-130.352664
-2340.090271	2497.529021	-147.445950
-2443.182601	2547.274974	-87.613895
-2359.362243	2556.659555	-130.705614
-2223.641862	2198.388121	-447.306242
-2303.923560	2430.656929	-197.858081
-2306.802963	2387.675506	-277.678141
-2297.515079	2281.359079	-317.963366
-2323.344749	2297.259703	111.872698
-2162.943055	2358.016491	-187.835088
-2369.106396	2566.523673	-126.927496
-2379.085972	2452.052191	-144.390319
-2017.332975	2532.993364	88.828173
-2339.779821	2503.157461	-143.857882
-2096.255722	2367.720028	-376.386830
-2400.959971	2604.976316	-247.892199
-1475.964999	2825.449180	-924.704093
-2305.876134	2172.505740	-468.142834
-2337.067229	2493.213434	-139.798193
-2347.171990	2555.232801	-122.978476
-2200.013361	2428.111776	-127.078170
-2330.538569	2472.362763	-149.057928
-2373.533857	2537.615704	-134.726266
