1733.044591	-91.756198	-85.105206
1690.951073	-17.106294	-14.915272
1644.192068	105.256495	31.561249
1619.728306	-79.375213	-55.787477
6242.953211	-1478.856863	-1504.075131
1516.228669	72.937714	21.317245
1508.594519	207.869323	108.084533
1622.450275	158.149080	216.050800
1885.309422	-10.161091	-86.329694
1619.373567	-86.930579	-57.680217
1677.435100	-153.436574	-203.421587
612.844233	721.960780	-261.168611
1831.412367	14.914127	-48.060665
1926.742427	923.069349	943.130326
1731.921364	4.622675	3.381420
1609.350302	76.420304	92.291967
1547.765582	55.934659	36.898568
1779.139799	296.869081	226.742478
1377.214274	279.295482	188.376734
-28852.321102	199236.534029	199236.394795
1591.267368	-57.365410	-37.514001
1680.723885	116.864235	68.541237
1681.455134	119.008831	68.286696
1620.179685	266.799627	112.677738
1406.158036	247.492457	194.172188
1316.109793	-672.789218	-715.731096
2850.949558	1460.984053	1413.550262
1860.713307	342.470383	334.538898
1791.915992	507.951092	389.202899
3055.963373	-431.394215	-581.382099
1640.395258	-27.349631	-131.582570
1686.657210	-92.961019	-63.182469
351.046257	5616.806119	5598.307210
1852.077257	-252.724429	-253.854622
1160.022506	-110.447541	94.992588
1694.925289	-42.072847	-69.569134
1192.710847	19.127703	52.689002
1911.329438	-364.204265	-201.703542
1394.615859	78.762036	-396.389154
-479.487456	-535.102936	-559.702350
1654.323005	-216.623671	-184.915434
1855.040517	184.922708	163.016253
1776.759417	-191.936986	-178.532783
1450.392914	60.641554	48.658227
1806.037897	-386.296962	-431.757646
2674.091949	99.921805	73.151097
1380.242608	-68.375972	-31.172632
1738.782776	-116.228548	-123.227507
1613.600849	-132.783858	-112.846824
1943.457442	36.570762	-110.594380
1964.315789	353.488038	133.354198
1480.258745	20.921433	43.713537
1356.741420	151.552644	139.774691
1776.308653	275.444319	237.999859
1452.674596	-374.266812	-395.646669
1600.942248	-50.788174	-18.913324
1349.863220	93.489837	72.853438
857.880199	-395.123844	816.116214
1659.650889	-163.981428	-91.421622
1990.771067	6.864313	-105.452417
2346.890573	808.728427	1342.102571
1595.361804	-20.512571	-7.611529
1452.898193	-184.553204	-146.825279
1815.934438	-122.349386	-150.755746
1611.880065	-259.452973	-198.452814
1774.311286	376.237759	267.048088
1836.491178	151.584543	138.256859
788.926268	1203.804892	1157.149426
2086.015345	-622.393055	1809.796075
1748.570501	-139.410492	-185.432738
1416.264495	-303.009444	-138.247684
1601.935736	-824.574279	71.175053
2775.698046	-5701.103823	-4995.667051
1637.087658	-207.770573	-167.952078
1713.810430	369.070805	281.088333
1808.977461	237.881938	3.289838
1645.809998	-200.279603	-171.338524
1666.491895	136.792062	26.118383
1665.557499	737.283975	512.489829
1497.253803	428.461943	336.859522
1117.459735	-292.163758	-319.831949
1874.598003	282.923288	55.829976
3027.663176	1666.135409	1611.632567
1661.662873	-216.723313	-186.268624
2303.516729	-557.774942	-726.389995
1447.830089	60.407046	45.511492
1827.253446	-107.574210	-115.567218
1757.581724	-171.190910	-151.404142
1631.266913	-251.019110	-209.519382
1518.026909	70.692964	26.499161
2420.434270	-428.269364	-490.794935
1929.670326	125.634454	-30.103696
1665.358101	-202.790215	-173.773193
1842.262726	232.430602	164.682224
3846.547703	-1008.316606	-1030.008912
1280.613365	-53.471259	108.858541
1310.821002	97.973103	101.380361
1843.270510	29.251924	-47.097736
1606.370147	-50.371381	-25.078744
1588.542286	87.341177	8.704025
4528.461118	-856.496275	-897.281310
1451.477330	54.103818	45.439463
2614.154660	233.568538	179.649019
1195.588591	363.419600	212.173904
1572.548900	139.117632	89.816519
1580.332332	-154.751031	-273.103540
1575.623279	-6.099018	10.352241
1756.523836	-160.926045	-186.270035
529.795636	4583.864119	3822.455063
1774.267803	399.622148	427.668365
-10826.746732	-4734.415279	9532.969228
3934.262499	152.660065	100.522560
1573.734320	10.960501	23.890646
2276.663632	1160.628493	1085.718043
1508.575890	33.212929	21.219514
1292.749786	-246.426583	-334.047867
1834.157880	-4.389848	-40.003633
1507.267687	309.875583	177.705873
1738.018090	-40.711581	-27.486999
1507.850040	210.202529	106.527287
1467.275108	660.672041	570.703673
2129.770682	-136.789095	-160.092274
1507.510358	-211.616590	-165.424979
1433.291029	-264.756096	-154.989479
1758.580567	-169.269371	-150.516497
1706.252540	-33.272549	-16.868666
1646.825377	-206.162257	-178.440161
1478.481883	244.008740	119.335973
4714.346893	-14367.929416	-14370.004155
1826.467835	-223.991632	-244.294063
1503.013910	305.075447	126.497487
1832.983000	-225.711402	-238.091101
-5742.850191	-4500.593090	-4516.933650
1401.136921	112.201402	86.481636
526.706409	1534.326808	361.829637
1695.004332	-49.541514	-14.199433
1522.943430	645.924943	596.747201
2255.632212	208.566710	213.667542
1670.892744	-180.421456	-206.494372
1377.531019	265.850723	238.627941
-65385.258868	91930.156095	91930.001882
1728.796581	-27.860506	-40.160046
402.831222	-140.712866	-172.260001
1729.960814	-98.140055	-123.130519
1696.452893	200.215472	153.531108
982.276396	612.898657	582.733120
-7599.462672	686.741975	-3513.267268
-8630.106403	-1057.904477	-1227.722712
1676.039776	33.760004	20.925091
1830.688659	-110.667676	-117.160605
1683.268595	639.339231	519.274985
2271.846523	818.395920	1075.073095
761.611312	-328.375760	-353.337985
1683.701702	-111.305100	-95.233297
1603.132870	-45.943346	-25.120116
1451.813007	53.710945	50.384715
1734.150998	9.919931	15.850467
1410.259653	-307.934797	-142.523071
2489.561618	476.134729	-614.306340
1328.651445	-253.053233	-180.373488
2069.242727	347.175710	-104.817450
2078.516963	205.050112	153.176625
2104.660198	-78.887828	-144.953627
1651.000916	556.773468	512.075729
1652.031565	-108.727311	-79.516275
1773.103080	23.869577	-51.878439
1706.636615	-23.752321	-22.206979
1807.446712	-949.836448	-906.821580
1694.447157	25.754637	22.830733
3462.854110	96.081227	73.857375
1916.912090	-201.441537	-190.913126
1528.998267	-93.649144	-32.078558
1557.166896	88.352907	49.217479
1145.638497	-747.677199	-719.327920
7018.748260	-7984.764094	-8579.088765
1397.747377	54.537710	89.757555
1764.149295	176.046017	169.613659
1889.607793	194.067769	123.598797
1450.180344	456.406062	379.727182
1504.401416	-606.950771	-258.160044
1695.682232	-6.761989	-17.838539
1771.615815	375.786874	257.051172
1780.154536	375.315412	224.003594
1025.012788	589.829024	551.647045
1119.369637	390.604210	334.779235
1063.699226	-9.802964	-153.035010
1955.507397	-90.440512	-121.639415
257.548384	407.015182	377.142862
1601.513101	107.572095	82.167146
1962.480495	-112.652534	-112.775155
1141.373260	80.151150	70.083000
812.275652	16.279962	57.982216
1597.766622	9.569423	15.371402
1670.207093	-171.770386	-171.060708
8587.218201	-3703.109276	-3789.370701
1861.595090	518.641446	566.693346
1780.260970	-201.060012	-191.939908
1917.969101	226.410214	100.882736
1638.454527	363.754625	159.071254
1210.026440	144.723377	134.158551
1814.909144	-4.119103	-24.350666
5977.860388	-575.174738	-614.073502
1467.882748	-26.707609	-150.103832
1282.261987	-109.667039	77.990776
-1963.053028	2650.188304	370.242244
-2286.105198	2332.116326	-59.274940
-2426.882776	2578.636400	-487.704491
-2336.836883	2488.509260	-159.402373
-2365.553649	2525.435539	-148.999191
-2129.436966	2401.272568	-104.514149
-2345.355704	2455.289085	-251.000193
-2325.596929	2483.608632	-151.691450
-2383.596438	2542.487021	-133.627971
-2402.434912	2586.707325	-139.199734
-2381.287258	2556.032752	-150.836664
-2357.166077	2495.610224	-182.501589
-3384.927894	2047.419136	-1093.688924
-2313.259698	2477.378056	-128.112665
-2377.625294	2736.465595	-96.888115
-2265.684005	2212.839754	-383.350297
-2156.163507	2332.101943	-504.277389
-2295.225737	2462.464228	-387.527377
-2041.106548	2383.698356	-97.798746
-2444.158237	2673.321088	-160.897621
-2439.012357	2548.078863	-186.098719
-2300.196502	2309.772800	-357.884186
-2347.198740	2496.151564	-140.122814
-2058.004789	2474.673320	-36.131068
-2179.107704	2327.384988	-117.691148
-2382.007949	2523.233281	-139.684181
-3411.411024	2086.565718	-1484.029456
-2447.285015	2746.522070	-126.731608
-2388.576075	2302.765293	-2061.284605
-2351.541152	2478.562412	-174.263581
-2423.325941	2596.267501	-125.768144
-1308.841339	4867.167670	-5241.860536
-2398.058891	2526.333992	-149.008962
-2156.984510	2520.175589	-135.238991
-2414.907302	2766.638671	-131.385906
-2448.200133	2581.822288	-127.688466
-2264.190232	2316.077001	-502.713160
-2396.527019	2617.153012	-98.213104
-1875.483818	2528.421435	93.868184
-2269.608345	2260.232727	-439.767431
4082.667706	14135.677445	6811.095024
-1982.485354	2103.121331	-738.343276
-2203.397186	2361.635268	-88.932964
-2401.986004	2582.707236	-144.254102
-2373.089398	2552.493466	-134.583022
-2405.670666	2580.498965	-142.482310
-1984.191547	3664.060078	1216.077510
-2383.815020	2319.595294	-342.226340
-2366.116670	2501.605103	-161.711249
2173.394908	-4143.402902	-6317.265936
-2345.523730	2298.867555	-296.814741
-3253.367385	3425.595457	-94.869720
-2348.656310	2619.804125	-154.800810
-1830.282369	2399.173675	-308.346435
-2339.049412	2262.941490	-562.176131
-2408.721705	2465.717523	-412.104266
-2399.886517	2491.845795	-160.683593
-2208.556826	2214.106259	-186.607546
-2417.696023	2472.429131	-423.957785
-2495.692125	2480.008381	275.145328
-2144.001805	2452.508845	-85.783750
-2414.081674	2580.073558	-141.803789
-2327.265913	2539.401831	-150.566128
-2381.955817	2546.566312	-138.634589
-2589.362498	2465.789463	-1614.368735
-2448.710736	2476.084630	-232.550872
-2345.347838	2638.541916	-153.707860
-2217.769714	2453.847101	-49.656767
-2371.612760	2569.275239	-130.281018
-2325.574315	2329.767715	-357.468345
-2328.642476	2133.179664	-1038.249377
-2361.664421	2506.785960	-160.491705
-2317.256907	2243.196827	-337.292572
-2426.910147	2584.225427	-137.709527
-2378.280133	2317.336547	-341.560465
-2370.236856	2541.512690	-149.912752
-2410.063946	2541.132900	-161.288304
-2382.093825	2326.156012	-354.403084
-420.450814	1612.740374	-563.518911
-2409.596143	2577.747480	-155.159916
-2252.734390	2484.267992	-167.268531
-2388.609904	2349.186874	-316.805470
-2402.170982	2523.429760	-137.691396
-2381.568457	2420.795410	-91.796923
-2371.023820	2568.560901	-126.268213
-2698.563448	2474.062316	-98.992160
-2366.771810	2507.159076	-159.714880
-2237.347788	2443.075155	-5.178850
-2381.239477	2543.408838	-143.557413
-1837.855372	2312.169579	-435.369380
-2325.493009	2504.054279	-144.331287
-2328.081855	2328.416342	-364.994849
-2370.727982	2488.982325	-141.226252
-4197.222208	2589.931239	-4795.676913
-2665.490747	2252.509926	-533.873060
-2375.409626	2526.164955	-150.025706
-2372.046798	2392.216553	-186.623893
-2252.889905	2210.433810	-459.268746
-2384.191542	2541.529168	-139.893041
-1992.034146	2435.768422	-59.653263
-2432.652932	2583.216897	-133.073932
-1487.882185	4282.195232	763.708873
-2374.615432	2530.115844	-144.051225
-2371.959612	2523.647355	-149.299782
-2380.777878	2938.001227	-209.971978
-2275.877555	2292.316775	-373.199328
-2227.801787	2457.302376	-127.611373
-2353.175852	2503.371011	-155.513260
-2336.323348	2556.165156	-111.176536
-2410.154003	2469.898962	-184.087654
-2302.710066	2516.235780	-131.338428
-2205.078462	2158.731073	-380.935479
-2259.508084	2408.100013	-134.826934
-2372.801816	2525.635528	-140.853368
-2366.436282	2531.697619	-146.094918
-2418.897372	2635.248276	-165.229976
-2376.082028	2769.318903	-150.863877
-2369.048886	2552.758790	-166.523777
-1836.883689	1805.606918	-609.105479
-2333.041073	2319.087745	-354.868917
-2414.550532	2576.550495	-144.208673
-2251.672993	2265.796971	-384.067414
-2371.544386	2527.698560	-144.921888
-2253.976920	2624.365435	-173.728288
-2380.190536	2324.663124	-361.146100
-2416.699512	2563.705488	-148.269473
-2422.113343	2667.268126	-155.380523
-2225.204433	2196.933024	-416.998843
-2413.361453	2526.495391	-231.117238
-2470.496535	2357.139095	-247.459493
-2383.861044	2464.377144	-144.352621
-2400.690478	2539.979277	-130.382447
-2250.352398	2265.479224	-386.825756
-3703.200237	4348.938563	-8365.856299
-2325.533665	2330.331994	-356.896676
-2286.926106	2288.372942	-213.639774
-2309.691313	1804.309066	-329.510824
-2317.822328	2743.414187	-352.989551
-2283.496341	2374.748661	-357.414964
-2287.033763	2885.048622	-29.111065
-2401.179646	2568.194724	-138.187715
-2303.391675	2308.034858	-351.975507
-2315.858398	2327.140379	-278.914459
-3156.455084	1601.801333	-913.691084
-2425.746233	2574.895643	-499.334808
-2002.601423	1542.136496	-956.209344
-2341.526774	2576.237022	-124.442482
-2329.071281	2507.604882	-187.865732
1678.200315	1190.294038	-109.405549
-2365.211573	2495.242060	-151.334486
-2383.419014	2367.860530	-370.309800
-2143.271821	2497.414516	-339.462598
-2127.426959	1695.297301	-1047.063085
-2370.535496	2530.905988	-150.662344
-2366.740523	2533.060200	-147.669800
-2404.316450	2552.022109	-132.934829
-2195.238909	2397.396426	-269.912500
-2372.512952	2531.404191	-143.223620
-2350.387051	2493.924540	-165.879023
-2373.465157	2532.115217	-144.189735
-2262.685577	2265.120746	-395.949607
-2409.103225	2570.927224	-143.498265
-2383.119097	2580.260138	-135.636527
-2104.834887	2382.037708	-237.892814
-2367.605610	2527.156542	-135.797695
-2243.769409	770.575582	272.919668
-2370.803548	2540.754150	-146.171572
-2349.007511	2481.735870	-170.534407
9117.983264	9098.753525	-94800.585770
-2368.036946	2416.053959	-216.291058
-2340.720374	2354.770454	-61.416178
-3018.211067	2091.786341	-374.005059
-2276.811261	2340.911442	-479.039579
-2257.087776	2209.063877	-383.783302
-2332.026230	2495.561356	-167.955985
-2340.314862	2419.420238	-276.893315
-2376.308422	2527.298698	-161.279853
-2395.736944	2568.837524	-138.014060
-2383.575724	2542.034171	-131.696558
-2404.445786	2590.132882	-140.969109
-2228.963724	2890.481731	172.629847
-2371.789205	2637.454136	-132.157859
-2373.757947	2533.435435	-149.251751
-2477.724176	2583.137034	-88.946729
-2392.081076	2592.412221	-132.569303
-2254.924090	2229.164158	-453.449928
-2336.465422	2464.919572	-200.350433
-2339.208333	2421.280441	-281.383319
-2329.915262	2313.419022	-322.511484
-2356.014426	2329.424618	113.302464
-2193.496233	2391.165345	-190.419562
-2402.397125	2602.099582	-128.881295
-2413.334422	2487.207113	-146.304189
-2045.766741	2568.428798	90.031982
-2372.946667	2537.932732	-146.509045
-2125.832942	2400.848004	-381.599706
-2434.591200	2641.330008	-251.170855
-1496.681249	2865.027120	-937.687265
-2338.182716	2202.264315	-475.435623
-2369.818393	2528.835539	-141.996496
-2380.242656	2590.840902	-124.824094
-2231.030093	2461.742714	-128.699240
-2363.712475	2507.725307	-151.177537
-2406.509536	2573.045558	-137.136684
