-0.032041	0.017292	0.017289
0.000110	-0.000643	-0.000649
0.001326	0.000017	0.000014
0.001065	0.000357	0.000353
-0.000101	0.000371	0.000367
-0.007434	0.000746	0.000727
0.000183	0.000880	0.000877
0.000613	-0.000077	-0.000080
-0.000826	0.001735	0.001732
0.000331	-0.000789	-0.000792
0.000854	-0.000181	-0.000183
0.000929	0.001549	0.001540
-0.005614	-0.001595	-0.001599
0.013494	0.009362	0.009360
0.000604	0.000552	0.000546
0.001198	0.000615	0.000611
-0.000804	-0.001567	-0.001569
-0.003976	0.002023	0.001996
-0.001737	0.000693	0.000681
-0.008476	0.000659	0.000655
-0.000169	-0.000117	-0.000124
0.043821	0.039777	0.039773
0.000599	0.001376	0.001370
-0.000319	0.000555	0.000552
-0.000872	0.001522	0.001518
0.025066	-0.005791	-0.005793
0.000450	0.000560	0.000556
-0.001347	0.002601	0.002574
-0.016157	-0.001644	-0.001648
-0.000792	-0.000457	-0.000467
-0.000026	-0.006841	-0.006847
-0.090460	-0.032261	-0.032286
-0.000268	-0.001123	-0.001125
-0.008025	0.000397	0.000381
0.000630	-0.001295	-0.001316
-0.002867	-0.001702	-0.001704
0.000253	-0.000276	-0.000281
0.000260	0.001242	0.001240
0.000536	-0.000154	-0.000166
-0.000100	0.000041	0.000034
-0.002445	-0.001567	-0.001571
0.000246	-0.000556	-0.000560
0.000680	0.000726	0.000724
0.002804	-0.000076	-0.000080
-0.060614	-0.003823	-0.003825
0.000371	-0.000083	-0.000093
0.002330	-0.000338	-0.000343
-0.000267	-0.000158	-0.000164
-0.007054	0.005662	0.005655
0.001853	-0.001098	-0.001115
-0.000510	-0.000368	-0.000396
-0.004251	-0.005961	-0.005972
-0.009825	-0.006754	-0.006760
-0.000305	-0.000758	-0.000773
0.005795	-0.000330	-0.000332
-0.000503	0.000005	0.000002
0.011395	0.001474	0.001472
-0.000402	0.000035	0.000030
-0.000587	-0.000608	-0.000610
0.002396	0.000108	0.000096
-0.001630	-0.000863	-0.000866
-0.005610	0.005267	0.005245
-0.000136	0.001053	0.001047
0.001604	0.000333	0.000331
-0.001350	0.000196	0.000190
-0.001110	0.000563	0.000560
0.001035	0.000993	0.000989
0.000119	-0.000625	-0.000636
0.003187	-0.001126	-0.001129
-0.000285	-0.001087	-0.001090
-0.000896	-0.001072	-0.001087
-0.008792	0.004020	0.004018
0.000230	-0.000342	-0.000356
0.001595	0.000079	0.000073
0.001794	0.000585	0.000577
-0.001932	-0.002999	-0.003001
-0.000511	0.000334	0.000325
-0.000961	0.000363	0.000358
0.000369	0.000109	0.000100
0.000755	0.000115	0.000112
0.012337	-0.000918	-0.000921
-0.001030	-0.000435	-0.000439
0.000269	0.001055	0.001052
0.000612	0.001190	0.001186
-0.000772	-0.000899	-0.000902
-0.000995	0.001184	0.001177
-0.001803	0.002068	0.002065
0.000850	-0.000644	-0.000647
-0.002078	-0.002246	-0.002249
-0.000789	0.000021	0.000014
-0.014413	0.005287	0.005284
0.001619	0.000477	0.000463
-0.000080	0.002167	0.002166
0.000128	-0.000524	-0.000530
0.002604	0.000624	0.000622
-0.000840	-0.001861	-0.001867
-0.001013	-0.000684	-0.000708
0.002506	-0.000184	-0.000186
0.000111	0.000176	0.000170
0.002255	-0.000743	-0.000745
0.003898	-0.003011	-0.003014
-0.004152	-0.001674	-0.001676
-0.018408	0.007464	0.007461
-0.000174	-0.000525	-0.000543
0.006760	-0.001937	-0.001957
-0.000769	-0.000616	-0.000619
0.005894	0.000199	0.000197
0.001674	-0.000145	-0.000146
-0.000007	-0.000666	-0.000668
0.006993	0.002378	0.002364
-0.000513	-0.001203	-0.001231
0.006156	-0.001880	-0.001898
-0.003034	0.000026	0.000005
0.001463	-0.002105	-0.002107
0.002330	0.000563	0.000557
-0.001295	-0.001666	-0.001676
-0.013080	-0.017625	-0.017649
0.005806	0.005010	0.005005
-0.003351	0.001833	0.001830
-0.000231	0.001851	0.001849
-0.004183	-0.000511	-0.000519
-0.000835	0.000731	0.000728
0.003401	0.001562	0.001560
0.000054	-0.000226	-0.000237
-0.000344	-0.008536	-0.008541
0.004468	0.002812	0.002791
0.001150	0.001730	0.001727
-0.002322	0.001653	0.001648
0.087944	0.031184	0.031160
-0.037328	-0.037521	-0.037525
0.000360	0.000379	0.000371
0.001129	0.000930	0.000928
0.004318	0.013314	0.013288
0.001138	-0.002486	-0.002487
-0.000510	-0.000838	-0.000840
0.000265	0.000889	0.000882
-0.000343	-0.000049	-0.000053
0.001270	0.001142	0.001140
0.007995	0.004254	0.004248
0.000687	0.001836	0.001833
-0.000117	-0.000323	-0.000330
0.001275	0.000094	0.000089
0.002303	0.004756	0.004754
-0.000017	-0.000462	-0.000472
0.004321	-0.000072	-0.000074
-0.000066	0.000868	0.000859
0.001362	0.000185	0.000182
0.012311	0.003914	0.003912
0.019923	0.011472	0.011449
-0.036288	-0.008740	-0.008743
0.000399	0.000308	0.000306
-0.000653	-0.000327	-0.000355
0.000679	0.000829	0.000807
-0.000227	-0.000838	-0.000841
-0.003489	-0.004238	-0.004266
-0.001922	0.000110	0.000106
-0.000000	0.000057	0.000054
0.006085	-0.000715	-0.000721
0.003527	-0.000783	-0.000785
0.004535	-0.002687	-0.002690
0.006350	0.001546	0.001530
0.006897	-0.000804	-0.000805
-0.003256	0.002053	0.002051
-0.003873	-0.006143	-0.006145
-0.000249	0.000300	0.000296
-0.001064	-0.000948	-0.000953
0.001314	-0.001338	-0.001364
-0.000598	0.001278	0.001270
-0.001270	0.001434	0.001428
0.004609	-0.011444	-0.011447
0.000700	-0.000494	-0.000497
-0.013537	0.008741	0.008738
0.000689	0.000295	0.000292
0.047888	0.006940	0.006938
0.006210	-0.005060	-0.005063
0.001051	-0.000360	-0.000380
-0.000235	0.000037	0.000024
0.000787	0.001227	0.001223
0.000389	-0.000604	-0.000610
0.001181	0.000240	0.000236
0.004334	0.005491	0.005481
-0.005356	0.003651	0.003634
0.000053	0.000211	0.000208
-0.015766	-0.003889	-0.003891
-0.001301	0.002124	0.002113
-0.001644	-0.000427	-0.000431
0.003455	0.003658	0.003654
0.000119	-0.000347	-0.000355
-0.000122	0.000582	0.000577
0.004127	-0.000444	-0.000446
-0.019688	-0.010331	-0.010358
0.001062	-0.000219	-0.000222
0.030805	-0.017807	-0.017810
0.013128	0.000624	0.000621
-0.000067	0.000110	0.000108
-0.000428	-0.000243	-0.000245
0.064211	0.004158	0.004157
0.000947	0.001286	0.001283
0.000455	0.000511	0.000509
-0.000382	-0.000230	-0.000234
-0.002003	-0.007095	-0.007098
0.000650	-0.000712	-0.000714
-0.000356	0.000334	0.000329
0.001959	-0.004010	-0.004012
-84.000024	83.999385	-0.000613
-83.999192	83.999963	-0.000036
-84.002010	83.998820	-0.001182
-83.999573	83.998379	-0.001616
-83.995676	84.001327	0.001338
-84.001487	84.001762	0.001764
-83.992595	84.005334	0.005337
-84.002348	84.001340	0.001342
-83.983009	83.990230	-0.009811
-83.997781	84.001315	0.001323
-83.997425	84.001882	0.001885
-83.996941	84.001385	0.001381
-84.002059	84.002513	0.002532
-84.002595	84.002964	0.002971
-84.000806	83.999956	-0.000041
-83.998605	83.996721	-0.003277
-83.997825	84.001275	0.001277
-84.000111	83.999181	-0.000818
-83.998986	83.999856	-0.000138
-83.997586	84.000068	0.000047
-83.999085	84.000506	0.000519
-83.990564	84.005075	0.005101
-83.999224	83.998855	-0.001140
-84.001417	83.999021	-0.000977
-84.008866	84.001807	0.001810
-84.001291	83.999990	-0.000009
-84.000701	84.001982	0.001983
-83.995970	83.995585	-0.004408
-84.002197	84.001274	0.001277
-84.003141	83.997275	-0.002723
-84.000850	84.001465	0.001470
-83.997807	83.999456	-0.000539
-84.001436	83.998981	-0.001015
-83.999175	83.999621	-0.000351
-84.012922	84.011388	0.011390
-83.999707	84.000120	0.000123
-83.997823	84.001146	0.001173
-84.002057	84.001208	0.001213
-84.003648	83.999994	0.000001
-84.002253	83.997971	-0.002028
-83.999340	84.000653	0.000656
-84.000276	83.999960	-0.000035
-83.998851	83.999431	-0.000566
-84.106635	84.103211	0.103209
-84.009489	83.998196	-0.001800
-83.999738	84.004063	0.004066
-83.965268	84.043255	0.043279
-84.001177	84.000566	0.000569
-84.004206	83.998297	-0.001696
-83.989060	83.995755	-0.004247
-83.999880	84.000803	0.000807
-84.006222	83.997015	-0.002986
-83.998815	84.001685	0.001687
-83.999930	84.000564	0.000570
-83.997821	83.999801	-0.000190
-84.000131	83.999868	-0.000128
-84.000415	84.000575	0.000579
-83.998077	84.000643	0.000654
-83.998256	83.997076	-0.002923
-84.001593	84.003351	0.003356
-84.000407	83.999510	-0.000479
-83.997405	83.999331	-0.000668
-83.999558	83.998604	-0.001392
-84.001444	83.998809	-0.001187
-83.998060	84.001154	0.000719
-83.997473	83.998852	-0.001120
-84.001282	83.999666	-0.000332
-84.000530	83.999744	-0.000253
-84.000265	83.999283	-0.000713
-84.000183	84.001245	0.001266
-84.000324	84.000059	0.000060
-102.640973	102.419576	-1.105075
-83.993009	83.996446	-0.003529
-83.999870	83.999616	-0.000381
-83.999568	84.000100	0.000104
-84.001144	84.000467	0.000472
-83.999577	83.999982	-0.000013
-84.000227	83.999105	-0.000874
-84.004921	84.000104	0.000100
-84.005978	83.999948	-0.000068
-84.001957	83.999906	-0.000079
-83.998318	84.000826	0.000836
-84.004555	83.995494	-0.004484
-84.007148	83.998079	-0.001925
-84.001862	84.000945	0.000946
-83.998578	84.002864	0.002872
-84.315071	83.954252	-0.045757
-103.596736	93.643434	-53.788426
-84.000916	83.999914	-0.000082
-84.028559	84.010513	0.010522
-84.002144	83.999628	-0.000368
-84.000948	84.000303	0.000306
-84.000233	83.999978	-0.000012
-83.999569	83.999932	-0.000073
-84.005106	83.941489	-0.058593
-83.986978	83.999380	-0.012952
-83.998827	84.002571	0.002587
-84.003743	84.003114	0.003114
-84.000557	83.999476	-0.000504
-83.999318	83.998582	-0.001414
-83.998595	83.999188	-0.000810
-84.001793	83.998160	-0.001836
-83.999187	83.997636	-0.002372
-84.002998	83.995536	-0.004451
-84.001399	84.000098	0.000098
-83.999416	83.998206	-0.001764
-84.002880	83.997810	-0.002189
-83.996600	83.999494	-0.000500
-83.999624	83.999739	-0.000249
-84.002012	83.999576	-0.000420
-83.999657	83.995586	-0.004392
-84.015005	84.002258	0.002192
-84.001498	83.999136	-0.000862
-84.002328	83.996975	-0.003023
-84.002400	83.998378	-0.001694
-84.003584	83.996208	-0.003776
-84.003885	83.998119	-0.001873
-83.998814	84.000487	0.000516
-84.004080	84.000213	0.000219
-83.990766	84.002255	0.002253
-83.999226	84.001214	0.001215
-84.000842	83.999371	-0.000624
-83.999776	83.999769	-0.000219
-83.997631	84.004048	0.004063
-84.005071	83.998067	-0.001925
-83.999300	84.001019	0.001033
-84.001300	83.999575	-0.000426
-84.000763	84.000746	0.000761
-83.999169	83.999843	-0.000186
-83.996387	83.998881	-0.001113
-84.001044	84.001275	0.001277
-84.007692	84.014780	0.014522
-83.997926	84.001873	0.001871
-83.997389	84.000719	0.000724
-84.004675	83.999481	-0.000516
-83.997107	83.989313	-0.010685
-84.000415	83.999604	-0.000395
-83.999236	84.000181	0.000189
-83.999058	83.999370	-0.000609
-83.999942	84.001032	0.001035
-83.999754	83.999673	-0.000317
-83.993011	83.998629	-0.001369
-83.994262	84.002978	0.002985
-83.998624	84.000298	0.000315
-84.004415	83.998948	-0.001053
-84.000118	83.998844	-0.001153
-83.996742	83.999203	-0.000789
-83.999644	84.000527	0.000537
-84.001073	83.998849	-0.001150
-83.998129	84.001498	0.001500
-83.995769	84.000923	0.000925
-83.999809	84.000017	0.000018
-84.000833	84.000298	0.000303
-84.000242	84.000409	0.000411
-83.998437	84.000760	0.000764
-83.998018	83.998753	-0.001245
-84.000150	83.998440	-0.001555
-83.686264	84.045848	0.044955
-83.998942	83.999202	-0.000794
-84.001207	84.000240	0.000241
-83.998235	83.999106	-0.000881
-84.000345	84.000425	0.000435
-84.000291	83.997240	-0.002758
-84.000882	83.999265	-0.000763
-84.000166	83.999683	-0.000314
-84.003586	84.000063	0.000063
-84.000050	84.000504	0.000504
-83.998203	83.998493	-0.001501
-84.000048	83.999125	-0.000866
-83.999665	83.998727	-0.001297
-83.999265	84.000015	0.000022
-84.000573	84.001532	0.001537
-84.001592	84.001864	0.001866
-84.003452	84.000521	0.000524
-84.001889	83.997966	-0.002027
-84.008319	84.010192	0.010184
-84.001553	84.000071	0.000073
-84.003638	83.998390	-0.001610
-83.997230	83.984655	-0.015518
-83.999014	84.000437	0.000443
-84.001539	84.000954	0.000970
-84.000235	83.999489	-0.000509
-83.998693	84.001318	0.001324
-83.997820	83.999933	-0.000079
-84.000207	84.000693	0.000696
-83.992059	83.992194	-0.007817
-84.000642	84.000111	0.000115
-84.001654	84.000199	0.000201
-84.000263	83.999336	-0.000656
-84.003200	84.004504	0.004510
-83.995736	84.002381	0.002402
-84.001227	83.997532	-0.002448
-84.000461	84.004451	0.004454
-83.998945	84.007079	0.007073
-83.999887	83.999753	-0.000231
-84.002799	83.995376	-0.004619
-83.900909	83.898339	-0.102032
-83.996503	84.006870	0.006871
-83.999915	84.007881	0.007902
-83.999728	83.999801	-0.000197
-83.998119	83.996308	-0.003686
-84.000174	84.000575	0.000582
-84.005486	84.003687	0.003705
-83.997805	84.001765	0.001769
