-303697.633772	-535266.274555	-535266.315403
-121800.074050	554747.026114	554746.969767
117715.116711	56929.696475	56929.561781
111164.946144	-462641.855889	-462641.949127
177961.261947	-532655.207930	-532655.304812
-203192.224348	287231.027491	287230.967409
431486.602553	-370574.711000	-370574.954407
542214.888911	166676.885514	166676.306834
500839.333992	314501.855433	314501.481076
-134215.715800	595085.975243	595085.922373
123585.514327	-570477.687253	-570477.769297
275443.806329	-17657.033473	-17657.246359
135016.211827	304112.113666	304111.990310
239324.484520	-35286.196015	-35286.385515
605643.301687	-126759.943769	-126760.702300
-534667.585257	-246340.100128	-246340.134267
-482052.965002	322439.754920	322439.718405
313934.999300	130083.060177	130082.823933
103016.231100	-544099.929933	-544100.011891
229341.578288	183415.466326	183415.290807
521432.564263	313911.766434	313911.359155
-257647.385400	554111.089903	554111.045015
616650.933047	27176.173233	27175.252550
-98316.785776	582266.918046	582266.861042
-244429.696325	-258791.938375	-258791.993697
-139617.825930	-329332.073942	-329332.138331
296837.717741	-336445.301075	-336445.474638
513572.977902	7107.475171	7106.940817
-122071.110162	-140572.614938	-140572.689182
-501168.525916	129937.189667	129937.152098
-130317.058162	434434.728423	434434.666246
-346702.324217	484760.112251	484760.071090
171781.491612	135908.705583	135908.552840
-248029.706215	532201.958449	532201.911961
-199151.298433	76796.609508	76796.544464
-113648.777261	360155.750712	360155.682573
31388.422067	515518.390032	515518.311888
-60625.910415	376232.861582	376232.786811
-289570.629351	-458172.599105	-458172.643724
-462789.294081	-108095.465803	-108095.505681
-145897.011695	450349.873235	450349.813645
31146.876481	443593.621169	443593.536488
-175194.625612	190509.490857	190509.424524
-171914.418987	-9966.237747	-9966.306651
-14563.107502	-472923.107987	-472923.179529
70365.492799	614528.657241	614528.582976
-267455.419597	-357752.054958	-357752.104908
502201.692120	35821.602078	35821.093005
568564.287673	-27554.931623	-27555.621927
26739.616292	-528538.658281	-528538.730622
407032.117875	123987.847464	123987.516051
-160767.365545	595570.813753	595570.763203
403182.577583	-462746.133053	-462746.319241
-11449.592775	204139.411987	204139.318606
-24328.724899	-208835.654045	-208835.742652
352640.036719	-384190.261887	-384190.449902
265735.107661	-137336.743901	-137336.939837
172618.925608	538130.830128	538130.728680
580836.131489	31159.541331	31158.787835
-456472.433421	415570.474954	415570.438717
-377774.768119	2905.665788	2905.619080
98739.938068	-591925.260481	-591925.336305
262833.272313	-557294.667683	-557294.778749
-422523.088877	-126016.556066	-126016.598555
28727.508442	35561.986121	35561.878462
-335088.788355	213358.269066	213358.220328
476975.328544	350265.212956	350264.893738
-472500.542729	-380162.408849	-380162.444087
400419.374462	-256810.203249	-256810.469974
270369.383646	-61814.513233	-61814.720110
601283.201478	27438.130739	27437.287907
-33154.216673	-571546.301347	-571546.362807
-286369.752186	-490809.775968	-490809.819615
-488628.268153	-370729.433540	-370729.468104
51586.130034	-230704.650364	-230704.754149
-406034.207342	409112.718715	409112.679341
513443.022797	-92876.421843	-92876.925496
437511.440875	242715.564981	242715.233091
381691.691659	-230281.256242	-230281.515799
-352168.108107	-459448.234833	-459448.275139
414503.266854	383818.714656	383818.471761
502989.193378	312815.317065	312814.937084
-12299.829337	-596893.318305	-596893.380019
8248.478138	107625.847925	107625.746534
-476427.764442	-79665.522039	-79665.561225
43234.030825	-616614.888725	-616614.954925
-440698.457932	26876.770118	26876.728204
445700.612391	326416.405412	326416.106490
466181.621941	314829.684895	314829.356249
-129356.519044	550228.881398	550228.825538
-582041.150122	-85097.283621	-85097.316709
-12142.541217	-608648.650964	-608648.711747
-240763.031127	-480893.335524	-480893.382960
530110.993027	-159286.248971	-159286.752324
476818.840343	-373631.099817	-373631.379418
77507.480023	-166562.619640	-166562.734781
617818.382170	-17345.305699	-17346.214462
22120.019336	417268.946711	417268.861315
-599081.841494	2471.492088	2471.459619
-499587.639131	-113716.009474	-113716.046981
-609645.087710	21603.663045	21603.631092
-475088.329850	20640.899677	20640.860104
-445610.656552	-2354.601434	-2354.642984
-598680.512383	-154436.040385	-154436.072216
267418.630967	-476734.409425	-476734.538558
-248524.463711	-11186.914379	-11186.973581
132966.501074	-442020.448665	-442020.549067
-297334.478792	241592.152981	241592.101393
78836.172684	513901.701524	513901.615397
-76341.228393	-90883.235956	-90883.319141
-543137.198533	-27513.062443	-27513.097829
186561.876674	520362.918406	520362.811105
-399765.372864	423907.969069	423907.929662
-155629.685513	95377.603795	95377.532954
558903.920091	265476.887519	265476.356330
19608.475336	929.456920	929.351621
-317322.574714	-482116.057321	-482116.099161
476443.227767	-81127.464847	-81127.897609
-457541.168140	-138748.087876	-138748.127826
-526613.065295	-214123.412292	-214123.447261
-108683.153290	-512585.324419	-512585.382049
305850.276662	-533726.511691	-533726.639122
-335130.359257	516963.339923	516963.299014
-493729.517184	-262386.316547	-262386.352706
-279442.973683	312769.429649	312769.378144
-189029.027336	-567731.299953	-567731.347437
83548.464440	-494476.131337	-494476.215788
155382.343941	-575776.483955	-575776.570495
487628.386214	320817.744676	320817.392781
4223.248575	469508.437165	469508.359198
68693.874422	-15079.363741	-15079.482413
76494.662505	498267.250561	498267.163174
568458.299820	-243515.796356	-243516.315243
-589054.766985	27740.926756	27740.893774
-278709.767072	377825.756538	377825.706908
-71985.516094	-592222.635935	-592222.691982
388479.025266	-51068.201433	-51068.512296
-121230.965170	591490.059136	591490.004875
393032.539955	-263752.741096	-263752.998688
497762.523419	-325352.634056	-325352.966419
510453.966527	-191340.192443	-191340.634619
484112.910620	33493.673683	33493.204896
-444841.431992	203894.318416	203894.277903
-59522.821978	-615556.526310	-615556.581917
-283132.770515	-288867.491945	-288867.542682
-351374.539332	-491991.749922	-491991.789263
-412023.929471	-33496.788547	-33496.832461
-376892.216948	-441780.568987	-441780.608263
356848.300938	184056.456782	184056.193033
-163546.868164	-529461.951327	-529462.002852
-19697.969757	4392.120531	4392.024553
359437.358627	446397.054896	446396.870220
-399094.777897	420001.436772	420001.397215
613971.138721	2110.847553	2109.949526
-305713.533804	30400.599615	30400.546422
540896.634694	-50771.299533	-50771.891719
-111744.332881	184787.387625	184787.311943
617923.025626	23417.504017	23416.577091
218720.556364	259658.535433	259658.375226
593375.342421	172560.132150	172559.379699
3029.642005	-175407.162188	-175407.258219
-320931.475987	-93368.902303	-93368.953416
274187.385723	-486158.260278	-486158.389379
207556.420933	-164076.325718	-164076.487979
-258041.531740	-508136.098770	-508136.143770
436751.962952	425340.896556	425340.655906
281254.359119	549409.354480	549409.227546
402510.975743	264438.797991	264438.514779
-379403.450194	45092.908007	45092.861450
-227384.012804	-288679.230399	-288679.286516
-331584.306172	506349.261247	506349.219763
569624.743517	240783.534876	240782.945995
-610259.134557	35327.681409	35327.649491
-411813.261938	385062.343997	385062.304436
38294.957097	-222771.357407	-222771.458587
181497.304103	426336.154821	426336.034169
-15172.461755	606759.999488	606759.935339
-310436.024904	46459.750777	46459.698077
374696.662067	-165692.389490	-165692.661983
352676.343581	-381945.163692	-381945.352665
248636.614980	-271088.260248	-271088.425309
-263390.435790	285863.396627	285863.342862
-347049.656691	247525.251190	247525.204066
481875.955199	184424.389559	184423.961154
415528.502194	-444332.956476	-444333.156578
-78807.564542	-578663.984372	-578664.040685
-522585.213809	-139081.376729	-139081.412681
356011.225751	-89027.787232	-89028.058380
-29512.435410	-347865.916068	-347865.994992
261761.999402	131216.130212	131215.930713
-356309.184070	491080.252816	491080.212473
-428170.819176	300693.744050	300693.703856
-409662.458150	-179055.628539	-179055.671318
584496.530611	99409.533801	99408.769719
-352202.958109	403409.255062	403409.211945
594055.989811	-153096.946553	-153097.633340
-554305.418724	-230700.671104	-230700.704414
143678.630928	332741.448900	332741.326308
608543.415914	-56501.420902	-56502.258215
-318622.750248	-90807.409375	-90807.460769
-455011.587537	137942.529333	137942.488867
-441173.318117	-7896.236445	-7896.278305
-179253.761476	288974.671823	288974.608985
50554.988350	423017.177542	423017.087373
794689.588166	348040.381509	102752.742623
1978055.359666	49356.765501	-195931.600565
1913928.811409	94779.930136	-150508.432238
981537.399705	614051.365470	368763.189560
1652452.981324	81415.092606	-163873.247862
1415256.565083	798884.687571	553596.350932
1269777.004210	760469.371372	515181.058820
1195582.076320	791081.911753	545793.608136
827422.162074	462214.916214	216927.049541
1988030.463741	451383.260919	206094.789997
1855637.163612	-3911.098155	-249199.457530
1914963.516599	530285.436151	284997.070909
812441.385382	99582.346196	-145707.033002
1784372.947544	650365.029617	405076.669268
1523181.999120	-362001.985944	-607290.328911
941971.205306	359333.195252	114045.180560
1732389.696412	-96436.799377	-341725.151038
1093012.331848	770405.105471	525116.829593
1789552.170050	325898.098869	80609.744928
1790688.588426	-175432.113154	-420720.471144
1739008.193941	-269337.102756	-514625.459726
912423.523989	33883.766988	-211404.196352
1782961.032910	-196176.384068	-441464.747206
1367680.205734	603716.963168	358428.650684
1018382.547461	524966.444191	279678.278884
1405148.443999	484381.006032	239092.696194
1193839.647877	518017.993256	272729.737324
1147077.327036	278912.093197	33623.892802
1604662.535420	815299.311442	570010.956856
1722782.228307	133800.469505	-111487.878024
1244307.076023	-321549.729781	-566838.027971
1585281.253013	160214.074211	-85074.257288
1051323.662662	-182046.287845	-427334.489913
929974.946835	615928.936648	370640.796859
1233475.391194	447322.071535	202033.811161
1921368.540479	-91969.616970	-337257.981535
1027248.093606	388839.352052	143551.224646
990512.956842	61097.362113	-184190.707888
1734402.766345	-246632.152178	-491920.512532
1527149.258796	-307886.680749	-553175.021357
1398734.026409	847676.456561	602388.117214
1520745.118440	850439.095270	605150.744803
922204.109206	-130963.830824	-376251.992166
850039.795724	207690.028142	-37597.717991
983153.842209	-86431.792533	-331719.908216
1936930.683378	436294.296114	191005.930191
878061.665735	309295.381539	64007.514865
1755029.083317	25341.938825	-219946.412783
1894477.066891	226485.719893	-18802.641010
1911717.314602	437357.776663	192069.403944
1930378.852322	570566.929967	325278.562503
1699117.216846	-135565.487413	-380853.838027
1010096.944838	-3544.143820	-248832.254835
1460175.730589	859865.176606	614576.829572
1151873.590006	538738.168139	293449.923763
799162.850457	123131.693453	-122165.815417
1461902.092643	-43728.214314	-289016.530997
1659365.958361	-279168.504400	-524456.856274
894760.524842	578101.416928	332813.335460
1940139.556755	-35936.895550	-281225.260897
1867547.380471	-141585.550867	-386873.913657
1777540.396812	-218615.662355	-463904.026512
1633214.428547	4012.270032	-241276.069884
801136.168135	240472.592246	-4814.963356
1131442.064984	297092.250211	51804.052799
1857598.111387	661980.571953	416692.206570
1211722.235670	-330700.684190	-575988.979718
1797995.099276	191133.935789	-54154.418383
1037859.069625	-35238.894613	-280527.041761
973524.687567	674967.324319	429679.125900
1827818.711856	505945.922931	260657.562800
1811285.971829	328997.392812	83709.024159
925234.813281	-38995.613768	-284283.637493
1488521.007585	-100391.705493	-345680.029639
1631523.141036	791312.507801	546024.150603
1891002.468362	332068.648479	86780.286694
934954.094013	282230.576213	36942.601119
1651036.981622	-239410.957432	-484699.307890
1621287.673716	558966.268908	313677.924479
1400340.054949	-40178.864101	-285467.169298
1430409.592050	-357438.747295	-602727.080059
1523495.937002	-134237.157844	-379525.489300
1103052.042114	-4034.526143	-249322.713493
1786670.387360	545428.294789	300139.936384
1072311.590139	269394.554416	24106.408652
1073664.378435	-51473.074809	-296761.254910
1531313.468332	-39381.848604	-284670.177126
1767171.397522	-108521.551047	-353809.909045
933045.263249	-102757.320738	-348045.394978
1985058.298438	35812.119871	-209476.263491
1741533.672525	471582.631469	226294.278511
1484023.490562	-293773.952825	-539062.289042
1450972.925446	839869.203802	594580.853156
837207.190115	263113.296608	17825.575390
1866803.093305	240008.438482	-5279.924664
905583.516332	357755.166223	112467.210376
884704.123959	7793.450751	-237494.475304
881237.311288	250832.378487	5544.527947
2020196.201219	248867.171437	3578.803310
1963742.539293	405110.078867	159821.710691
1616839.920307	732247.876653	486959.524684
1972924.381464	336908.394729	91620.028037
966685.756319	-44720.326525	-290008.409969
1087333.980908	54025.540638	-191262.625392
1792073.126638	-83059.599916	-328347.958831
1350681.471251	-241525.327547	-486813.638094
1959324.163417	518769.826127	273481.456720
1336358.781949	20303.610874	-224984.674666
1904979.835475	120451.574060	-124836.790582
1789186.927539	710668.880072	465380.517186
1531972.497994	841544.022011	596255.641447
1732250.632108	305869.951874	60581.602070
1646843.557469	524410.105070	279121.758382
1772532.395946	-32703.791626	-277992.146625
1823244.194284	164656.014031	-80632.343998
1180140.650391	414750.715875	169462.481287
1007095.001369	705098.003246	459809.775513
1740617.032483	392527.044769	147238.693324
2005275.155752	145863.915733	-99424.451890
1680690.874213	-251240.483518	-496528.842451
1613393.349572	-205588.663638	-450877.009219
1556090.651798	841299.218546	596010.852365
1986979.686895	452957.673956	207667.307442
1762578.323981	-256521.261161	-501809.630931
1922242.637788	324350.057473	79061.688999
1431094.512587	164608.262870	-80680.041766
1348194.026846	-153394.068403	-398682.370301
1572256.423881	71534.667653	-173753.663559
1739402.434302	152914.695520	-92373.658638
1718293.851757	-27231.271858	-272519.622761
1036719.831335	-113492.057874	-358780.229091
1797784.842522	-220914.410837	-466202.791340
1053260.428241	647613.734547	402325.505767
1485341.796706	-315061.768085	-560350.111835
1617891.856431	62144.093834	-183144.246472
933433.390910	635555.535274	390267.374690
1773566.158260	-206810.566626	-452098.984301
1213713.337873	-149467.786574	-394756.051572
1488646.936210	-356684.809318	-601973.153654
929075.823028	-96404.415374	-341692.617455
772033.045127	123908.445981	-145694.275290
975564.752321	-192038.024590	-440855.827077
1296406.950413	505432.717685	260144.430501
825403.634406	339695.004086	94407.258907
1725440.832094	-281777.929813	-527066.302942
1256256.562447	8341.728483	-236946.532646
1629970.481138	639635.255988	394346.907104
897791.127144	238451.790723	-6836.106934
1222301.824394	641083.121822	395794.836412
1542845.229525	-357538.927905	-602827.290341
790262.551305	137831.563913	-128349.673377
1991968.062114	342853.539135	97565.155597
885512.032783	268284.921125	22997.042002
1901816.812479	605041.719556	359753.352239
1178992.353467	808342.975834	563054.666978
1382135.684979	290086.541242	44798.246717
1869310.867801	150856.569439	-94431.792595
1978342.581314	177340.178798	-67948.188667
1323362.076787	-367114.759173	-612403.078025
924840.951101	-130990.661884	-376280.584004
1550096.833790	107307.776680	-137980.551757
1616243.374891	267547.883361	22259.547106
1370570.301771	260719.543444	15431.250892
1595044.706598	-24276.733977	-269565.071725
1477060.611385	801287.506649	555999.160943
865659.578817	-38468.228227	-283756.150151
1750936.481591	671177.148894	425888.787581
1130511.057130	-8634.906392	-253923.118198
807389.694081	270452.629059	25165.013255
1706683.894217	653178.227131	407889.869882
1383762.492196	473874.848862	228586.535832
797345.609997	360771.330185	115483.640105
1456246.000554	-90057.812827	-335346.135348
799834.637548	316193.776063	70906.147620
1903302.004000	262722.569381	17434.204602
1292158.634729	850267.909256	604979.581962
976320.585870	-189999.687310	-456862.789088
1040679.181342	-192462.864398	-437751.089693
1955796.430495	468579.228481	223290.854452
2010093.244633	198445.022679	-46843.347566
1222754.287706	-278122.882727	-523411.170760
1640813.429552	67152.492507	-178135.869479
866086.442925	11745.245624	-233542.656028
1345274.291696	558943.847133	313655.542306
1849930.257824	668472.517004	423184.072318
1764757.471071	-222297.543371	-467585.973693
1223502.534962	424663.678559	179375.419290
1748109.114251	363542.361424	118254.007084
1792677.392061	131406.883174	-113881.473316
1410742.509562	-303203.774898	-548492.102109
953126.399335	-88027.543379	-333315.649613
1254337.716488	527122.944634	281834.664980
1858919.662847	638857.218934	393568.847361
836719.121921	82808.813646	-162479.061936
817170.535329	428143.095868	182855.290087
2015420.390383	230172.475794	-15115.901502
1228212.150102	284071.094016	38782.850446
898992.281906	-26365.660617	-271653.644419
1536359.382901	489090.585154	243802.253196
1952559.677073	531199.058536	285910.666275
1832557.279114	513661.143361	268372.701702
1305280.806604	-58374.443080	-303662.726179
787281.376194	265956.218534	20668.689939
1611487.440950	-101625.076567	-346913.417892
