238.842117	-12.158894	-11.976386
234.829077	-1.000973	-2.934515
226.815792	14.182158	4.250717
224.651646	-12.712893	-6.985025
861.442187	-204.146877	-207.632247
209.082660	8.960514	4.667312
209.568359	30.561420	16.122176
223.936113	21.669462	29.209506
259.280234	-1.728619	-11.583061
223.682312	-10.325729	-6.587542
233.186309	-19.997046	-27.879096
84.012290	100.110851	-35.874466
251.748814	2.090329	-6.130465
266.125349	127.318111	130.075829
239.175888	0.019896	0.322144
222.032028	10.684935	11.683602
213.221806	7.747866	4.132649
245.463936	39.987525	30.599747
190.214029	37.760386	25.864957
-3980.977380	27490.542349	27490.523136
221.104670	-5.878685	-5.636780
234.548075	15.476798	8.614991
230.494825	13.526366	4.559941
222.780410	36.991828	15.131395
194.126187	34.210956	26.614121
181.382628	-92.979768	-98.886531
393.319060	202.035243	195.471103
256.238308	47.393434	45.746199
247.014967	69.836849	53.532965
422.283684	-59.519271	-80.295470
218.670056	-4.329691	-39.783441
232.899960	-12.701822	-8.673008
48.204741	775.469608	772.910159
254.182386	-33.944895	-34.236428
160.284697	-14.822034	12.730057
234.094611	-5.395542	-9.119993
164.969760	2.484886	7.376639
263.887629	-50.013531	-28.142323
191.689589	10.725384	-55.848738
-66.301066	-73.667376	-77.088485
227.448176	-27.975869	-24.115746
255.126029	25.576070	21.307423
240.806535	-25.008965	-21.110615
196.349426	10.716840	6.720561
249.375094	-52.870785	-59.079589
368.785697	13.500347	9.943197
190.835691	-9.664867	-4.131967
238.424329	-15.432298	-16.392100
224.082431	-18.112324	-14.709770
267.517777	4.448381	-15.036893
274.261346	52.554609	17.746410
204.975911	3.999483	4.480610
187.136945	20.648791	18.966381
245.340013	38.470486	32.399220
200.180387	-51.186784	-54.093718
222.480429	-5.312238	-4.398318
186.922714	12.551781	10.339901
117.698832	-54.829134	112.975698
229.376742	-22.420553	-13.449780
273.468175	0.743161	-14.690004
323.911340	111.870625	185.616308
221.738098	-2.780413	-0.353959
201.496433	-25.498640	-20.121710
249.284338	-16.310851	-19.429797
223.581112	-34.331500	-26.641399
242.942555	51.514886	35.448031
252.885779	20.691913	19.344236
108.967139	166.448343	159.967946
288.179026	-86.253732	251.442069
241.459278	-20.648042	-25.925030
193.991052	-42.130762	-18.376861
220.925948	-113.893776	9.716351
383.284010	-788.889358	-691.320342
226.972226	-26.255719	-22.532796
236.980375	50.433342	38.173154
250.156696	32.865069	-0.571259
225.307355	-28.049727	-25.154393
229.620542	17.445657	4.189653
229.813520	102.108697	71.294415
206.401264	59.196704	46.443954
154.553263	-40.357415	-44.158851
258.884051	40.298652	4.553792
417.959361	230.384661	222.857165
237.703939	-34.657544	-28.424638
318.172307	-77.168138	-100.512068
201.156192	8.563211	5.593060
251.002472	-14.191287	-14.055692
244.503619	-22.045912	-18.613971
224.541146	-32.929593	-27.835836
210.617594	9.494404	2.596842
333.963204	-58.963431	-67.618365
265.602643	17.131309	-4.115205
227.173777	-27.825150	-24.066392
253.244842	31.744403	23.193456
530.559573	-139.022053	-142.022476
177.106873	-7.273857	14.686811
181.704914	13.447934	14.010132
252.254098	3.244391	-6.665592
222.543072	-6.208278	-3.398886
219.567228	11.304326	2.124481
624.718209	-118.337784	-123.975575
203.789066	6.693218	7.165196
360.326410	32.509187	24.958425
164.961948	50.157673	29.329991
217.751445	18.525623	11.323646
216.618387	-19.813153	-40.295039
219.113697	-0.334981	1.206714
241.902903	-22.326402	-24.332421
72.689124	633.727783	528.432917
244.856199	55.333224	58.930597
-1497.040310	-654.576142	1317.554288
542.466766	21.028951	13.822626
217.676488	0.366030	2.407486
313.992244	160.529538	150.174890
209.245406	5.707808	3.436791
178.417284	-34.247332	-45.872366
252.729998	-0.123817	-4.781958
208.183510	42.198770	23.977562
238.012195	-5.717045	-4.148602
208.183107	26.522520	12.844428
202.702956	91.586041	79.265923
293.221386	-18.212788	-21.510232
208.673497	-29.236813	-22.569253
197.769194	-36.235134	-20.727235
240.911682	-23.583331	-24.957449
233.631922	-3.663301	-3.444919
230.342799	-30.033119	-26.415749
203.710061	33.182596	16.322745
650.397395	-1982.971810	-1983.258346
251.410694	-31.808840	-33.294273
207.354585	41.221326	17.820265
252.632137	-31.114344	-33.267283
-792.507653	-621.443351	-623.700332
194.097061	15.165894	11.277809
71.726572	212.527858	50.062268
229.817964	-7.904124	2.849503
210.244297	89.255488	82.328875
310.862572	29.044286	29.651930
243.030881	-15.841100	-38.600444
190.472223	36.707806	32.450657
-9021.728000	12684.476148	12684.454868
245.923211	-4.709171	-10.826324
55.699551	-19.372024	-23.753435
237.786105	-14.189576	-16.403172
233.586430	27.885680	20.839759
135.645887	84.524761	80.095483
-1052.242956	95.244268	-485.863515
-1191.794010	-146.110069	-169.553269
222.010635	7.943350	4.350399
251.366520	-14.678992	-17.866000
232.315520	88.500921	71.999050
313.999260	113.711269	149.218007
104.583960	-45.477808	-49.058231
232.320745	-14.563581	-13.268169
218.166332	-7.710586	-3.680429
201.289067	6.851410	7.278822
237.530621	0.293023	0.319594
195.062238	-42.201284	-18.781536
343.978217	65.805148	-85.190638
184.078299	-34.871360	-24.871830
285.959471	48.146660	-14.484919
286.224941	28.525159	21.368267
290.396567	-11.092314	-20.078233
227.509342	76.935434	70.601765
228.605270	-14.219665	-10.019284
243.806814	2.934031	-7.046684
233.957414	1.752714	0.271988
249.369420	-131.348118	-125.480260
234.354923	2.236519	5.875223
477.738415	13.616090	10.539644
263.669938	-27.722106	-26.333062
211.690391	-12.675940	-4.883852
215.145682	11.412525	5.988076
157.575776	-103.234000	-99.343031
968.780567	-1102.846820	-1184.917233
193.931139	7.655887	12.108768
243.838318	24.064457	23.353437
260.225018	27.255422	16.921508
200.335341	62.657697	52.024442
207.422502	-83.553087	-35.580685
232.646006	-2.027552	-3.809262
244.065869	51.665895	35.955879
244.941326	51.199165	31.720738
141.344293	80.961540	75.905490
154.611641	53.656319	45.889217
146.664653	-1.644452	-20.991444
269.150090	-12.920672	-17.027062
35.503125	56.483921	52.325930
220.986886	14.166677	11.511617
270.420184	-14.942189	-16.004499
158.394093	11.157637	9.836524
112.255109	2.183020	7.899213
220.251712	1.084384	2.446390
230.798256	-24.142958	-24.396515
1185.039254	-511.281175	-523.190426
256.476629	71.604924	78.203813
242.853057	-29.053032	-27.116565
263.891993	31.237215	13.881432
226.081391	50.023023	21.978885
167.568684	20.093454	18.666085
249.902513	-0.423676	-4.170830
824.982167	-79.177477	-84.549881
202.926527	-4.156711	-20.434669
177.478362	-14.846131	10.648930
-272.166165	365.883154	50.785995
-317.279317	323.388964	-9.383229
-346.907157	364.163851	-67.129014
-325.651135	344.189032	-20.390407
-320.992181	350.658147	-26.465121
-294.813806	332.052172	-13.711473
-325.161866	339.032024	-32.457299
-325.098407	345.639714	-20.181239
-331.974490	356.842509	-21.474351
-335.483985	351.484308	-16.090147
-331.744166	358.749162	-21.762104
-326.074276	344.805756	-20.223806
-468.260007	282.230010	-151.035788
-323.143365	344.905111	-20.681601
-329.226147	375.856054	-14.294349
-313.449233	305.812737	-53.547304
-299.814896	321.608895	-69.146777
-318.839170	339.158220	-52.255914
-284.418813	329.126886	-14.092878
-336.796122	366.379044	-21.283854
-339.221206	349.945763	-29.528820
-318.971469	318.664773	-47.254610
-325.031695	350.532647	-18.377982
-286.098783	341.613410	-5.583076
-302.117196	321.437493	-16.242578
-326.904434	349.694939	-22.371875
-472.113796	287.859068	-204.677398
-338.296997	377.563355	-18.140726
-330.889152	317.568866	-286.290914
-326.111385	348.816210	-24.292010
-332.564101	357.326106	-20.591133
-181.447518	671.685846	-724.024722
-335.422330	344.323165	-22.180594
-300.928601	347.007925	-18.814067
-334.346056	379.838062	-18.291193
-335.410126	354.020766	-19.324839
-313.635692	319.645833	-67.876033
-335.465250	358.805394	-14.427996
-260.726347	349.117444	13.021747
-313.961056	312.809957	-59.870146
562.197198	1950.846604	940.063193
-275.030458	290.093494	-101.922461
-306.614345	326.482171	-12.853501
-330.654371	354.006915	-12.774982
-334.170062	356.288875	-21.803968
-342.784711	362.810510	-20.755495
-275.036207	505.618596	168.036443
-328.416658	322.954684	-47.014624
-326.227827	348.205627	-17.109099
298.742148	-571.596506	-871.396517
-324.368989	318.821218	-41.534535
-450.270836	472.261313	-13.338281
-326.225726	358.117213	-20.291331
-254.606854	331.117554	-42.139031
-323.832527	312.633530	-76.805648
-332.864404	340.590090	-56.640900
-335.636648	354.194756	-26.234031
-306.092206	307.274946	-25.679628
-334.193628	340.557523	-56.742545
-346.198508	342.486049	38.006919
-298.280630	338.266386	-12.657073
-326.656482	351.666506	-16.136449
-327.559585	350.768470	-18.792661
-334.217534	348.407536	-24.632200
-358.388604	339.833713	-223.016499
-337.100482	342.628172	-30.654910
-327.911082	364.317710	-20.178491
-309.283300	339.449940	-8.137604
-335.038758	353.281448	-16.526782
-331.867817	319.988198	-48.500882
-322.647838	294.107280	-143.221740
-327.265635	347.648783	-23.245397
-321.095590	311.598894	-46.874316
-330.185483	352.432827	-18.704869
-328.500452	321.126503	-49.212447
-330.574068	353.948923	-25.905209
-328.354217	351.808292	-19.711854
-328.765911	320.760368	-49.130167
-59.554712	222.513067	-77.554383
-337.678045	357.886286	-26.466867
-315.239994	342.226671	-21.974949
-330.078131	324.735823	-44.470646
-340.564421	345.427847	-23.500133
-329.323621	336.356844	-14.596782
-330.985357	348.478592	-19.547319
-372.616660	341.444176	-13.450188
-330.196728	352.490091	-20.843919
-311.088843	336.679739	-2.331088
-336.172701	362.441499	-20.440924
-254.974371	319.059779	-60.064302
-327.352323	346.583163	-20.776859
-322.704814	318.663619	-47.240018
-331.078683	345.669643	-21.530570
-581.333228	357.414030	-663.699264
-368.852202	310.655134	-73.482177
-333.232810	343.520285	-18.625615
-329.217047	332.429668	-24.978424
-312.158854	306.817439	-62.125978
-339.763447	360.223425	-15.036315
-277.495879	335.931243	-8.490125
-330.779961	358.101390	-18.050568
-206.706261	591.191025	105.689802
-325.856694	353.843022	-20.568618
-336.871555	354.799645	-20.547133
-329.653481	404.477088	-28.489526
-316.281183	316.929108	-50.881485
-311.211434	336.266743	-18.207956
-328.891231	347.473878	-15.461630
-318.524795	347.470097	-14.758521
-332.148553	343.535050	-23.628609
-323.830979	346.329966	-18.402425
-306.260030	299.062391	-52.587382
-315.441436	333.434691	-18.660387
-324.884972	358.363401	-21.231239
-331.511434	342.007775	-28.813033
-333.080072	360.238946	-21.493025
-330.103004	380.677999	-21.220702
-330.450240	352.895953	-26.956983
-254.856063	249.253526	-83.898449
-323.386975	322.997887	-47.835704
-329.785606	350.117417	-19.618595
-311.191992	311.833571	-55.191152
-328.801086	345.929606	-18.629580
-313.916016	360.441930	-23.083158
-329.962043	321.578252	-47.266807
-338.565049	354.317773	-26.194068
-334.989762	364.737857	-20.840628
-308.765318	303.737126	-56.781610
-347.641069	345.491391	-61.549678
-340.161513	325.773071	-33.651154
-327.288304	342.694650	-20.189718
-336.544401	352.953090	-16.144657
-316.350462	313.639836	-51.081433
-512.107069	600.017353	-1154.592449
-326.818459	330.184718	-48.459391
-317.651090	317.169369	-30.553094
-319.893163	249.400973	-45.256784
-321.147950	377.215546	-48.285641
-317.071882	327.003714	-48.443055
-317.329103	397.616049	-4.232869
-327.152197	352.706724	-20.376368
-321.406711	318.747019	-49.423909
-321.412021	322.661191	-39.521467
-436.745937	220.555245	-126.454567
-346.287383	363.557102	-70.024892
-277.297183	212.811629	-131.765884
-329.188986	352.648873	-19.902064
-325.469761	345.737897	-23.341563
231.448947	163.707768	-15.004318
-328.667008	347.884454	-25.733948
-329.760817	326.264539	-50.266239
-297.775005	344.024201	-45.925964
-294.624912	233.805460	-144.594936
-333.489466	349.511914	-18.897196
-326.175204	354.781133	-23.057712
-341.610904	352.441162	-20.044681
-305.223800	330.808472	-36.406260
-322.531021	339.915886	-31.647004
-321.490039	347.880672	-23.330076
-329.201597	341.673344	-22.672697
-313.704633	312.807168	-53.140290
-331.275683	347.975079	-18.183442
-328.649843	351.213033	-19.460750
-292.433007	329.414041	-32.345032
-321.063942	348.737114	-17.756666
-310.705033	105.866910	37.752504
-336.032830	345.334251	-29.951584
-328.954276	346.543035	-23.439894
1257.379958	1255.476376	-13084.137954
-329.477122	335.613383	-29.638195
-323.911414	326.515392	-10.256130
-417.631673	288.417763	-51.655062
-315.787507	322.874808	-65.173436
-313.710575	307.608204	-53.217699
-326.374447	350.058888	-21.452351
-323.712971	331.911552	-36.915011
-332.827516	348.221831	-23.518510
-331.320360	350.566581	-19.974425
-331.535201	346.107994	-27.509800
-331.973017	354.924005	-22.196674
-308.937162	398.865904	23.593032
-331.953639	362.222994	-18.060696
-336.254245	358.759258	-17.516519
-345.391245	358.614654	-13.345274
-327.234686	357.418062	-18.682178
-312.824295	307.756359	-61.430862
-325.435250	342.654379	-24.894184
-324.107845	335.998936	-36.880044
-324.003142	320.607094	-45.491480
-326.696406	321.651769	14.293106
-305.539626	331.493101	-25.843703
-332.890163	355.642379	-19.590751
-342.430480	351.594330	-19.152527
-284.340228	354.353381	12.035422
-331.487900	347.466453	-26.514788
-295.777367	331.279806	-52.125489
-336.306100	363.526432	-32.774083
-207.162866	395.779165	-129.831372
-323.062889	297.590758	-72.922986
-328.204796	356.441456	-22.638518
-330.760252	356.000704	-18.524899
-310.089198	336.183571	-16.181009
-331.774868	353.687042	-21.303378
-329.677332	354.283758	-24.295503
