-303697.504664	-535266.080285	-535266.122015
-121801.762068	554746.121565	554746.063939
117715.101565	56929.681334	56929.543537
111165.008204	-462641.826690	-462641.921963
177961.166363	-532655.204831	-532655.303813
-203191.910847	287231.048809	287230.987370
431486.622112	-370574.680728	-370574.929553
542214.905401	166676.894852	166676.301611
500847.397198	314495.340574	314494.956906
-134214.778769	595085.471063	595085.416995
123585.533663	-570477.635695	-570477.719511
275443.751948	-17657.126573	-17657.344419
135016.260189	304112.185572	304112.059344
239324.679115	-35286.202519	-35286.396406
605643.167922	-126759.971097	-126760.747735
-534667.559902	-246339.870022	-246339.904906
-482052.781850	322439.738587	322439.701259
313934.968572	130083.075856	130082.833994
103016.282102	-544099.975914	-544100.059646
229341.622583	183415.421661	183415.242013
521431.014476	313911.721710	313911.304254
-257647.263003	554110.858604	554110.812706
616651.142774	27171.649965	27170.706479
-98317.305371	582266.909416	582266.851117
-244429.670742	-258792.031659	-258792.088199
-139617.822855	-329332.050494	-329332.116298
296837.777696	-336445.288923	-336445.466355
513573.051611	7107.587423	7107.040087
-122071.059083	-140572.586197	-140572.662096
-501168.329876	129937.165050	129937.126647
-130317.188488	434434.873078	434434.809488
-346703.115511	484760.854405	484760.812321
171781.557033	135908.699782	135908.543481
-248029.742355	532202.036999	532201.989464
-199151.230005	76796.616308	76796.549803
-113648.720228	360155.766350	360155.696661
31388.565145	515518.269537	515518.189599
-60625.948524	376232.862080	376232.785602
-289570.675387	-458172.778620	-458172.824209
-462789.360826	-108095.501911	-108095.542668
-145896.803220	450349.673098	450349.612156
31146.886503	443593.475624	443593.388996
-175194.568697	190509.487454	190509.419623
-171914.450350	-9966.223256	-9966.293705
-14563.057560	-472923.139261	-472923.212361
70365.444860	614528.561399	614528.485429
-267455.378340	-357752.025251	-357752.076292
502201.184496	35821.399088	35820.877611
568564.345499	-27554.888932	-27555.596054
26739.662256	-528538.656013	-528538.729922
407032.129956	123987.856246	123987.516813
-160766.784436	595570.644758	595570.593065
403182.629437	-462745.883700	-462746.073959
-11449.601702	204139.391390	204139.295872
-24328.585186	-208835.599241	-208835.689823
352640.212177	-384180.958933	-384181.151115
265735.125665	-137336.723272	-137336.923699
172618.999702	538130.587841	538130.484037
580836.905683	31159.302416	31158.530321
-456472.043885	415570.416018	415570.378973
-377774.876301	2905.678675	2905.630930
98739.990220	-591925.058097	-591925.135554
262833.241809	-557294.543390	-557294.656854
-422523.315017	-126016.523508	-126016.566934
28727.502902	35561.895024	35561.784910
-335088.710532	213358.370580	213358.320751
476975.308029	350264.859967	350264.532892
-472500.850302	-380162.144234	-380162.180239
400418.420610	-256810.934646	-256811.207436
270369.391153	-61814.433862	-61814.645531
601284.322942	27437.880837	27437.017157
-33154.252495	-571546.436731	-571546.499518
-286369.762226	-490809.684741	-490809.729335
-488627.773035	-370729.634566	-370729.669882
51585.535212	-230704.244473	-230704.350575
-406033.664268	409113.412021	409113.371766
513442.961823	-92876.313670	-92876.829314
437511.425239	242715.616340	242715.276307
381691.781261	-230281.354697	-230281.620177
-352167.977372	-459448.255368	-459448.296548
414503.344307	383818.639153	383818.390376
502980.479283	312822.472387	312822.082964
-12299.951987	-596893.757591	-596893.820634
8248.499210	107625.819242	107625.715534
-476427.670343	-79665.637868	-79665.677918
43233.933224	-616614.719370	-616614.786993
-440698.510396	26876.536407	26876.493564
445701.210584	326416.214146	326415.907902
466182.192894	314829.929457	314829.592714
-129354.745898	550229.998539	550229.941413
-582040.947305	-85097.271964	-85097.305780
-12142.632384	-608647.921642	-608647.983734
-240763.241612	-480893.404682	-480893.453148
530111.000326	-159286.226334	-159286.741514
476818.668853	-373631.022775	-373631.308601
77507.443463	-166562.639611	-166562.757343
617818.130419	-17345.009652	-17345.940754
22120.286746	417269.118621	417269.031261
-599081.728357	2471.811287	2471.778103
-499587.366690	-113716.013105	-113716.051437
-609644.422918	21604.005879	21603.973222
-475087.947061	20640.781067	20640.740619
-445609.251663	-2356.164960	-2356.207430
-598680.311395	-154436.002037	-154436.034565
267419.071892	-476735.037267	-476735.169218
-248524.481036	-11186.885001	-11186.945525
132966.394231	-442020.569318	-442020.671918
-297334.534511	241592.165073	241592.112327
78836.007383	513901.310552	513901.222440
-76341.214618	-90883.235491	-90883.320543
-543137.080975	-27513.034442	-27513.070607
186561.687046	520363.030208	520362.920410
-399764.647891	423903.209235	423903.168948
-155629.744455	95377.565692	95377.493253
558903.833920	265476.794257	265476.249579
19608.438592	929.518857	929.411164
-317322.405902	-482116.031924	-482116.074672
476443.406764	-81127.451365	-81127.894400
-457541.097477	-138747.890455	-138747.931283
-526613.104710	-214123.510097	-214123.545832
-108683.154088	-512585.350094	-512585.408973
305850.136981	-533726.438006	-533726.568196
-335130.116775	516962.471419	516962.429593
-493729.576173	-262386.197031	-262386.233981
-279442.867545	312769.319816	312769.267153
-189028.927743	-567731.174824	-567731.223333
83548.505050	-494476.121936	-494476.208225
155382.027346	-575776.331637	-575776.420045
487629.258051	320817.003656	320816.643051
4223.381674	469508.347266	469508.267511
68693.795228	-15079.304690	-15079.426068
76494.595776	498267.528799	498267.439397
568458.236646	-243515.721502	-243516.252379
-589055.430088	27740.775610	27740.741901
-278709.778527	377825.730271	377825.679524
-71985.409347	-592222.278944	-592222.336199
388479.048598	-51068.227587	-51068.545772
-121231.886774	591490.079537	591490.024045
393033.419945	-263751.803291	-263752.066729
497762.438656	-325352.615878	-325352.955731
510453.999382	-191340.083786	-191340.536254
484113.735812	33493.681547	33493.201380
-444841.323195	203894.292045	203894.250630
-59522.679190	-615556.195792	-615556.252594
-283132.615372	-288867.451909	-288867.503759
-351374.182009	-491991.565733	-491991.605926
-412024.001639	-33496.654742	-33496.699628
-376891.934185	-441780.679704	-441780.719833
356848.332595	184056.426898	184056.156804
-163546.812652	-529461.929468	-529461.982108
-19697.753131	4392.132233	4392.034079
359437.382242	446396.977990	446396.788904
-399095.784604	420005.150392	420005.109951
613970.995774	2111.049878	2110.129707
-305713.660322	30400.857907	30400.803527
540896.741546	-50771.200561	-50771.807039
-111744.367106	184787.382873	184787.305474
617920.609868	23421.825058	23420.875193
218720.568977	259658.510558	259658.346582
593375.200797	172560.109215	172559.337529
3029.682563	-175407.217246	-175407.315428
-320926.672317	-93363.494366	-93363.546612
274186.901342	-486157.608474	-486157.740389
207556.481247	-164076.287376	-164076.453325
-258041.645111	-508135.888526	-508135.934501
436751.911169	425340.775758	425340.529279
281254.296658	549409.284556	549409.154643
402511.141361	264438.756497	264438.466395
-379403.428022	45092.787556	45092.739963
-227384.088955	-288679.158905	-288679.216256
-331584.679022	506349.638759	506349.596344
569624.605148	240783.626898	240783.022992
-610258.578680	35327.020865	35326.988244
-411813.089008	385062.593294	385062.552848
38295.500112	-222771.630150	-222771.733590
181497.257893	426336.133709	426336.010241
-15172.499804	606759.897609	606759.831997
-310435.980800	46459.411178	46459.357302
374696.684360	-165692.367631	-165692.646409
352676.218258	-381954.382064	-381954.575225
248636.663524	-271088.238133	-271088.406902
-263390.409969	285863.444742	285863.389767
-347049.479184	247525.191595	247525.143415
481875.996452	184424.384395	184423.945373
415528.321939	-444333.044943	-444333.249434
-78807.156123	-578664.321685	-578664.379213
-522584.981169	-139081.252970	-139081.289712
356011.266809	-89027.739152	-89028.016621
-29512.430257	-347865.897174	-347865.977835
261762.086393	131216.145352	131215.941149
-356307.924499	491079.708013	491079.666766
-428170.743641	300693.756499	300693.715408
-409662.491562	-179055.529463	-179055.573183
584496.496212	99409.473347	99408.690111
-352203.131928	403409.279784	403409.235701
594055.918542	-153096.790588	-153097.493641
-554304.982375	-230700.685244	-230700.719283
143678.606889	332741.345572	332741.220124
608543.268237	-56501.266413	-56502.124106
-318627.628247	-90812.745168	-90812.797701
-455011.596207	137942.487688	137942.446323
-441174.537664	-7894.537007	-7894.579794
-179254.190213	288974.636118	288974.571858
50554.611932	423017.252535	423017.160289
793009.978502	349720.650028	102753.029107
1976375.404364	51036.440397	-195931.924920
1912248.691167	96460.074093	-150508.287447
979857.282425	615731.374304	368763.203343
1650772.648430	83094.774358	-163873.564779
1413576.661008	800564.732368	553596.397093
1268096.981513	762149.356337	515181.045674
1193901.957814	792762.007428	545793.705888
825742.163085	463894.780102	216926.925740
1986342.827678	453074.192203	206105.717529
1853957.060915	-2231.095196	-249199.453668
1913283.675028	531965.390667	284997.026181
810760.604282	101263.209886	-145706.210133
1782692.910417	652045.054934	405076.695444
1521502.268724	-360321.700587	-607290.042264
940290.969412	361013.114022	114045.108273
1730709.814857	-94756.842092	-341725.192672
1091332.373335	772085.051810	525116.778609
1787872.580715	327578.163144	80609.810217
1789008.356810	-173752.403345	-420720.760397
1737327.978152	-267656.919149	-514625.275155
910743.424011	35563.641136	-211404.311607
1781280.539415	-194496.979804	-441465.342074
1366000.161887	605396.885721	358428.575155
1016702.550969	526646.423393	279678.263349
1403468.120295	486060.865593	239092.557749
1192159.656203	519697.987483	272729.734756
1145397.152186	280592.242427	33624.046617
1602982.457621	816979.228783	570010.875174
1721102.375300	135480.587623	-111487.758737
1242626.930512	-319869.691728	-566837.987571
1583601.268578	161894.013977	-85074.315987
1049643.152436	-180366.601459	-427334.799242
928295.087092	617609.078880	370640.944850
1231795.292710	449001.932324	202033.675077
1919688.388493	-90289.579302	-337257.943079
1025568.042942	390519.301882	143551.180722
988832.905578	62777.292633	-184190.769474
1732722.996229	-244952.230716	-491920.590144
1525469.027845	-306206.682702	-553175.021964
1397054.190936	849356.362028	602388.023986
1519065.673283	852118.542728	605150.193326
920540.246581	-129283.738860	-376251.896018
848359.794987	209370.159846	-37597.570707
981473.444415	-84751.761829	-331719.870696
1935250.448283	437974.353049	191005.987878
876381.578319	310975.281895	64007.427790
1753349.010968	27021.913546	-219946.436982
1892796.865643	228165.832070	-18802.527971
1910037.740548	439037.775928	192069.403879
1928698.722020	572246.815035	325278.448283
1697437.266304	-133885.449413	-380853.798913
1008416.913945	-1864.234556	-248832.338642
1458495.698247	861544.877171	614576.531283
1150193.678221	540418.093976	293449.853069
797482.942381	124811.113389	-122166.859999
1460222.102326	-42048.255767	-289016.570556
1657686.088063	-277488.287370	-524456.638157
893080.615833	579781.426380	332813.352024
1938459.415379	-34256.871592	-281225.236166
1865867.198323	-139905.522466	-386873.884423
1775859.492704	-216935.366526	-463903.729832
1631534.380087	5692.275507	-241276.063057
799456.342886	242152.823597	-4814.711739
1129762.139437	298772.075339	51803.882627
1855916.987771	663661.200737	416692.836106
1210042.449319	-329020.551329	-575988.844412
1796315.160637	192813.828953	-54154.524201
1036179.031846	-33558.897789	-280527.038896
971844.743704	676647.243784	429679.049771
1826139.344027	507626.952142	260658.592883
1809605.509557	330677.319584	83708.951728
923554.754436	-37315.553414	-284283.567946
1486840.892336	-98711.627191	-345679.949613
1629842.985317	792992.522250	546024.165988
1889322.612615	333748.579704	86780.218763
933273.835186	283910.529915	36942.564817
1649357.221658	-237730.999084	-484699.348415
1619607.718499	560646.205317	313677.862104
1398660.123419	-38498.876189	-285467.179214
1428729.711442	-355758.623813	-602726.955046
1521815.914740	-132557.070653	-379525.400549
1101372.185345	-2354.599235	-249322.781562
1784990.453074	547108.218674	300139.861181
1070631.600608	271074.574931	24106.435067
1071984.179833	-49792.977345	-296761.152212
1529633.470802	-37701.854110	-284670.181008
1765491.247342	-106841.450648	-353809.807679
931364.587602	-101075.761534	-348043.827870
1983377.968657	37492.515750	-209475.867104
1739853.710698	473262.626313	226294.274389
1482343.567874	-292094.159314	-539062.494069
1449293.016842	841549.277420	594580.927888
835527.065826	264793.306340	17825.601322
1865123.282116	241688.383479	-5279.978820
903903.583761	359435.066457	112467.120998
883023.694212	9473.528057	-237494.386334
879557.451138	252512.485618	5544.648164
2018515.973880	250546.919175	3578.551748
1962062.388128	406790.172342	159821.804879
1615159.907708	733927.862828	486959.511900
1971244.647875	338588.525250	91620.159292
965005.623404	-43040.359561	-290008.435313
1085653.910250	55705.470251	-191262.690251
1790392.919072	-81379.649183	-328348.007158
1349001.491744	-239845.304164	-486813.612659
1957643.708486	520450.194277	273481.825553
1334678.760463	21983.577467	-224984.705446
1903299.746652	122131.538993	-124836.824843
1787506.878525	712348.735139	465380.373059
1530292.264064	843224.362073	596255.982157
1730570.728462	307549.981382	60581.632695
1645163.540823	526090.127384	279121.781872
1770852.269021	-31023.798491	-277992.152474
1821564.138898	166336.012007	-80632.345073
1178460.768696	416430.747435	169462.516582
1005414.979374	706777.880601	459809.656622
1738937.090884	394206.925197	147238.574825
2003594.956292	147544.007519	-99424.359387
1679010.857408	-249560.425166	-496528.783116
1611713.442017	-203908.676865	-450877.021208
1554410.072229	842979.164500	596010.799151
1985306.617837	454626.710470	207656.307793
1760897.785517	-254841.063206	-501809.432200
1920562.451811	326030.106157	79061.738419
1429414.527217	166288.250163	-80680.052315
1346514.038374	-151714.032219	-398682.331864
1570576.588322	73214.675647	-173753.654011
1737722.401948	154594.539981	-92373.813112
1716613.878543	-25551.270075	-272519.619863
1035039.683313	-111811.973638	-358780.139460
1796103.641171	-219234.122167	-466202.502055
1051580.359370	649293.694232	402325.469214
1483661.890932	-313381.600770	-560349.943175
1616212.232080	63824.226621	-183144.112314
931753.473568	637235.270748	390267.115499
1771886.637668	-205130.994169	-452099.411723
1212033.323681	-147787.746791	-394756.008655
1486967.117197	-355004.674579	-601973.017607
927397.146992	-94725.803653	-341693.999495
769771.361708	125879.974338	-145853.642062
973511.469740	-189987.344936	-440836.601465
1294726.871154	507112.724599	260144.439922
823723.363071	341374.945773	94407.216079
1723761.059097	-280097.400809	-527065.773191
1254576.564741	10021.714644	-236946.543268
1628290.530109	641315.226730	394346.878960
896110.679414	240132.115195	-6835.770414
1220621.818184	642763.072946	395794.790048
1541164.570575	-355858.907122	-602827.268552
788338.293204	140060.491001	-128187.978731
1990287.396038	344533.382534	97564.999491
883831.851916	269964.636872	22996.770232
1900136.707854	606721.648909	359753.282312
1177312.522037	810022.758713	563054.451862
1380455.627390	291766.446554	44798.154405
1867630.749809	152536.573512	-94431.787658
1976662.566720	179020.220432	-67948.146303
1321682.102248	-365434.668599	-612402.985589
923145.204072	-129310.180334	-376280.127737
1548416.935195	108987.710078	-137980.616734
1614563.401111	269227.863461	22259.528629
1368890.313341	262399.615241	15431.325132
1593364.718122	-22596.699092	-269565.035421
1475380.569795	802967.576651	555999.232134
863979.925672	-36788.108092	-283756.018137
1749256.526985	672857.033291	425888.672836
1128830.670370	-6954.869690	-253923.077003
805709.538525	272132.409709	25164.812692
1705003.979897	654858.213691	407889.857386
1382082.712585	475554.987173	228586.676141
795665.674446	362450.665642	115482.992546
1454566.193439	-88377.800029	-335346.120747
798154.815730	317873.816530	70906.206417
1901621.875803	264402.487262	17434.123285
1290478.664653	851947.835797	604979.510065
974342.773215	-187746.750845	-458434.552294
1038999.452283	-190782.376071	-437750.597699
1954116.483905	470259.040034	223290.666631
2008413.022264	200125.053764	-46843.315804
1221074.325357	-276442.889550	-523411.174984
1639133.209599	68832.654120	-178135.706818
864407.178005	13425.096970	-233542.792174
1343594.257022	560623.810162	313655.507440
1848251.159895	670151.502518	423183.057489
1763078.794979	-220616.948376	-467585.378751
1221822.477434	426343.793458	179375.537398
1746429.160554	365222.377515	118254.024209
1790997.348591	133086.969391	-113881.386108
1409062.614492	-301523.755899	-548492.081436
951446.174130	-86347.698220	-333315.797149
1252657.719680	528802.865726	281834.588759
1857239.552055	640537.371388	393569.000488
835038.894548	84488.993576	-162478.871501
815490.576278	429823.053865	182855.261936
2013740.263778	231852.602852	-15115.773868
1226532.075045	285751.092478	38782.852479
897312.401085	-24685.719329	-271653.692793
1534679.378150	490770.577896	243802.247440
1950879.609199	532878.589528	285910.197636
1830876.639662	515340.109297	268371.667378
1303600.823570	-56694.414262	-303662.694661
785602.136149	267636.245024	20668.737449
1609807.436046	-99945.051722	-346913.391714
