-0.032485	0.017532	0.017528
0.000112	-0.000652	-0.000658
0.001344	0.000017	0.000014
0.001080	0.000362	0.000358
-0.000102	0.000376	0.000372
-0.007536	0.000757	0.000737
0.000186	0.000893	0.000889
0.000621	-0.000079	-0.000081
-0.000837	0.001759	0.001756
0.000336	-0.000800	-0.000803
0.000866	-0.000183	-0.000186
0.000942	0.001571	0.001561
-0.005691	-0.001617	-0.001621
0.013680	0.009491	0.009489
0.000612	0.000559	0.000554
0.001215	0.000623	0.000619
-0.000815	-0.001588	-0.001590
-0.004030	0.002052	0.002023
-0.001760	0.000703	0.000690
-0.008593	0.000668	0.000664
-0.000171	-0.000119	-0.000125
0.044432	0.040331	0.040327
0.000608	0.001395	0.001389
-0.000323	0.000563	0.000559
-0.000884	0.001543	0.001539
0.025412	-0.005871	-0.005873
0.000456	0.000567	0.000564
-0.001365	0.002637	0.002609
-0.016380	-0.001667	-0.001670
-0.000803	-0.000463	-0.000474
-0.000027	-0.006936	-0.006942
-0.091730	-0.032714	-0.032739
-0.000271	-0.001138	-0.001140
-0.008136	0.000403	0.000386
0.000639	-0.001312	-0.001334
-0.002907	-0.001725	-0.001728
0.000257	-0.000280	-0.000285
0.000264	0.001259	0.001257
0.000543	-0.000156	-0.000168
-0.000101	0.000041	0.000034
-0.002479	-0.001588	-0.001593
0.000250	-0.000564	-0.000568
0.000689	0.000736	0.000734
0.002843	-0.000077	-0.000081
-0.061458	-0.003876	-0.003878
0.000376	-0.000084	-0.000094
0.002362	-0.000343	-0.000347
-0.000271	-0.000160	-0.000167
-0.007151	0.005740	0.005733
0.001879	-0.001113	-0.001131
-0.000516	-0.000372	-0.000402
-0.004310	-0.006043	-0.006054
-0.009961	-0.006847	-0.006854
-0.000309	-0.000768	-0.000783
0.005874	-0.000334	-0.000336
-0.000510	0.000005	0.000002
0.011552	0.001494	0.001492
-0.000407	0.000035	0.000030
-0.000595	-0.000616	-0.000618
0.002429	0.000110	0.000097
-0.001653	-0.000875	-0.000878
-0.005687	0.005340	0.005318
-0.000138	0.001067	0.001062
0.001627	0.000337	0.000335
-0.001369	0.000198	0.000193
-0.001126	0.000570	0.000567
0.001049	0.001006	0.001003
0.000121	-0.000634	-0.000645
0.003231	-0.001142	-0.001145
-0.000289	-0.001102	-0.001106
-0.000908	-0.001087	-0.001102
-0.008913	0.004076	0.004073
0.000233	-0.000347	-0.000361
0.001617	0.000080	0.000074
0.001819	0.000593	0.000585
-0.001959	-0.003040	-0.003042
-0.000518	0.000339	0.000329
-0.000974	0.000368	0.000363
0.000374	0.000110	0.000102
0.000765	0.000116	0.000114
0.012507	-0.000931	-0.000934
-0.001044	-0.000441	-0.000445
0.000272	0.001070	0.001067
0.000621	0.001207	0.001202
-0.000782	-0.000911	-0.000915
-0.001009	0.001200	0.001194
-0.001828	0.002097	0.002093
0.000861	-0.000653	-0.000656
-0.002106	-0.002277	-0.002281
-0.000800	0.000021	0.000014
-0.014612	0.005360	0.005357
0.001641	0.000484	0.000469
-0.000081	0.002197	0.002195
0.000130	-0.000531	-0.000538
0.002640	0.000633	0.000631
-0.000852	-0.001887	-0.001893
-0.001027	-0.000693	-0.000718
0.002541	-0.000187	-0.000189
0.000113	0.000178	0.000172
0.002286	-0.000753	-0.000755
0.003952	-0.003053	-0.003056
-0.004210	-0.001697	-0.001699
-0.018663	0.007567	0.007564
-0.000176	-0.000532	-0.000551
0.006854	-0.001964	-0.001984
-0.000779	-0.000625	-0.000627
0.005975	0.000201	0.000200
0.001697	-0.000146	-0.000148
-0.000007	-0.000675	-0.000677
0.007090	0.002411	0.002396
-0.000519	-0.001219	-0.001248
0.006241	-0.001906	-0.001924
-0.003076	0.000026	0.000005
0.001483	-0.002134	-0.002137
0.002362	0.000571	0.000565
-0.001312	-0.001689	-0.001699
-0.013261	-0.017869	-0.017893
0.005886	0.005079	0.005074
-0.003397	0.001858	0.001855
-0.000234	0.001877	0.001875
-0.004240	-0.000518	-0.000526
-0.000847	0.000741	0.000738
0.003448	0.001583	0.001581
0.000055	-0.000229	-0.000240
-0.000349	-0.008654	-0.008659
0.004530	0.002851	0.002829
0.001166	0.001754	0.001751
-0.002354	0.001676	0.001671
0.089180	0.031622	0.031598
-0.037849	-0.038044	-0.038048
0.000366	0.000385	0.000377
0.001145	0.000943	0.000940
0.004378	0.013498	0.013471
0.001154	-0.002520	-0.002522
-0.000517	-0.000849	-0.000852
0.000269	0.000901	0.000894
-0.000348	-0.000050	-0.000054
0.001287	0.001158	0.001156
0.008106	0.004313	0.004307
0.000697	0.001861	0.001859
-0.000118	-0.000328	-0.000334
0.001293	0.000096	0.000090
0.002334	0.004822	0.004819
-0.000017	-0.000468	-0.000479
0.004380	-0.000073	-0.000075
-0.000067	0.000880	0.000871
0.001381	0.000188	0.000185
0.012481	0.003968	0.003966
0.020199	0.011631	0.011607
-0.036791	-0.008861	-0.008864
0.000405	0.000313	0.000310
-0.000661	-0.000331	-0.000360
0.000689	0.000841	0.000818
-0.000230	-0.000850	-0.000853
-0.003537	-0.004296	-0.004325
-0.001948	0.000111	0.000107
-0.000000	0.000058	0.000055
0.006169	-0.000725	-0.000731
0.003576	-0.000793	-0.000795
0.004598	-0.002725	-0.002727
0.006438	0.001567	0.001551
0.006993	-0.000815	-0.000816
-0.003301	0.002082	0.002079
-0.003926	-0.006227	-0.006230
-0.000252	0.000304	0.000300
-0.001078	-0.000961	-0.000966
0.001333	-0.001356	-0.001383
-0.000606	0.001296	0.001288
-0.001288	0.001454	0.001447
0.004673	-0.011602	-0.011605
0.000710	-0.000501	-0.000504
-0.013724	0.008861	0.008859
0.000699	0.000300	0.000296
0.048552	0.007037	0.007034
0.006295	-0.005130	-0.005133
0.001066	-0.000365	-0.000385
-0.000238	0.000038	0.000025
0.000798	0.001244	0.001239
0.000395	-0.000613	-0.000619
0.001197	0.000243	0.000240
0.004394	0.005567	0.005557
-0.005430	0.003701	0.003684
0.000054	0.000214	0.000211
-0.015984	-0.003943	-0.003945
-0.001318	0.002153	0.002143
-0.001666	-0.000433	-0.000437
0.003502	0.003709	0.003705
0.000121	-0.000351	-0.000360
-0.000123	0.000590	0.000585
0.004184	-0.000450	-0.000452
-0.019960	-0.010474	-0.010501
0.001077	-0.000222	-0.000225
0.031232	-0.018053	-0.018056
0.013309	0.000633	0.000630
-0.000068	0.000112	0.000109
-0.000434	-0.000246	-0.000248
0.065105	0.004216	0.004214
0.000960	0.001303	0.001301
0.000461	0.000518	0.000516
-0.000387	-0.000233	-0.000237
-0.002030	-0.007192	-0.007196
0.000659	-0.000721	-0.000724
-0.000361	0.000339	0.000333
0.001986	-0.004065	-0.004068
-84.000024	83.999376	-0.000621
-83.999181	83.999962	-0.000037
-84.002038	83.998804	-0.001198
-83.999567	83.998357	-0.001638
-83.995616	84.001345	0.001356
-84.001508	84.001787	0.001789
-83.992493	84.005408	0.005411
-84.002380	84.001358	0.001361
-83.982775	83.990095	-0.009947
-83.997751	84.001333	0.001341
-83.997389	84.001908	0.001911
-83.996899	84.001404	0.001400
-84.002088	84.002548	0.002568
-84.002631	84.003005	0.003012
-84.000817	83.999955	-0.000042
-83.998585	83.996675	-0.003322
-83.997795	84.001292	0.001295
-84.000113	83.999169	-0.000829
-83.998972	83.999854	-0.000140
-83.997553	84.000069	0.000047
-83.999072	84.000513	0.000526
-83.990434	84.005145	0.005172
-83.999213	83.998839	-0.001156
-84.001436	83.999008	-0.000990
-84.008989	84.001831	0.001835
-84.001309	83.999990	-0.000009
-84.000711	84.002009	0.002011
-83.995914	83.995523	-0.004468
-84.002227	84.001291	0.001295
-84.003185	83.997237	-0.002761
-84.000861	84.001486	0.001490
-83.997777	83.999449	-0.000547
-84.001456	83.998967	-0.001029
-83.999165	83.999616	-0.000355
-84.013101	84.011545	0.011547
-83.999703	84.000122	0.000125
-83.997794	84.001162	0.001189
-84.002086	84.001225	0.001230
-84.003698	83.999994	0.000001
-84.002284	83.997942	-0.002056
-83.999331	84.000662	0.000665
-84.000280	83.999960	-0.000036
-83.998835	83.999423	-0.000574
-84.108168	84.104697	0.104696
-84.009620	83.998171	-0.001825
-83.999735	84.004119	0.004122
-83.964787	84.043859	0.043884
-84.001193	84.000574	0.000577
-84.004264	83.998274	-0.001719
-83.988909	83.995696	-0.004306
-83.999878	84.000814	0.000819
-84.006308	83.996974	-0.003028
-83.998799	84.001708	0.001710
-83.999930	84.000571	0.000578
-83.997791	83.999798	-0.000193
-84.000133	83.999866	-0.000130
-84.000420	84.000583	0.000587
-83.998050	84.000652	0.000664
-83.998232	83.997035	-0.002964
-84.001615	84.003397	0.003402
-84.000413	83.999504	-0.000486
-83.997370	83.999322	-0.000677
-83.999552	83.998584	-0.001411
-84.001464	83.998792	-0.001203
-83.998032	84.001175	0.000724
-83.997439	83.998836	-0.001136
-84.001300	83.999661	-0.000337
-84.000537	83.999740	-0.000256
-84.000269	83.999273	-0.000723
-84.000186	84.001261	0.001284
-84.000329	84.000060	0.000061
-102.641203	102.419394	-1.104775
-83.992913	83.996396	-0.003577
-83.999869	83.999611	-0.000386
-83.999563	84.000101	0.000106
-84.001160	84.000473	0.000479
-83.999571	83.999981	-0.000013
-84.000230	83.999093	-0.000886
-84.004989	84.000106	0.000101
-84.006061	83.999947	-0.000069
-84.001984	83.999905	-0.000080
-83.998295	84.000837	0.000847
-84.004619	83.995432	-0.004545
-84.007247	83.998052	-0.001951
-84.001888	84.000958	0.000959
-83.998558	84.002904	0.002911
-84.319895	83.953552	-0.046458
-103.596769	93.643424	-53.788353
-84.000929	83.999913	-0.000083
-84.028954	84.010658	0.010668
-84.002174	83.999623	-0.000373
-84.000961	84.000308	0.000310
-84.000236	83.999978	-0.000012
-83.999563	83.999931	-0.000074
-84.005179	83.940673	-0.059410
-83.986823	83.999570	-0.013286
-83.998811	84.002606	0.002622
-84.003794	84.003157	0.003157
-84.000565	83.999469	-0.000511
-83.999309	83.998562	-0.001433
-83.998575	83.999177	-0.000821
-84.001817	83.998134	-0.001861
-83.999176	83.997604	-0.002405
-84.003040	83.995474	-0.004513
-84.001418	84.000099	0.000100
-83.999409	83.998181	-0.001788
-84.002920	83.997780	-0.002219
-83.996553	83.999487	-0.000507
-83.999619	83.999735	-0.000253
-84.002040	83.999570	-0.000426
-83.999652	83.995524	-0.004452
-84.015212	84.002290	0.002221
-84.001519	83.999124	-0.000874
-84.002360	83.996934	-0.003065
-84.002434	83.998356	-0.001718
-84.003634	83.996155	-0.003828
-84.003938	83.998093	-0.001899
-83.998798	84.000493	0.000523
-84.004136	84.000215	0.000222
-83.990639	84.002286	0.002284
-83.999216	84.001231	0.001232
-84.000854	83.999362	-0.000632
-83.999773	83.999766	-0.000222
-83.997599	84.004104	0.004119
-84.005141	83.998040	-0.001951
-83.999291	84.001033	0.001048
-84.001318	83.999569	-0.000432
-84.000774	84.000756	0.000771
-83.999157	83.999841	-0.000188
-83.996338	83.998866	-0.001128
-84.001059	84.001292	0.001294
-84.007801	84.014986	0.014720
-83.997897	84.001899	0.001897
-83.997353	84.000729	0.000734
-84.004739	83.999474	-0.000523
-83.997068	83.989165	-0.010833
-84.000420	83.999598	-0.000400
-83.999226	84.000183	0.000192
-83.999045	83.999361	-0.000617
-83.999942	84.001046	0.001049
-83.999751	83.999669	-0.000321
-83.992914	83.998610	-0.001388
-83.994183	84.003019	0.003026
-83.998606	84.000302	0.000319
-84.004476	83.998933	-0.001067
-84.000119	83.998828	-0.001169
-83.996697	83.999192	-0.000799
-83.999639	84.000535	0.000545
-84.001088	83.998833	-0.001166
-83.998103	84.001518	0.001521
-83.995711	84.000936	0.000938
-83.999807	84.000017	0.000018
-84.000845	84.000302	0.000307
-84.000246	84.000415	0.000417
-83.998415	84.000770	0.000774
-83.997991	83.998736	-0.001262
-84.000152	83.998419	-0.001576
-83.681455	84.046552	0.045645
-83.998927	83.999191	-0.000805
-84.001224	84.000243	0.000245
-83.998211	83.999094	-0.000893
-84.000350	84.000431	0.000441
-84.000295	83.997202	-0.002797
-84.000894	83.999255	-0.000774
-84.000168	83.999678	-0.000318
-84.003636	84.000064	0.000064
-84.000050	84.000511	0.000511
-83.998179	83.998472	-0.001521
-84.000049	83.999113	-0.000878
-83.999661	83.998710	-0.001316
-83.999255	84.000015	0.000022
-84.000581	84.001553	0.001558
-84.001614	84.001890	0.001892
-84.003499	84.000528	0.000532
-84.001915	83.997938	-0.002055
-84.008434	84.010333	0.010324
-84.001575	84.000072	0.000074
-84.003689	83.998368	-0.001632
-83.997193	83.984444	-0.015734
-83.999001	84.000443	0.000449
-84.001561	84.000967	0.000984
-84.000239	83.999482	-0.000516
-83.998676	84.001336	0.001342
-83.997789	83.999932	-0.000081
-84.000210	84.000702	0.000706
-83.991950	83.992086	-0.007925
-84.000651	84.000112	0.000117
-84.001677	84.000202	0.000204
-84.000267	83.999326	-0.000665
-84.003244	84.004567	0.004572
-83.995678	84.002414	0.002435
-84.001244	83.997498	-0.002482
-84.000468	84.004512	0.004515
-83.998930	84.007177	0.007171
-83.999886	83.999749	-0.000234
-84.002838	83.995312	-0.004683
-83.899479	83.896874	-0.103503
-83.996455	84.006965	0.006966
-83.999914	84.007990	0.008011
-83.999724	83.999798	-0.000200
-83.998093	83.996257	-0.003736
-84.000177	84.000583	0.000590
-84.005563	84.003738	0.003756
-83.997775	84.001789	0.001794
