0.006699	0.010081	0.010033
-0.087717	-0.047018	-0.047087
-0.000777	-0.000779	-0.000949
0.003221	0.001521	0.001410
-0.004958	0.000166	0.000053
0.016271	0.001108	0.001034
0.001017	0.001584	0.001289
0.000881	0.000512	-0.000295
0.432006	-0.348448	-0.348964
0.048648	-0.026164	-0.026229
0.001004	0.002679	0.002584
-0.002810	-0.004819	-0.005091
0.002518	0.003734	0.003577
0.010106	-0.000327	-0.000568
-0.006928	-0.001380	-0.002373
0.001317	0.011940	0.011900
0.009505	-0.000846	-0.000890
-0.001579	0.000824	0.000515
0.002647	-0.002381	-0.002477
0.002310	-0.002310	-0.002537
-0.080392	-0.002290	-0.002854
0.006354	-0.011999	-0.012054
0.011586	-0.236553	-0.237810
-0.026951	-0.000447	-0.000518
0.001330	-0.004836	-0.004902
0.000162	0.001220	0.001143
0.003114	0.000641	0.000430
0.003842	0.005852	0.005136
0.002654	0.001495	0.001405
0.010173	-0.001276	-0.001321
-0.006757	0.007506	0.007429
-0.041085	0.038529	0.038479
0.003404	-0.000294	-0.000489
-0.001871	0.004076	0.004019
0.003555	0.000356	0.000276
0.002964	0.000813	0.000728
0.007429	-0.006250	-0.006348
-0.001971	0.000028	-0.000066
-0.002387	-0.009310	-0.009363
-0.003460	-0.001871	-0.001919
0.010821	-0.010382	-0.010456
0.000527	-0.007549	-0.007656
0.002958	-0.000174	-0.000256
-0.001622	0.000755	0.000671
0.002592	-0.001618	-0.001703
-0.002481	-0.004972	-0.005065
0.002142	0.001544	0.001485
-0.026324	-0.010506	-0.011190
0.003017	0.002250	0.001324
0.002385	0.000122	0.000037
0.000645	0.000471	0.000029
0.030151	-0.008767	-0.008830
0.002691	0.012947	0.012726
-0.000456	-0.001065	-0.001182
0.007252	0.002848	0.002741
0.009344	0.497452	0.497225
0.000942	0.001081	0.000836
0.003852	-0.012569	-0.012698
0.040185	-0.012357	-0.013383
0.020212	-0.003057	-0.003101
-0.005609	0.000671	0.000614
0.002706	0.010504	0.010415
-0.001582	0.006454	0.006324
-0.011730	0.001691	0.001640
-0.000280	-0.004721	-0.004855
0.004041	0.005268	0.005209
-0.001045	-0.018303	-0.018738
-0.015959	0.013732	0.013691
-0.049519	-0.037968	-0.038299
0.000400	0.004129	0.003866
0.058255	-0.012946	-0.014096
-0.001858	-0.007020	-0.007092
-0.000520	0.004735	0.004684
0.025691	-0.010429	-0.010470
-0.030864	0.021069	0.020942
0.028165	0.035974	0.035926
-0.003149	0.005639	0.004980
-0.000791	0.002677	0.002227
0.004655	-0.005093	-0.005416
0.006784	-0.001063	-0.001110
0.004034	-0.003911	-0.004235
-0.465695	0.381680	0.381157
-0.006362	-0.022797	-0.022869
0.001100	-0.001484	-0.001610
0.004884	-0.006007	-0.006054
-0.005063	0.008790	0.008713
-0.002719	-0.012123	-0.012173
0.031053	-0.009913	-0.010318
0.029642	0.012696	0.012248
0.092143	0.058048	0.057979
0.010524	0.000606	0.000567
-0.004730	0.037851	0.037780
-0.010919	-0.003585	-0.003641
0.000390	0.001201	0.000553
-0.008895	0.004012	0.003674
-0.001891	-0.001030	-0.001171
-0.013046	0.015404	0.014174
0.013881	0.008921	0.008813
0.005872	0.016562	0.016523
0.014136	-0.000186	-0.000231
0.034495	0.017794	0.017756
0.019861	-0.006151	-0.006199
0.073038	-0.081302	-0.081352
0.010429	0.001991	0.001953
0.022887	-0.032581	-0.032734
-0.000895	0.001527	0.001455
-0.005541	-0.006253	-0.006373
-0.002887	0.000629	0.000566
-0.008569	-0.020284	-0.020393
0.000719	0.000029	-0.000073
0.006101	0.001454	0.001412
-0.009830	0.005802	0.005665
0.037886	-0.248776	-0.248824
-0.003053	-0.001974	-0.002061
-0.004445	-0.004817	-0.005567
-0.001900	0.003218	0.003088
0.008759	0.001320	0.001271
0.009301	0.000723	0.000159
0.003668	0.010244	0.010196
-0.002043	-0.005072	-0.005114
-0.000040	-0.001328	-0.001396
-0.007246	0.003830	0.003680
0.012586	-0.045072	-0.045122
-0.003058	0.006202	0.006160
0.005511	-0.005696	-0.005760
0.005168	0.006494	0.006439
0.002108	0.000493	0.000393
-0.016425	0.007907	0.007806
0.045224	-0.038425	-0.038908
0.006911	-0.004662	-0.004760
-0.004101	0.003070	0.002922
-0.003455	0.014439	0.014328
-0.003270	0.003911	0.003256
-0.034408	-0.007840	-0.007880
-0.000590	-0.001361	-0.001422
0.005537	0.018527	0.018462
0.001224	-0.001340	-0.001742
-0.047839	0.001068	0.001001
0.045700	0.048707	0.048388
-0.004394	0.000961	0.000553
0.001714	0.005661	0.005098
0.042838	0.000433	-0.000194
0.005647	-0.001367	-0.001416
0.007408	0.017150	0.017086
0.008051	0.002080	0.002020
0.018539	0.009558	0.009512
-0.003741	0.006944	0.006891
0.014671	-0.005742	-0.005788
0.001659	-0.001539	-0.001889
0.002881	0.001137	0.001077
0.011245	0.000612	0.000493
0.001238	-0.003986	-0.004229
-0.052484	0.194497	0.194449
-0.007403	0.010540	0.009320
-0.006560	0.013404	0.013340
0.005560	0.005166	0.004379
-0.001770	-0.000244	-0.000337
-0.126057	0.226178	0.224914
0.000666	-0.001285	-0.001492
-0.007321	-0.001152	-0.002220
0.002109	-0.002851	-0.002968
0.253127	0.284903	0.284841
-0.025140	0.033839	0.033686
0.003136	0.001998	0.001797
-0.005880	0.010910	0.010857
-0.002671	-0.006261	-0.006583
-0.003231	-0.003626	-0.003790
0.008610	-0.002142	-0.002523
0.001154	-0.006247	-0.006303
-0.003948	0.003712	0.003645
-0.019343	0.019600	0.019549
-0.007152	0.004800	0.003965
0.028845	-0.034274	-0.034312
0.008975	0.012934	0.012886
0.028185	-0.014149	-0.014272
-0.002388	-0.001093	-0.001247
-0.001969	-0.005285	-0.005365
0.002292	-0.017617	-0.017681
0.001166	0.001149	0.000806
-0.006738	-0.493043	-0.493271
0.002523	0.001157	0.000955
0.001344	0.002498	0.002432
0.009213	-0.003090	-0.003148
0.002163	-0.000249	-0.000836
-0.009351	-0.004579	-0.004817
0.021191	-0.017499	-0.017565
0.012071	0.006422	0.006380
0.002142	0.002509	0.002163
0.000270	0.000985	0.000891
0.004526	0.000794	0.000536
0.065386	-0.028287	-0.028336
0.003922	0.000647	0.000598
-0.001731	0.005142	0.005091
-0.001762	-0.003097	-0.004156
-0.009014	0.001284	0.001231
-0.003686	0.008126	0.007235
0.022640	-0.000732	-0.000771
-0.001238	-0.005357	-0.005514
-0.007647	0.008056	0.006936
-0.256976	-0.281155	-0.281217
-0.000447	-0.002159	-0.002208
-0.063417	0.088357	0.088306
-0.022239	-0.001851	-0.001928
-0.019522	0.003893	0.003779
-83.979759	84.013900	0.014884
-83.997682	83.983129	-0.016830
-84.006241	84.007467	0.007512
-84.006086	84.000446	0.000715
-84.017276	83.983486	-0.016442
-83.995024	84.002320	0.002394
-84.001178	83.999215	-0.000683
-84.006149	84.004959	0.005071
-83.999954	83.992911	-0.006417
-84.416204	84.597108	0.596855
-84.005331	84.000152	0.000201
-83.991782	83.997638	-0.002321
-84.039100	84.043398	0.041293
-84.001927	84.001311	0.001358
-83.986013	84.014804	0.014874
-84.012249	83.995765	-0.003746
-83.993859	83.997782	-0.002159
-83.997848	83.997209	-0.002646
-83.978695	84.003333	0.003388
-84.012019	83.984944	-0.015004
-84.011200	84.009523	0.009576
-84.005204	83.993448	-0.005967
-84.025607	83.969085	-0.030867
-84.002277	83.995977	-0.003919
-83.999822	83.998908	-0.000806
-84.016798	83.992708	-0.007183
-83.999572	83.999692	-0.000134
-84.009081	84.007732	0.007982
-84.004037	83.995709	-0.004238
-83.992378	84.006126	0.006189
-84.007557	84.001973	0.002101
-83.999197	83.996872	-0.003044
-84.026464	83.983735	-0.016052
-83.992725	84.007366	0.007678
-84.005114	83.992770	-0.007060
-84.007888	84.001953	0.001996
-84.002637	83.997382	-0.002277
-84.002675	83.996381	-0.003185
-83.988077	83.995924	-0.004026
-84.011987	83.999898	-0.000029
-83.991465	83.995092	-0.004837
-83.971205	83.971326	-0.028617
-83.124974	84.004407	0.004599
-84.000064	84.006800	0.007654
-84.020656	84.001585	0.001958
-84.012199	84.002952	0.002993
-84.004549	83.994803	-0.004508
-84.003757	83.998687	-0.001254
-84.010443	84.005818	0.005865
-83.977903	83.999960	-0.000004
-84.006761	83.994036	-0.005926
-83.997438	84.001970	0.002031
-84.001620	83.995281	-0.004337
-84.001679	83.984462	-0.015476
-83.995427	83.996144	-0.003668
-83.995966	83.971617	-0.052920
-83.999504	83.997847	-0.002050
-83.993275	84.011258	0.011318
-83.995282	84.000474	0.000860
-84.007337	84.001242	0.001284
-84.009453	84.001472	0.001518
-84.046936	84.015343	0.015390
-84.002519	84.000282	0.000355
-83.990951	84.011959	0.013069
-83.996147	83.990916	-0.008826
-84.058342	84.032662	0.032703
-83.988924	84.006891	0.007025
-83.996820	83.994455	-0.005489
-84.001976	83.999826	0.000158
-83.997088	83.995811	-0.003950
-83.967173	84.053445	0.053492
-84.023988	83.996198	-0.003758
-84.003074	84.003116	0.003623
-84.005985	84.004060	0.004154
-84.008079	84.000747	0.000798
-83.992518	83.996430	-0.003524
-84.013443	83.997576	-0.001876
-83.987551	83.997838	-0.002101
-83.997679	83.996698	-0.003236
-83.996455	83.999370	-0.000512
-83.993812	84.006405	0.006489
-84.001160	84.004521	0.004606
-83.992582	83.996200	-0.003524
-83.996593	83.996049	-0.003902
-83.999469	84.001051	0.001374
-84.010318	84.005049	0.005336
-83.999877	83.999712	-0.000199
-84.007795	84.005207	0.005260
-84.035150	84.081017	0.081450
-84.017113	84.020540	0.020568
-83.998022	83.999730	-0.000214
-83.995994	83.989286	-0.010634
-83.995259	84.003816	0.003877
-84.006465	84.000470	0.001358
-83.990207	83.997144	-0.002809
-83.996513	83.994801	-0.004631
-84.022324	84.003988	0.004633
-83.992762	84.005529	0.006247
-84.011796	83.986911	-0.013051
-84.007844	84.004848	0.004886
-84.000655	83.999280	-0.000664
-83.986177	84.006771	0.006811
-84.006915	83.998275	-0.001302
-84.003679	83.996339	-0.003358
-84.010772	83.997443	-0.002506
-83.998944	84.001211	0.001323
-84.023606	84.019103	0.019140
-84.001123	83.998263	-0.001594
-84.004611	83.998179	-0.001777
-84.002544	83.992479	-0.007477
-84.012145	84.017645	0.017681
-83.995004	84.001528	0.001589
-84.000866	84.001154	0.001218
-84.006588	83.999642	-0.000302
-84.002876	83.999893	-0.000055
-83.993869	84.001628	0.001832
-84.001141	83.993628	-0.006168
-83.996973	83.993794	-0.006148
-84.010350	84.004760	0.004799
-84.000876	84.003026	0.003080
-83.995209	83.999312	-0.000620
-84.030070	83.997194	-0.002760
-83.620302	83.400998	-0.601025
-84.027939	84.010269	0.010311
-84.009651	84.002524	0.002564
-83.999247	83.999336	-0.000546
-83.999409	84.001875	0.001998
-83.991474	84.000412	0.000497
-84.001682	83.991928	-0.008014
-83.998614	84.000091	0.000151
-84.007694	84.004368	0.004660
-84.062334	84.014977	0.015011
-84.003574	83.997899	-0.001897
-83.995117	84.008680	0.008753
-83.980515	84.006887	0.006962
-83.995713	83.986263	-0.013447
-83.975134	83.977809	-0.022182
-84.000746	84.002061	0.002232
-83.990616	84.006989	0.007061
-83.931256	83.927833	-0.071819
-113.083390	98.576445	-7.967761
-102.663948	102.534334	0.960570
-84.004116	84.000352	0.000488
-84.014089	83.996942	-0.002209
-83.988225	84.027445	0.027486
-83.999891	83.999277	-0.000547
-83.997461	83.998479	-0.001461
-84.023248	84.016808	0.017470
-84.000324	83.997458	-0.002406
-84.034195	84.001077	0.001132
-96.212510	111.444998	8.084796
-84.034561	83.991873	-0.008100
-84.009400	83.985224	-0.014091
-84.005429	83.996333	-0.003628
-83.991254	83.988730	-0.011161
-84.002993	83.995082	-0.004788
-84.006124	84.000209	0.000257
-84.000760	84.002158	0.002198
-83.998686	84.004698	0.004800
-84.854507	84.025485	0.024078
-83.994744	83.996542	-0.003370
-83.998644	83.998964	-0.000958
-83.999406	84.003719	0.003853
-83.999407	84.001808	0.001885
-84.002158	84.003628	0.003693
-83.982030	84.006212	0.006870
-83.997646	83.994000	-0.005953
-84.020078	84.001897	0.002144
-84.008088	83.988580	-0.010391
-83.995556	83.999300	-0.000649
-83.988569	84.007170	0.007279
-83.996667	83.965482	-0.033587
-83.990000	84.000661	0.000760
-83.990767	84.002062	0.003066
-84.006653	83.995738	-0.004219
-83.998448	83.996185	-0.003731
-98.890558	112.646868	-78.586865
-83.985906	84.025354	0.025517
-83.997233	83.990221	-0.009744
-84.011538	84.001611	0.001648
-83.998055	83.999644	-0.000214
-84.011415	84.008382	0.008440
-83.961882	83.992259	-0.007048
-84.001802	83.998076	-0.001809
-83.953153	83.947324	-0.052692
-83.931283	84.030884	0.030884
-84.002990	84.005953	0.006128
-83.997601	84.000832	0.000888
-84.002259	84.004471	0.004525
-83.994562	84.000984	0.001076
-84.011707	83.991956	-0.007643
-83.999838	83.995899	-0.003955
-84.005750	84.007907	0.007944
-84.011702	84.009215	0.009794
-83.997884	83.997791	-0.001452
-84.006570	84.006591	0.006623
-84.003902	83.999912	0.000107
-83.993840	83.996936	-0.002493
-84.000249	83.999619	-0.000299
-84.003520	83.975662	-0.024318
-84.033208	83.946299	-0.053713
-83.999128	84.001491	0.001639
-83.960582	84.001331	0.002483
-84.000259	84.001287	0.001360
