-262480.748473	180161.123531	180161.122676
34756.087869	88527.507833	88527.506283
-342016.659320	-109855.612089	-109855.612853
-97325.911330	-195093.302618	-195093.303782
-185229.415429	106741.878107	106741.877108
532286.206873	261703.971017	261703.965788
-23063.318697	-592122.592452	-592122.593452
-454774.547839	-140109.265111	-140109.265746
-159017.012986	561440.671036	561440.670229
-204172.575277	313548.544474	313548.543582
-349450.206744	148421.296750	148421.296004
251451.633126	-20013.526581	-20013.529242
-145536.221817	46477.355748	46477.354661
-584810.535454	-163664.544557	-163664.545078
43670.594251	-113318.947504	-113318.949097
-80825.055170	-253171.007422	-253171.008596
-586001.471926	28741.957615	28741.957089
597269.835076	160083.807165	160083.799525
445930.031551	-424356.214475	-424356.217946
164496.755369	589989.864152	589989.862790
130779.035871	235447.186891	235447.185099
-174985.100914	36516.607656	36516.606626
72347.130178	-77706.014048	-77706.015756
-83973.011858	-478423.065824	-478423.066828
-1207.709479	519478.058915	519478.057824
-189219.373953	-589146.096505	-589146.097269
-170599.074873	-35580.782817	-35580.783858
566086.630974	-55986.097833	-55986.105495
-27271.927458	581557.390597	581557.389616
412576.255479	444752.597617	444752.594784
251374.131727	554938.075313	554938.073626
574801.284018	180944.898048	180944.891250
-550796.786232	52001.042739	52001.042186
490742.251980	-355810.614221	-355810.618660
538840.520358	-258098.749379	-258098.755420
-411734.607428	259559.753762	259559.753109
25898.509210	231042.437090	231042.435655
-385572.436176	71855.201818	71855.201105
413590.175381	297854.856782	297854.853332
243159.105311	385839.973182	385839.971151
81248.380943	611383.903088	611383.901945
16321.978083	400605.589009	400605.587756
-410343.757079	-239054.505213	-239054.505877
-122351.193709	-138424.201298	-138424.202425
-526650.906878	-311658.942044	-311658.942588
329182.138472	265022.057054	265022.054221
-16007.409702	-264646.620896	-264646.622223
130464.755521	5632.975901	5632.973945
280883.848071	513498.019472	513498.017576
470197.857203	-244707.933983	-244707.938762
583786.512812	67665.151005	67665.143122
301919.760879	138499.952831	138499.949930
275505.357439	531967.908322	531967.906493
483320.464195	308551.556034	308551.551850
-615483.789556	25409.124905	25409.124400
-289206.556990	-104807.914164	-104807.915001
-510378.673540	344388.404713	344388.404168
-32564.124266	-192518.281930	-192518.283255
-409231.866780	392624.168843	392624.168225
379565.448608	-260420.534366	-260420.537880
-130016.389496	585777.479356	585777.478529
549524.368067	-271586.145417	-271586.151601
209166.047327	-573349.957098	-573349.958674
-308484.539748	493783.726552	493783.725876
137758.522662	-434535.032919	-434535.034527
-186628.990342	525502.638552	525502.637756
-48753.395487	534897.810429	534897.809439
394194.464856	357309.895732	357309.892690
-200068.678388	-474944.597974	-474944.598800
-187874.504884	138239.325016	138239.324030
502545.252004	356152.659846	356152.655703
-213281.853332	-578174.697524	-578174.698267
395379.098210	-156481.377687	-156481.381656
94099.658465	-225253.998438	-225254.000153
289285.841411	-442115.086925	-442115.089169
-476558.671934	363611.458434	363611.457867
260943.988425	-205783.530318	-205783.532928
89181.907701	-488891.703504	-488891.704878
283566.368736	-368307.959274	-368307.961691
-343606.083859	-21156.873161	-21156.873929
-226241.861336	-573974.601628	-573974.602359
-55751.656475	-406409.242594	-406409.243715
-188962.560655	451161.835124	451161.834284
-69875.455179	24969.200296	24969.199034
-12626.625435	-565864.800499	-565864.801546
132455.284945	-239388.581320	-239388.583179
3219.455782	-617940.126546	-617940.127563
-335429.901496	179434.799949	179434.799193
-68176.827713	594889.315569	594889.314664
131197.033203	122228.948361	122228.946458
-164519.071487	-596233.430916	-596233.431706
425085.452435	-267798.445687	-267798.449707
-581122.644417	4040.245214	4040.244684
128714.241229	-184531.082799	-184531.084691
-385961.086990	-483573.192224	-483573.192837
82525.047566	-56153.889265	-56153.891016
535407.804296	-120597.263811	-120597.270478
-416656.232822	95576.061643	95576.060967
136719.046330	-356928.487272	-356928.488998
-370237.098295	495760.132122	495760.131507
-91971.705906	598207.946876	598207.946008
-494081.138989	349307.276047	349307.275491
-179967.890919	-591995.139311	-591995.140085
492528.440545	-275908.156268	-275908.161257
516974.360013	202237.016369	202237.011024
-403655.961092	322421.032577	322421.031933
-529211.377160	306335.043323	306335.042784
-604551.397131	-55779.551727	-55779.552239
-558638.754870	-93799.929256	-93799.929802
471726.167345	-358664.108045	-358664.112204
576486.448303	19926.027490	19926.019630
513126.823980	265929.892390	265929.887517
537398.844340	196716.711190	196716.705402
-463680.231910	396358.826512	396358.825943
204098.752302	481345.518757	481345.517078
266238.300663	946.385980	946.383216
549481.617351	-208197.279505	-208197.286164
138895.885719	588410.367532	588410.366230
-178080.258657	-485230.927602	-485230.928451
-437148.065816	-421014.254602	-421014.255191
328916.087079	522084.997848	522084.995767
-137780.037647	488360.678681	488360.677793
-453247.929425	246445.948481	246445.947866
315734.690692	-165793.930565	-165793.933667
144961.813695	600832.279045	600832.277748
530313.700096	-229402.018793	-229402.024836
-60317.482028	-615801.720821	-615801.721737
10883.184248	-275707.454027	-275707.455422
570059.849272	179269.386492	179269.379807
-171120.602965	40145.949379	40145.948343
205852.521801	-211701.125835	-211701.128089
-361933.286749	-411663.933236	-411663.933901
573807.700198	-217581.835081	-217581.842370
-589194.853908	-126302.057961	-126302.058481
-338499.282883	-387091.196791	-387091.197489
249428.483940	-505102.276056	-505102.277940
-177110.818600	275454.203921	275454.202967
-340623.849090	-493458.754258	-493458.754910
263610.889814	522726.962950	522726.961145
-224274.493253	498138.566928	498138.566161
151396.942452	298436.697806	298436.696013
92196.686814	-438078.627835	-438078.629292
-443950.204682	230623.354481	230623.353854
377106.864952	-425399.481249	-425399.484116
-489779.940569	272753.627014	272753.626436
332772.241068	-440904.959112	-440904.961612
-249049.338864	63108.198234	63108.197337
-264680.808941	534360.423192	534360.422491
542887.212761	-213682.449237	-213682.455687
-182566.205861	586980.961617	586980.960856
-390468.225922	-295676.154571	-295676.155243
571888.208724	-8885.107803	-8885.115596
534657.794800	131757.605397	131757.599262
-321287.605403	231313.545108	231313.544347
582087.541610	-187273.671345	-187273.679128
11104.306801	554479.605439	554479.604362
-296185.770895	-480944.254864	-480944.255569
248269.487691	538857.527676	538857.525964
-460130.873331	-405558.715490	-405558.716064
-240365.952268	-560762.680541	-560762.681264
472044.425496	-297926.235908	-297926.240435
-600718.664516	-147250.331267	-147250.331777
-413366.453801	228137.364983	228137.364325
-163780.179794	596241.346312	596241.345535
95608.544978	507075.209292	507075.207975
-44811.084895	46673.334364	46673.333040
558288.828595	-36848.156507	-36848.163908
331521.814788	-516289.421992	-516289.424225
243135.843845	479881.892333	479881.890508
-248240.918778	541852.752285	541852.751571
-378576.107764	439505.742815	439505.742186
-239893.867451	534720.773073	534720.772345
-204590.236228	-218871.478569	-218871.479513
-190254.618913	585493.758786	585493.758033
-271696.785245	555821.967954	555821.967272
487515.265750	-134792.778151	-134792.783658
366437.196560	67548.826339	67548.822716
55725.765326	-510037.077149	-510037.078408
82372.374758	148721.885715	148721.884030
-95326.783120	-422121.543613	-422121.544643
293667.998287	127476.518654	127476.515800
494396.039672	-301871.347328	-301871.352187
-291889.954744	-297842.522222	-297842.523009
-573657.700993	-158850.654026	-158850.654555
403532.986469	-449478.699775	-449478.702741
-86719.986014	-136346.590296	-136346.591504
35743.370676	604186.499863	604186.498798
231376.825595	-130554.767938	-130554.770428
28292.756792	363630.176028	363630.174708
-270977.600427	-548122.296963	-548122.297660
581049.868153	-211084.362430	-211084.369999
-415808.500141	-202076.549033	-202076.549698
-269095.909238	183845.548244	183845.547400
-40849.452513	580898.492593	580898.491633
-352113.709501	-178739.180193	-178739.180935
-496716.262844	306706.318927	306706.318362
-533343.931203	-312084.089920	-312084.090459
-358860.436773	121818.159325	121818.158587
-465007.605953	-332358.758176	-332358.758766
-127004.178422	215977.291160	215977.290087
43484.209814	616326.113331	616326.112266
-228422.097486	-438204.163130	-438204.163939
44298.870516	46055.243113	46055.241515
-457335.195148	261964.653299	261964.652691
1797411.061699	-348477.744065	-413166.143242
2158040.389126	-17814.659212	-82503.058794
1992800.980139	209053.486898	144365.086451
1452487.988435	567574.750642	502886.351973
1213170.016500	-311017.917755	-375706.314735
2019500.082625	-212130.903866	-276819.303273
1769790.880329	-390892.461672	-455580.860864
1892473.363189	-187211.336488	-251899.735754
2085512.304304	417913.002311	353224.592077
1346948.970494	-127284.524351	-191972.921963
1670783.379286	583621.910670	518933.511502
2130557.865500	194270.445527	129582.044582
1066570.904113	-210055.262675	-274743.657262
1404787.535873	-127731.275942	-192419.673931
1808849.834104	121253.667740	56565.268493
1652178.497722	675072.426137	610384.026947
1895469.116507	-287461.146725	-352149.546020
1851263.491943	600351.454734	535663.055254
1434527.126612	376487.313732	311798.915386
2109456.806647	249233.378648	184544.973614
1123497.262239	367128.901509	302440.505246
1004929.223897	-147616.984017	-212305.376781
1340940.168449	632481.669200	567793.270744
2025307.650432	-157160.135574	-221848.535013
1520933.172875	666894.704092	602206.305130
2020591.116307	-185802.301174	-250490.700922
2162855.852898	-60226.184009	-124914.583615
1213444.225368	557061.682114	492373.284378
1622649.010115	-552975.077639	-617663.476696
1682471.694473	660657.223036	595968.823598
1541071.599711	-426180.681688	-490869.080446
1594733.010089	-83933.454745	-148621.853402
1664998.069455	-146404.261322	-211092.660185
986921.906815	5191.254478	-59497.137599
2041172.428332	-329974.864923	-394663.264374
1784668.028724	-285665.519830	-350353.918990
1002429.629767	-64966.113237	-129654.505778
1511948.067930	364007.075433	299318.676807
1432019.125409	256251.626784	191563.228592
2194246.641556	10695.406677	-53992.993030
1583249.723701	-544145.629145	-608834.028267
1597208.644872	-220536.197588	-285224.596314
1653991.542119	529715.888980	465027.489843
2197153.881305	-25954.251750	-90642.652069
1651817.696555	394673.287460	329984.888411
1895344.294491	-437748.887274	-502437.286621
999379.912589	180877.269071	116188.876031
1852184.805842	-374313.654464	-439002.053796
1420157.867109	-104314.181381	-169002.579608
1506066.759127	671323.564673	606635.163391
1598320.427618	-347920.667425	-412609.066252
1782960.015344	-382725.632937	-447414.034056
1849723.514218	-440162.014107	-504850.413534
1380990.092606	-111281.467393	-175969.865757
1172799.473403	525001.787801	460313.390377
1530931.323935	-394499.656489	-459188.055301
1667802.693276	195540.384780	130851.985827
1155188.462451	-376108.601123	-440796.997864
1890286.825353	-269878.840074	-334567.239981
1222331.706801	542535.359194	477846.960524
1271110.480631	-59017.282532	-123705.679559
2124773.785794	-10807.495191	-75495.895057
1489880.055098	382723.696563	318035.297709
1549792.602388	-253845.948827	-318534.347480
2080040.182816	336609.533122	271921.029462
991234.460694	-38099.698156	-102788.090531
1960078.671348	-107297.548555	-171985.947933
1725226.192179	-180706.208872	-245394.607903
1660765.864995	232029.771700	167341.372669
1047539.369945	-56451.312728	-121139.706639
1803175.349326	339175.395114	274486.995544
2122128.691742	362367.359538	285113.130564
998242.135862	-129499.100882	-194187.493928
1810802.078425	-127378.653188	-192067.052353
1628434.875545	108815.390097	44126.991303
1425020.860199	-449397.780689	-514086.179169
1487851.076158	-351414.972290	-416103.370856
1050822.486486	-187021.654987	-251710.049378
2178548.242113	197243.243029	132554.841986
2170451.828397	242975.323532	178286.919758
1157682.807157	-81752.922563	-146441.318384
1273506.746925	196550.856359	131862.459167
1031982.605432	-129765.689371	-194454.083343
2189396.560139	177665.516745	112977.115825
1883399.576258	511748.313983	447059.914287
1380571.737798	159765.557459	95077.159606
1702646.752788	497695.342564	433006.940705
2121505.260793	356716.549501	251173.409721
1634012.978519	-320548.393059	-385236.792030
1009991.042185	177369.376403	112680.977037
1630276.977281	-86400.519502	-151088.918499
1733154.621239	414841.654342	350153.255022
1179324.530173	431542.665483	366854.268401
1947257.858677	279581.708505	214893.307457
1000608.997044	185172.200442	120483.763802
2118372.208505	357432.210906	292741.068502
1142347.588898	-39320.877470	-104009.273093
1913475.528477	-299856.869139	-364545.269187
1078653.851454	59106.943622	-5581.450918
1427514.768253	610510.335286	545821.936555
1932570.017234	-31587.939336	-96276.338695
1483841.204171	-516675.398655	-581363.797420
2161190.852059	209688.568566	145000.166104
1150946.018682	-24537.837057	-89226.233628
2190782.128855	82317.910120	17629.510317
972632.659987	69920.977903	5232.586133
1895938.489310	599865.645644	535177.245972
1403944.512121	257969.403380	193281.004862
1138789.505048	400622.372317	335933.975606
1494539.198008	558275.195273	493586.796362
1002720.622900	209344.145211	144655.751462
2096055.451722	413457.607118	348769.188119
1919352.446558	-243125.058671	-307813.458164
2036960.389519	-300922.323082	-365610.722686
2157800.882018	283272.424663	218584.007409
1116757.662340	-106187.785896	-170876.181232
1258738.527913	-430329.765471	-495018.163193
969820.452329	43610.466914	-21077.924920
1402496.059283	176653.292512	111964.894230
1635594.258800	391110.575876	326422.174847
1848899.547555	536264.477623	471576.077966
1388487.970863	-423400.432854	-488088.831236
1187441.264531	304436.443704	239748.046993
1106852.317711	-118909.969103	-183598.365395
1233724.444483	-303260.307277	-367948.705196
1110250.803527	-325548.591566	-390236.987563
1983186.716722	499373.389323	434684.989074
1127491.962495	-235857.401177	-300545.796981
2057080.241489	271463.235735	206774.829087
1384983.892819	504901.376369	440212.977980
1991185.210838	-361040.766896	-425729.166376
2111624.068085	387067.398257	322378.931371
1971594.492531	193793.274435	129104.873962
1401228.794291	470063.632287	405375.233831
1734874.154456	97879.712065	33191.312974
1693605.340009	608022.072156	543333.672743
2029877.750201	-4087.844996	-68776.244517
1226665.729844	-417101.568655	-481789.966344
1009042.527133	289720.152790	225031.758827
1697110.706912	-430776.574252	-495464.973373
1261210.753625	273207.770764	208519.373488
1653590.121174	634247.984321	569559.584908
1238776.456197	-443908.485611	-508596.883888
1081399.447790	-294256.804558	-358945.200011
1675748.172601	631396.684637	566708.284177
1577070.605000	664235.916204	599547.516997
1204280.611858	-402614.203291	-467302.601028
1277732.510676	-148501.595339	-213189.992546
1861221.542997	558922.015886	494233.615983
1671611.066084	474627.198226	409938.798929
1710850.244698	94084.063586	29395.663897
1870030.877877	203558.011494	138869.611846
1503785.282288	218287.383276	153598.984787
1965979.993588	-326738.194553	-391426.594110
1636067.208284	-163588.760175	-228277.159204
1869924.766046	-172431.447478	-237119.847106
1423055.518749	500637.937058	435949.538277
1699893.187049	497298.741533	432609.986406
1426402.303791	541181.048399	476492.649589
1783400.699204	477199.021486	412510.621978
1101140.706592	436215.519550	371527.123099
1217753.903502	-352675.654774	-417364.052113
1839119.124111	628566.523658	563878.124010
2004762.441442	358272.300519	293583.893658
1770528.771569	-44384.852014	-109073.251115
1911495.254842	572575.333834	507886.933931
2107213.002261	117655.247341	52966.847420
1376023.163725	190858.686884	126170.288614
1193695.609902	466428.866462	401740.469032
2144952.704714	251012.329608	186323.923354
1390143.810840	336848.962497	272160.564323
1428353.712228	447514.256668	382825.858029
1993344.847203	-397335.412957	-462023.812493
1447993.721224	484265.141376	419576.742369
1251017.203889	567583.809373	502895.411132
1698122.638128	599248.727647	534560.323774
2078227.490403	-117722.701473	-182411.101007
1907846.245131	-422554.117792	-487242.517873
2108848.554927	394607.714371	329919.266771
1346380.193646	-432275.758711	-496964.157032
1119067.949657	-161087.018576	-225775.414087
1782925.822144	583374.841323	518686.441803
1351419.102045	-500873.840858	-565562.239227
1967535.629569	351427.164057	286738.761011
1730019.566179	-221882.504793	-286570.903911
2033705.893958	-322633.850786	-387322.255350
1537398.085355	296118.756824	231430.358141
1970124.640783	-43121.643941	-107810.043523
1306367.543722	217081.126375	152392.728730
1262926.596752	-453518.108489	-518206.507123
1029009.310921	-205976.076602	-270664.470804
1057697.991654	-34888.552343	-99576.946781
1481405.110547	-534707.470240	-599395.869618
2181691.714166	165496.458164	100808.056154
1087549.284424	287281.722085	222593.326620
1423153.300516	-500844.311856	-565532.710550
2194886.015417	-23697.701291	-88386.251552
1416608.234978	-512868.523892	-577556.924199
1005661.506964	161267.659115	96579.264511
1911109.791104	-121698.764627	-186387.164060
1369029.557277	-93247.173504	-157935.571871
1388878.449728	-209062.884069	-273751.282049
1023891.756052	-144311.456880	-208999.852795
1529629.632241	-270345.934087	-335034.333033
