238.815356	-12.154735	-11.986381
234.969473	-0.930635	-3.008700
226.818431	14.170470	4.258044
224.626411	-13.057245	-7.064859
861.442022	-204.146812	-207.632193
209.369381	8.684258	5.224750
208.610510	31.487995	13.990706
223.936904	21.667161	29.191825
259.256588	-1.729538	-11.574331
223.744459	-9.930723	-6.482626
233.181955	-20.041666	-27.841971
84.013468	100.109963	-35.873925
251.757562	2.077869	-6.102927
266.124888	127.316901	130.074451
239.146995	0.035292	0.384053
222.026381	10.697840	11.650354
213.214049	7.756386	4.118064
245.456254	39.959416	30.608572
190.229466	37.743847	25.866534
-3980.977380	27490.542349	27490.523136
221.207604	-5.823772	-5.548941
232.262414	18.346136	3.837507
233.050227	10.765782	8.487219
222.779263	36.977440	15.130322
194.126673	34.212474	26.607892
181.383003	-92.978019	-98.884478
393.318659	202.034947	195.470772
256.229885	47.390262	45.737108
247.012190	69.829912	53.529254
422.282486	-59.518864	-80.295000
218.679017	-4.345369	-39.754409
232.890176	-12.685515	-8.689724
48.204724	775.469537	772.910060
254.157107	-33.914825	-34.215236
160.294372	-14.817186	12.727446
234.095896	-5.403786	-9.082654
164.979927	2.486921	7.377678
263.879827	-50.002030	-28.140174
191.693543	10.722734	-55.841378
-66.300601	-73.666965	-77.088292
227.565015	-27.832315	-24.041494
255.113968	25.576310	21.290747
240.784533	-24.996286	-21.134354
196.117724	9.907090	5.350440
249.372779	-52.865081	-59.072695
368.782727	13.500657	9.943285
190.850946	-9.658433	-4.129000
238.390941	-15.390406	-16.383154
224.109832	-18.100245	-14.698202
267.504398	4.437829	-15.029028
274.252610	52.546235	17.745198
204.989553	4.037966	4.468628
187.149377	20.640788	18.955774
245.340219	38.495320	32.375724
200.183251	-51.181361	-54.087290
222.733230	-5.090394	-4.954574
186.942351	12.548682	10.345117
117.699882	-54.828221	112.974282
229.381401	-22.387834	-13.463593
273.447176	0.741457	-14.687255
323.910648	111.870318	185.615069
221.748608	-2.799588	-0.362828
201.512016	-25.496579	-20.118151
249.262338	-16.306293	-19.402796
223.626423	-34.284851	-26.641334
242.893215	51.495980	35.250555
252.880011	20.701165	19.341297
108.967397	166.447811	159.967195
288.178776	-86.253377	251.441316
241.461855	-20.694992	-25.890323
193.835083	-42.256881	-18.507896
220.925974	-113.889933	9.715498
383.283987	-788.889287	-691.320293
227.195235	-26.154367	-22.671923
236.990640	50.426172	38.162131
250.151414	32.853410	-0.564663
225.339900	-28.277013	-25.274420
229.610210	17.408790	4.206719
229.813015	102.102509	71.292580
206.401513	59.192337	46.440928
154.558246	-40.354872	-44.156077
258.876413	40.285795	4.558143
417.958905	230.384271	222.856739
237.472096	-34.526822	-28.310801
318.170873	-77.166827	-100.510348
201.901147	8.472721	6.983239
251.410625	-14.589067	-14.382373
243.021259	-19.080113	-24.741281
224.534184	-32.898305	-27.792068
210.386145	9.726176	2.040494
333.960787	-58.962203	-67.617132
265.588778	17.122954	-4.113677
227.040591	-27.854988	-24.122635
253.238760	31.729625	23.185345
530.559150	-139.021810	-142.022265
177.116582	-7.271372	14.679327
181.727430	13.446050	14.002811
252.192482	3.173034	-6.662439
221.910221	-5.841303	-3.200159
219.565670	11.280841	2.143975
624.717818	-118.337662	-123.975473
203.515772	7.122960	8.049127
360.323666	32.508335	24.957600
164.967686	50.153248	29.328600
217.761121	18.500464	11.307892
216.629511	-19.813390	-40.272920
219.157000	-0.301161	1.211501
241.885635	-22.308393	-24.285716
72.689077	633.727664	528.432767
244.854497	55.330706	58.922100
-1497.040290	-654.576130	1317.554269
542.465993	21.028932	13.822582
217.715643	0.339968	2.360594
313.991618	160.528563	150.174148
209.261063	5.731856	3.452089
178.423093	-34.244637	-45.866199
252.681381	-0.077302	-4.786885
208.185667	42.184907	23.964400
237.938264	-5.665581	-4.176732
209.241601	25.681476	14.792485
202.708589	91.581965	79.264690
293.209658	-18.206580	-21.507112
208.683815	-29.226695	-22.562170
197.773294	-36.235611	-20.719880
243.688330	-26.790250	-20.036096
233.594812	-3.510342	-3.509940
230.397917	-29.975818	-26.255276
203.726922	33.164086	16.318376
650.397392	-1982.971799	-1983.258335
251.565478	-31.839907	-33.131691
207.358385	41.203073	17.824669
252.459387	-31.073071	-33.411847
-792.507608	-621.443297	-623.700293
194.109195	15.149786	11.270162
71.726768	212.527223	50.062072
229.846723	-7.816977	2.808987
210.242095	89.253663	82.323277
310.856835	29.043288	29.649853
243.024573	-15.831327	-38.535423
190.482367	36.702186	32.431927
-9021.727999	12684.476148	12684.454868
245.882876	-4.734269	-10.764895
55.701366	-19.371593	-23.753154
237.792748	-14.233122	-16.378742
233.584778	27.876228	20.830619
135.651644	84.521213	80.090934
-1052.242852	95.244288	-485.863459
-1191.793919	-146.110033	-169.553259
222.038956	7.911475	4.336422
250.889838	-14.241079	-17.523750
232.313605	88.496605	71.995799
313.998412	113.710767	149.217052
104.586436	-45.476643	-49.057132
232.315538	-14.545037	-13.249615
218.514657	-8.268116	-3.399106
201.247268	7.311550	6.298514
237.482186	0.237170	0.194507
195.239963	-42.045410	-18.658718
343.976577	65.804244	-85.189345
184.090537	-34.866882	-24.867600
285.953690	48.141782	-14.482095
286.215674	28.523348	21.365330
290.386085	-11.094670	-20.076628
227.509999	76.934373	70.597870
228.622244	-14.197246	-10.015625
243.793674	2.908362	-7.031036
233.881227	1.664776	0.344282
249.369085	-131.346704	-125.478994
234.326277	2.224661	5.841080
477.737426	13.616099	10.539593
263.651350	-27.713970	-26.328018
211.718294	-12.657191	-4.885556
215.147907	11.383087	5.970416
157.577164	-103.232151	-99.341520
968.780550	-1102.846798	-1184.917211
193.953777	7.665483	12.091432
243.834121	24.062923	23.341720
260.209592	27.255542	16.920255
200.340509	62.651724	52.017796
207.423665	-83.546901	-35.579056
232.636947	-2.239231	-3.770353
244.110988	51.662182	36.116078
244.931476	51.186367	31.743294
141.342276	80.962136	75.906585
154.616117	53.653821	45.886236
146.671045	-1.644422	-20.988778
269.140756	-12.942403	-17.013478
35.504295	56.483773	52.325503
220.986036	14.144732	11.494545
270.394905	-14.910568	-16.014221
158.406111	11.155165	9.836099
112.259259	2.183245	7.898880
220.213762	1.060188	2.432346
230.787129	-24.178699	-24.408322
1185.039199	-511.281145	-523.190400
256.473745	71.602481	78.199127
242.820670	-28.992888	-27.053360
263.873495	31.227285	13.884088
226.082173	50.010023	21.977614
167.579721	20.089475	18.662078
249.905661	-0.413906	-4.209338
824.981943	-79.177446	-84.549863
202.940748	-4.159500	-20.421225
177.487086	-14.835731	10.647218
-272.169515	365.881545	50.780544
-317.289338	323.422483	-9.407552
-346.889877	364.120755	-67.216752
-325.887811	344.472211	-20.434431
-322.940580	351.679144	-25.573443
-294.844576	332.066193	-13.719841
-325.174167	339.050230	-32.391616
-325.395196	345.880960	-20.260799
-331.826909	354.740526	-22.353536
-335.655094	350.911087	-17.169643
-331.742044	358.198658	-21.346275
-326.058501	344.897394	-19.801940
-468.258663	282.230385	-151.034891
-323.291778	345.030320	-20.795253
-329.233395	375.811944	-14.318229
-313.233320	305.774739	-53.557504
-299.830629	321.609846	-69.129002
-318.850727	339.146107	-52.224990
-284.440627	329.136222	-14.097465
-336.718891	366.289079	-21.264061
-339.050814	349.943638	-29.395497
-319.268208	318.590718	-46.912399
-325.270928	350.775779	-18.690592
-286.118513	341.610453	-5.595811
-302.140666	321.466541	-16.249893
-325.798076	350.644350	-23.217676
-472.112916	287.859250	-204.676397
-338.265872	377.524753	-18.149198
-330.889051	317.568883	-286.289795
-325.890666	349.562840	-23.472746
-332.324243	356.982516	-20.836634
-181.447518	671.685761	-724.024585
-334.893496	344.574102	-21.978628
-300.970560	346.995659	-18.817633
-334.338126	379.788282	-18.295895
-335.074474	353.971322	-19.423082
-313.646199	319.653274	-67.838175
-335.449439	358.650382	-14.589361
-260.735352	349.116366	13.016396
-313.958375	312.810356	-59.830546
562.197189	1950.846579	940.063179
-275.033597	290.096177	-101.917810
-306.633995	326.505276	-12.875237
-331.563848	353.959039	-12.220032
-334.586151	355.739542	-22.217616
-342.258516	362.229207	-20.321503
-275.036288	505.617920	168.035678
-327.886717	322.805623	-47.123766
-325.927133	349.206506	-16.640396
298.742130	-571.596453	-871.396443
-324.350806	318.871683	-41.569819
-450.269421	472.259893	-13.338426
-326.319035	358.012556	-20.248548
-254.616991	331.117888	-42.137512
-323.827577	312.640302	-76.783166
-332.892029	340.612722	-56.662283
-335.421773	354.412510	-26.120236
-306.103709	307.298197	-25.685874
-334.140364	340.523377	-56.660945
-346.194451	342.486766	37.995165
-298.313660	338.265792	-12.673585
-325.842921	351.180314	-16.730303
-327.883543	350.661342	-18.770795
-334.555438	347.653755	-25.027660
-358.388183	339.833554	-223.014879
-337.031988	342.662081	-30.597149
-327.990902	364.151885	-20.156309
-309.315328	339.457421	-8.169902
-334.867414	352.448841	-15.939523
-330.967246	322.341824	-48.038751
-322.647594	294.108521	-143.217751
-328.122204	347.645248	-22.590133
-321.088179	311.648512	-46.880062
-329.862514	352.255918	-18.594311
-328.871627	321.426323	-49.306740
-331.534581	351.873834	-24.462107
-327.986583	351.849459	-19.423859
-328.602603	320.616081	-49.392455
-59.555042	222.513085	-77.554148
-337.464671	357.668227	-25.781628
-315.322224	342.236321	-21.955443
-330.037507	324.725570	-44.489723
-340.060064	345.733227	-23.725440
-329.305459	336.432075	-14.655044
-331.683752	348.713731	-20.587620
-372.596663	341.446688	-13.454597
-329.482992	352.301454	-20.477557
-311.105716	336.691444	-2.373766
-336.105124	361.474142	-18.967331
-254.982547	319.061900	-60.060398
-327.665676	346.598732	-20.887747
-322.710387	318.810011	-46.616248
-330.958036	346.100499	-21.789815
-581.333132	357.414008	-663.699096
-368.844198	310.659210	-73.475660
-329.777596	346.158762	-17.391814
-329.203482	332.510772	-24.981971
-312.171648	306.887366	-62.078340
-337.931048	360.402097	-15.082569
-277.517234	335.932637	-8.496681
-330.134254	357.981591	-18.372894
-206.706465	591.190348	105.689494
-318.971886	347.050125	-26.104112
-337.288099	356.504690	-19.042376
-329.652791	404.460787	-28.487119
-316.309026	316.934829	-50.865859
-311.655622	336.874140	-18.291101
-329.432505	347.710026	-15.558723
-318.723939	347.409818	-14.952332
-332.037571	343.668060	-23.541334
-324.039914	346.322517	-18.484199
-306.278495	299.093116	-52.587593
-315.472773	333.482305	-18.673545
-324.738794	360.445208	-26.572685
-334.754921	342.783626	-27.558520
-333.026202	360.105907	-21.429302
-330.114967	380.633227	-21.212496
-330.623325	352.569359	-26.448293
-254.858240	249.256360	-83.896940
-323.244739	323.260661	-47.914802
-328.838394	350.477726	-19.015120
-315.387402	316.452780	-54.584226
-329.906714	351.648866	-20.113158
-313.971438	360.398804	-23.072215
-330.043073	321.681803	-46.732499
-338.026222	354.544128	-25.905145
-334.981517	364.632974	-20.838246
-308.794301	303.769670	-56.765089
-347.590483	345.489063	-61.436434
-340.128180	325.799869	-33.644603
-327.209908	342.947771	-20.247883
-336.081647	353.128451	-16.565974
-304.945327	312.977793	-51.793973
-512.107046	600.017329	-1154.592376
-328.546799	327.441958	-49.540628
-317.660832	317.201991	-30.563760
-319.892979	249.407955	-45.256190
-321.152512	377.196109	-48.269305
-317.102824	326.983606	-48.420395
-317.333101	397.600084	-4.239189
-326.314099	352.912459	-20.491196
-321.237175	318.923110	-49.763198
-321.429725	322.678747	-39.545251
-436.744760	220.556363	-126.453733
-346.295813	363.584854	-69.900487
-277.297823	212.813607	-131.764599
-329.417679	352.468300	-20.004787
-325.671264	345.719391	-23.111196
231.448690	163.705736	-15.003871
-328.591888	348.568712	-25.895177
-329.730832	326.235017	-50.222058
-297.797166	344.016117	-45.910943
-294.624987	233.806925	-144.592834
-333.175579	349.016875	-15.300840
-329.036961	352.557502	-22.187894
-341.155206	352.490017	-20.298716
-305.253056	330.816287	-36.393131
-325.853230	341.588442	-29.930090
-321.666547	348.018745	-23.153722
-326.077559	342.897162	-22.176467
-313.609389	312.832395	-53.015114
-330.852043	348.593468	-17.813291
-328.899102	350.882260	-19.483246
-292.460937	329.421696	-32.339987
-322.018098	349.195175	-19.249732
-310.704866	105.867902	37.752164
-337.022941	340.527156	-27.990981
-329.337656	346.614067	-23.889187
1257.379958	1255.476376	-13084.137953
-329.464790	335.679687	-29.600870
-323.906989	326.552770	-10.286016
-417.627384	288.419951	-51.654241
-315.788688	322.861693	-65.150591
-313.912894	307.730078	-53.215177
-326.751053	350.070438	-21.245386
-323.599171	332.291666	-37.423168
-332.485407	348.432499	-22.347419
-332.429174	350.657786	-20.187528
-331.571325	348.069373	-29.236513
-331.868386	353.347252	-21.704545
-308.939570	398.858449	23.585921
-331.986917	362.051256	-18.097962
-332.701998	358.323006	-17.130633
-345.289937	358.589136	-13.414354
-327.413742	356.957739	-18.829779
-312.831951	307.737911	-61.406802
-325.505504	342.774389	-24.770918
-324.290865	335.674862	-36.256483
-324.009400	320.639777	-45.535631
-326.694898	321.662666	14.274196
-305.572300	331.512060	-25.839404
-332.822478	355.144196	-19.811200
-342.206117	351.781854	-19.205704
-284.350895	354.349419	12.024325
-332.357540	347.687985	-26.977955
-295.798838	331.280009	-52.111899
-336.280207	363.482164	-32.721800
-207.164383	395.778200	-129.829922
-323.051168	297.611420	-72.902823
-332.431883	354.480084	-25.770916
-331.000135	355.663874	-18.823632
-309.693795	335.483903	-16.116111
-331.924218	353.987691	-21.726474
-329.576148	354.189256	-24.901772
