-262481.091065	180161.308425	180161.307536
34756.089051	88527.500961	88527.499348
-342016.645148	-109855.611906	-109855.612701
-97325.899943	-195093.298799	-195093.300010
-185229.416505	106741.882072	106741.881033
532286.127430	261703.978998	261703.973554
-23063.316735	-592122.583037	-592122.584077
-454774.541289	-140109.265937	-140109.266598
-159017.021807	561440.689583	561440.688743
-204172.571732	313548.536043	313548.535115
-349450.197615	148421.294821	148421.294046
251451.643067	-20013.510014	-20013.512784
-145536.281819	46477.338698	46477.337567
-584810.391204	-163664.444481	-163664.445022
43670.600710	-113318.941603	-113318.943261
-80825.042356	-253171.000847	-253171.002068
-586001.480516	28741.940870	28741.940322
597269.792611	160083.828804	160083.820847
445930.012994	-424356.207056	-424356.210667
164496.664773	589989.871201	589989.869783
130779.034073	235447.185639	235447.183774
-174984.632183	36517.033128	36517.032057
72347.136589	-77705.999332	-77706.001109
-83973.015260	-478423.059885	-478423.060929
-1207.718793	519478.075184	519478.074049
-189219.105976	-589146.158411	-589146.159206
-170599.070056	-35580.776834	-35580.777917
566086.616609	-55986.070011	-55986.077990
-27272.100170	581557.373022	581557.372001
412576.247028	444752.592733	444752.589784
251374.131453	554938.002186	554938.000430
574800.315889	180944.552783	180944.545702
-550796.789092	52001.030739	52001.030163
490742.166204	-355810.609965	-355810.614584
538840.527111	-258098.763203	-258098.769490
-411734.638071	259559.735573	259559.734894
25898.511922	231042.434143	231042.432649
-385572.433391	71855.215097	71855.214356
413590.181121	297854.855142	297854.851550
243159.104253	385839.973620	385839.971505
81248.354813	611383.886341	611383.885152
16321.980724	400605.583067	400605.581764
-410343.749808	-239054.497447	-239054.498139
-122351.163730	-138424.202103	-138424.203275
-526651.555203	-311658.982930	-311658.983495
329182.142449	265022.056175	265022.053226
-16007.384793	-264646.624504	-264646.625885
130464.752670	5632.974220	5632.972185
280883.772677	513498.079994	513498.078021
470197.877025	-244707.945710	-244707.950684
583786.507395	67665.147089	67665.138878
301919.715449	138499.889114	138499.886095
275505.252423	531967.836129	531967.834225
483320.460952	308551.547939	308551.543583
-615483.727616	25409.121380	25409.120855
-289206.562367	-104807.914113	-104807.914984
-510378.551735	344388.420466	344388.419899
-32564.128557	-192518.281557	-192518.282936
-409231.873051	392624.162348	392624.161705
379565.474231	-260420.533200	-260420.536858
-130016.406919	585777.470134	585777.469274
549524.308117	-271586.089096	-271586.095533
209166.045875	-573349.945839	-573349.947478
-308484.522595	493783.730111	493783.729408
137758.508233	-434535.030823	-434535.032495
-186629.002207	525502.644566	525502.643737
-48753.384417	534897.821040	534897.820010
394194.466144	357309.889053	357309.885887
-200068.644316	-474944.610012	-474944.610870
-187874.507927	138239.313400	138239.312373
502545.242448	356152.648389	356152.644076
-213281.947316	-578174.654544	-578174.655317
395379.100682	-156481.381332	-156481.385463
94099.675521	-225253.997592	-225253.999377
289285.860596	-442115.080661	-442115.082995
-476558.692583	363611.426383	363611.425792
260943.982975	-205783.526741	-205783.529457
89181.897437	-488891.699618	-488891.701048
283566.372686	-368307.958103	-368307.960617
-343606.075785	-21156.871933	-21156.872731
-226241.729458	-573974.611446	-573974.612206
-55751.667483	-406409.247238	-406409.248404
-188962.557780	451161.846405	451161.845532
-69875.448631	24969.213020	24969.211707
-12626.633684	-565864.810102	-565864.811191
132455.274311	-239388.568661	-239388.570594
3219.436508	-617940.104433	-617940.105490
-335429.892411	179434.793065	179434.792278
-68176.849915	594889.291559	594889.290618
131197.024775	122228.948586	122228.946606
-164519.225544	-596233.374403	-596233.375224
425085.469750	-267798.440577	-267798.444760
-581122.645268	4040.268384	4040.267832
128714.242602	-184531.088392	-184531.090360
-385961.059150	-483573.185547	-483573.186185
82525.038590	-56153.909153	-56153.910976
535407.793491	-120597.271107	-120597.278049
-416656.206031	95576.059677	95576.058974
136719.047523	-356928.485387	-356928.487183
-370237.074185	495760.124186	495760.123545
-91971.664236	598207.914688	598207.913785
-494081.183373	349307.258157	349307.257578
-179968.087728	-591995.059516	-591995.060320
492528.438694	-275908.161869	-275908.167062
516974.432293	202236.995666	202236.990100
-403655.969304	322421.025990	322421.025320
-529211.314160	306335.045447	306335.044887
-604551.379236	-55779.553270	-55779.553803
-558638.754939	-93799.936376	-93799.936944
471726.242107	-358664.082611	-358664.086938
576486.442853	19926.014646	19926.006460
513126.889801	265929.872296	265929.867222
537398.811931	196716.711474	196716.705447
-463680.216267	396358.804008	396358.803416
204098.777214	481345.524778	481345.523031
266238.286836	946.368179	946.365302
549481.477528	-208197.467909	-208197.474841
138895.947787	588410.421083	588410.419728
-178080.294470	-485230.908011	-485230.908894
-437148.068286	-421014.234809	-421014.235423
328916.042381	522084.992384	522084.990219
-137780.046573	488360.686495	488360.685571
-453247.893073	246445.965176	246445.964536
315734.691276	-165793.932975	-165793.936202
144961.810025	600832.187797	600832.186448
530313.747870	-229401.988717	-229401.995008
-60317.469737	-615801.702321	-615801.703274
10883.159428	-275707.436351	-275707.437802
570060.790563	179269.720261	179269.713298
-171121.002282	40145.548019	40145.546941
205852.525662	-211701.121773	-211701.124118
-361933.274680	-411663.923294	-411663.923985
573807.746386	-217581.692734	-217581.700322
-589194.841739	-126302.084528	-126302.085069
-338499.288338	-387091.205741	-387091.206468
249428.486775	-505102.266550	-505102.268509
-177110.822263	275454.203393	275454.202401
-340623.835514	-493458.742047	-493458.742725
263610.975287	522727.008427	522727.006548
-224274.485903	498138.586554	498138.585756
151396.941215	298436.694354	298436.692488
92196.700446	-438078.626824	-438078.628339
-443950.180067	230623.405319	230623.404667
377106.864775	-425399.486180	-425399.489162
-489779.894381	272753.626245	272753.625645
332772.240368	-440904.949827	-440904.952428
-249049.324299	63108.200215	63108.199281
-264680.677338	534360.465031	534360.464301
542887.425772	-213682.326569	-213682.333284
-182566.593909	586980.868158	586980.867366
-390468.221654	-295676.151273	-295676.151971
571888.201778	-8885.111281	-8885.119397
534657.802089	131757.614270	131757.607882
-321287.607823	231313.536148	231313.535356
582087.504341	-187273.716628	-187273.724730
11104.286267	554479.606612	554479.605492
-296185.770896	-480944.254254	-480944.254987
248269.552744	538857.520030	538857.518248
-460130.835630	-405558.723854	-405558.724451
-240365.903788	-560762.709265	-560762.710017
472044.493388	-297926.219371	-297926.224083
-600718.590787	-147250.339856	-147250.340386
-413366.488601	228137.386931	228137.386246
-163780.221185	596241.280655	596241.279847
95608.542322	507075.212502	507075.211131
-44811.096259	46673.324233	46673.322855
558288.842668	-36848.170790	-36848.178497
331521.808399	-516289.408323	-516289.410645
243135.830274	479881.907663	479881.905764
-248240.869497	541852.629953	541852.629209
-378576.100279	439505.737531	439505.736875
-239894.012161	534720.866508	534720.865751
-204590.228858	-218871.475408	-218871.476391
-190254.106865	585493.833006	585493.832223
-271696.718867	555821.913864	555821.913154
487515.277004	-134792.781986	-134792.787718
366437.194064	67548.826743	67548.822972
55725.773738	-510037.064029	-510037.065339
82372.378929	148721.879258	148721.877504
-95326.770498	-422121.541045	-422121.542116
293668.044623	127476.577356	127476.574385
494395.982430	-301871.308289	-301871.313345
-291889.954171	-297842.519968	-297842.520786
-573657.869527	-158850.695599	-158850.696149
403532.972572	-449478.677065	-449478.680149
-86720.003576	-136346.594857	-136346.596114
35743.407609	604186.538967	604186.537858
231376.826874	-130554.771637	-130554.774228
28292.755498	363630.182249	363630.180875
-270977.556317	-548122.301701	-548122.302426
581049.657710	-211084.472853	-211084.480734
-415808.488782	-202076.551377	-202076.552069
-269095.579854	183845.357849	183845.356971
-40849.312174	580898.499267	580898.498269
-352113.710217	-178739.179011	-178739.179783
-496716.267415	306706.316330	306706.315742
-533343.244426	-312084.045443	-312084.046002
-358860.426648	121818.173069	121818.172302
-465007.601090	-332358.752713	-332358.753327
-127004.182496	215977.288705	215977.287589
43484.188412	616326.037496	616326.036388
-228422.090540	-438204.170733	-438204.171574
44298.866718	46055.246689	46055.245026
-457335.174207	261964.610436	261964.609803
1796571.061441	-347637.750644	-413166.149787
2157200.397758	-16974.659613	-82503.059179
1991960.958648	209893.474292	144365.073817
1451647.992999	568414.733314	502886.334699
1212330.062707	-310177.903574	-375706.300430
2018660.066728	-211290.885029	-276819.284412
1768950.959482	-390052.404652	-455580.803811
1891633.338088	-186371.322167	-251899.721403
2084672.485911	418752.897883	353224.487177
1346108.994197	-126444.510305	-191972.907819
1669943.406808	584461.930784	518933.531649
2129717.898195	195110.460335	129582.059340
1065730.882081	-209215.235822	-274743.630185
1403947.508123	-126891.244262	-192419.642169
1808009.825485	122093.667269	56565.268051
1651338.512637	675912.391081	610383.991922
1894629.139754	-286621.133098	-352149.532365
1850423.490751	601191.445974	535663.046513
1433687.137443	377327.312186	311798.913907
2108616.832439	250073.379397	184544.974107
1122657.272013	367968.906904	302440.510792
1004089.324731	-146776.929781	-212305.322245
1340100.176744	633321.656954	567793.258560
2024467.635286	-156320.146035	-221848.545451
1520093.078096	667734.723400	602206.324479
2019751.102508	-184962.301280	-250490.701014
2162015.845404	-59386.162825	-124914.562415
1212604.268441	557901.634909	492373.237264
1621808.986630	-552135.064025	-617663.463043
1681631.660895	661497.193904	595968.794491
1540231.590624	-425340.666024	-490869.064733
1593893.033526	-83093.460561	-148621.859165
1664158.054095	-145564.272216	-211092.671033
986081.915603	6031.250411	-59497.141340
2040332.290195	-329134.743191	-394663.142619
1783828.031855	-284825.518548	-350353.917674
1001589.653006	-64126.101000	-129654.493232
1511108.045938	364847.088342	299318.689772
1431179.086414	257091.626716	191563.228597
2193406.617475	11535.384983	-53993.014712
1582409.730755	-543305.622165	-608834.021249
1596368.641916	-219696.198015	-285224.596690
1653151.554396	530555.882893	465027.483791
2196312.738064	-25113.145129	-90641.545463
1650977.595124	395513.268177	329984.869165
1894504.297286	-436908.843842	-502437.243161
998540.283931	181717.731833	116189.339079
1851344.793258	-373473.648412	-439002.047716
1419317.822146	-103474.199583	-169002.597735
1505226.876067	672163.519294	606635.117993
1597480.428896	-347080.658841	-412609.057620
1782119.948830	-381885.664842	-447414.065978
1848883.526878	-439321.996097	-504850.395499
1380150.093341	-110441.461372	-175969.859661
1171959.496688	525841.785663	460313.388343
1530091.322528	-393659.657904	-459188.056667
1666962.688841	196380.390926	130851.992015
1154348.482993	-375268.594253	-440796.990860
1889446.843996	-269038.871334	-334567.271228
1221491.689769	543375.395001	477846.996398
1270270.476271	-58177.287772	-123705.684677
2123933.813525	-9967.502340	-75495.902197
1489040.059815	383563.681633	318035.282828
1548952.586948	-253005.961564	-318534.360161
2079200.203571	337449.545686	271921.036886
990394.487679	-37259.710443	-102788.102500
1959238.657636	-106457.552128	-171985.951481
1724386.186514	-179866.211614	-245394.610606
1659925.862157	232869.764035	167341.365043
1046699.367962	-55611.299439	-121139.693097
1802335.345860	340015.395745	274486.996189
2121102.271375	363391.545528	285102.094858
997402.210557	-128659.138891	-194187.531641
1809962.079806	-126538.657289	-192067.056420
1627594.880153	109655.391165	44126.992419
1424180.847960	-448557.775701	-514086.174119
1487011.080675	-350574.972487	-416103.370994
1049982.484038	-186181.664560	-251710.058715
2177708.189506	198083.244143	132554.843048
2169611.764483	243815.322980	178286.919021
1156842.786224	-80912.923574	-146441.319223
1272666.764891	197390.865177	131862.468099
1031142.556714	-128925.737546	-194454.131261
2188556.483724	178505.496208	112977.095249
1882559.556353	512588.324086	447059.924398
1379731.752992	160605.588070	95077.190304
1701803.358832	498534.849808	433006.447831
2120469.291847	357652.983280	250635.528957
1633172.968718	-319708.393978	-385236.792906
1009150.736867	178209.488790	112681.089542
1629436.954358	-85560.523478	-151088.922430
1732314.611109	415681.657582	350153.258288
1178484.527678	432382.665240	366854.268276
1946417.863287	280421.707780	214893.306674
999768.942360	186011.574536	120483.137037
2117532.345569	358272.214921	292740.922467
1141507.601421	-38480.849999	-104009.245441
1912635.488469	-299016.835858	-364545.235898
1077813.845483	59946.938011	-5581.456305
1426674.775536	611350.320122	545821.921443
1931730.032253	-30747.948017	-96276.347350
1483001.185003	-515835.418328	-581363.817043
2160350.860743	210528.543305	145000.140742
1150105.986614	-23697.884788	-89226.281205
2189942.113903	83157.911165	17629.511368
971792.666202	70760.958712	5232.567282
1895098.458525	600705.622237	535177.222577
1403104.548456	258809.397966	193280.999514
1137949.509060	401462.369519	335933.972943
1493699.176497	559115.190735	493586.791869
1001880.626551	210184.098008	144655.704523
2095215.291292	414297.631287	348769.211524
1918512.430539	-242285.067907	-307813.467377
2036120.364636	-300082.355413	-365610.754998
2156960.856327	284112.407346	218583.989251
1115917.624005	-105347.826442	-170876.221585
1257898.486378	-429489.785582	-495018.183210
968980.464984	44450.472096	-21077.919396
1401656.015668	177493.294779	111964.896571
1634754.357502	391950.599972	326422.198929
1848059.555821	537104.490595	471576.090952
1387647.961853	-422560.439583	-488088.837898
1186601.266921	305276.441227	239748.044649
1106012.343015	-118069.925841	-183598.321962
1232884.390262	-302420.327942	-367948.725764
1109410.810985	-324708.580680	-390236.976511
1982346.702822	500213.384777	434684.984513
1126651.954321	-235017.393214	-300545.788844
2056240.250379	272303.234082	206774.827095
1384143.931432	505741.364407	440212.966083
1990345.199674	-360200.753270	-425729.152728
2110783.985717	387907.556360	322379.086475
1970754.514701	194633.294456	129104.893962
1400388.822193	470903.639965	405375.241573
1734034.104483	98719.706515	33191.307460
1692765.370930	608861.957908	543333.558521
2029037.745767	-3247.849233	-68776.248735
1225825.737993	-416261.566724	-481789.964316
1008202.537185	290560.146034	225031.752318
1696270.707523	-429936.563224	-495464.962309
1260370.756241	274047.767265	208519.370100
1652750.195883	635087.969660	569559.570274
1237936.517520	-443068.453778	-508596.851975
1080559.462473	-293416.801376	-358945.196639
1674908.125403	632236.673386	566708.272924
1576230.603741	665075.903844	599547.504671
1203440.646672	-401774.211815	-467302.609452
1276892.514473	-147661.589707	-213189.986799
1860381.531524	559762.003580	494233.603685
1670771.086083	475467.214232	409938.814965
1710010.289921	94924.073451	29395.673783
1869190.879913	204398.011672	138869.612035
1502945.273380	219127.386454	153598.988026
1965139.990994	-325898.190176	-391426.589714
1635227.224985	-162748.752055	-228277.151041
1869084.787228	-171591.460809	-237119.860416
1422215.517146	501477.920383	435949.521655
1699056.566903	498139.235511	432610.470747
1425562.315097	542021.039862	476492.641102
1782560.686300	478039.024045	412510.624556
1100300.725452	437055.509987	371527.113680
1216913.899803	-351835.650230	-417364.047457
1838279.121003	629406.494156	563878.094525
2003922.432023	359112.292672	293583.885475
1769688.769794	-43544.855406	-109073.254471
1910655.216505	573415.334505	507886.934609
2106373.001729	118495.252725	52966.852804
1375183.182921	191698.670767	126170.272573
1192855.609380	467268.857102	401740.459778
2144112.708279	251852.316019	186323.909473
1389303.818695	337688.962655	272160.564554
1427513.706100	448354.273038	382825.874456
1992504.830188	-396495.393030	-462023.792546
1447153.684326	485105.146935	419576.747974
1250177.183698	568423.787628	502895.389462
1697282.549199	600088.836600	534560.432636
2077387.473796	-116882.700716	-182411.100230
1907006.206237	-421714.135003	-487242.535077
2108008.584463	395447.550387	329919.100797
1345540.204177	-431435.754041	-496964.152292
1118227.933185	-160247.008388	-225775.403713
1782085.819626	584214.835857	518686.436358
1350579.116003	-500033.826768	-565562.225070
1966695.652883	352267.163347	286738.760152
1729179.563956	-221042.497388	-286570.896469
2032865.978840	-321793.934238	-387322.338914
1536558.078485	296958.758001	231430.359371
1969284.623100	-42281.641810	-107810.041373
1305527.540898	217921.119268	152392.721720
1262086.562537	-452678.060342	-518206.458908
1028169.356471	-205136.051163	-270664.445118
1056857.978520	-34048.578738	-99576.972941
1480565.105611	-533867.422665	-599395.822008
2180851.725443	166336.533836	100808.131762
1086709.285616	288121.719433	222593.324153
1422313.270586	-500004.361286	-565532.759924
2194047.078043	-22858.791366	-88387.345612
1415768.272346	-512028.450453	-577556.850747
1004821.507855	162107.743342	96579.348981
1910269.794009	-120858.766757	-186387.166165
1368189.577370	-92407.212973	-157935.611264
1388038.447857	-208222.877928	-273751.275826
1023051.697380	-143471.417483	-208999.813189
1528789.655697	-269505.915224	-335034.314121
