0.000614	0.000923	0.000923
-0.007903	-0.004218	-0.004218
-0.000091	-0.000082	-0.000083
0.000291	0.000128	0.000128
-0.000460	0.000003	0.000002
0.001485	0.000099	0.000098
0.000082	0.000118	0.000116
0.000017	0.000012	0.000009
0.028632	-0.023592	-0.023595
0.004431	-0.002400	-0.002400
0.000089	0.000237	0.000236
-0.000285	-0.000462	-0.000464
0.000212	0.000339	0.000338
0.000907	-0.000047	-0.000048
-0.000690	-0.000193	-0.000198
0.000118	0.001095	0.001095
0.000869	-0.000080	-0.000080
-0.000178	0.000060	0.000059
0.000240	-0.000229	-0.000230
0.000187	-0.000223	-0.000224
-0.007436	-0.000247	-0.000249
0.000577	-0.001106	-0.001106
0.000251	-0.019752	-0.019757
-0.002492	-0.000042	-0.000042
0.000116	-0.000452	-0.000452
0.000009	0.000105	0.000104
0.000275	0.000039	0.000038
0.000302	0.000496	0.000493
0.000235	0.000130	0.000129
0.000931	-0.000120	-0.000121
-0.000632	0.000689	0.000688
-0.003745	0.003514	0.003514
0.000291	-0.000037	-0.000038
-0.000180	0.000374	0.000374
0.000317	0.000028	0.000027
0.000261	0.000072	0.000072
0.000671	-0.000577	-0.000577
-0.000194	-0.000000	-0.000001
-0.000223	-0.000863	-0.000863
-0.000324	-0.000176	-0.000177
0.000985	-0.000957	-0.000958
0.000034	-0.000697	-0.000697
0.000261	-0.000020	-0.000021
-0.000160	0.000063	0.000063
0.000234	-0.000158	-0.000159
-0.000241	-0.000458	-0.000459
0.000192	0.000136	0.000136
-0.002466	-0.001006	-0.001009
0.000220	0.000151	0.000146
0.000216	0.000002	0.000001
0.000017	0.000021	0.000019
0.002768	-0.000807	-0.000808
0.000242	0.001170	0.001168
-0.000057	-0.000104	-0.000104
0.000658	0.000253	0.000252
0.000659	0.033926	0.033925
0.000066	0.000080	0.000079
0.000338	-0.001158	-0.001159
0.003633	-0.001195	-0.001199
0.001854	-0.000283	-0.000283
-0.000524	0.000058	0.000057
0.000247	0.000958	0.000957
-0.000148	0.000581	0.000580
-0.001086	0.000151	0.000151
-0.000041	-0.000444	-0.000444
0.000364	0.000482	0.000482
-0.000137	-0.001696	-0.001698
-0.001469	0.001258	0.001257
-0.004529	-0.003476	-0.003478
0.000012	0.000361	0.000360
0.005223	-0.001227	-0.001232
-0.000173	-0.000654	-0.000655
-0.000051	0.000431	0.000430
0.002358	-0.000962	-0.000962
-0.002842	0.001922	0.001921
0.002603	0.003305	0.003305
-0.000334	0.000474	0.000471
-0.000116	0.000231	0.000229
0.000408	-0.000496	-0.000498
0.000621	-0.000103	-0.000103
0.000339	-0.000367	-0.000368
-0.031878	0.026652	0.026650
-0.000589	-0.002094	-0.002094
0.000086	-0.000144	-0.000145
0.000444	-0.000557	-0.000557
-0.000468	0.000801	0.000801
-0.000257	-0.001120	-0.001121
0.002820	-0.000923	-0.000925
0.002686	0.001161	0.001159
0.008291	0.005232	0.005231
0.000964	0.000053	0.000052
-0.000437	0.003465	0.003464
-0.001009	-0.000336	-0.000337
-0.000003	0.000063	0.000060
-0.000832	0.000338	0.000336
-0.000187	-0.000107	-0.000108
-0.001269	0.001346	0.001341
0.001263	0.000819	0.000818
0.000536	0.001521	0.001521
0.001296	-0.000021	-0.000021
0.003167	0.001627	0.001627
0.001823	-0.000570	-0.000571
0.006535	-0.007259	-0.007259
0.000956	0.000180	0.000180
0.002088	-0.002995	-0.002996
-0.000091	0.000135	0.000135
-0.000516	-0.000588	-0.000589
-0.000275	0.000055	0.000055
-0.000803	-0.001866	-0.001867
0.000055	-0.000006	-0.000006
0.000556	0.000131	0.000130
-0.000922	0.000532	0.000532
0.003182	-0.020887	-0.020888
-0.000292	-0.000187	-0.000188
-0.000470	-0.000466	-0.000469
-0.000190	0.000287	0.000287
0.000803	0.000116	0.000116
0.000816	0.000028	0.000025
0.000332	0.000939	0.000939
-0.000192	-0.000471	-0.000471
-0.000007	-0.000130	-0.000130
-0.000671	0.000337	0.000336
0.001148	-0.004132	-0.004132
-0.000286	0.000567	0.000567
0.000498	-0.000527	-0.000528
0.000473	0.000592	0.000592
0.000190	0.000035	0.000034
-0.001515	0.000717	0.000717
0.004157	-0.003560	-0.003562
0.000624	-0.000431	-0.000432
-0.000394	0.000272	0.000271
-0.000333	0.001325	0.001324
-0.000333	0.000309	0.000305
-0.003162	-0.000724	-0.000725
-0.000063	-0.000127	-0.000128
0.000510	0.001695	0.001694
0.000079	-0.000151	-0.000153
-0.004375	0.000087	0.000086
0.004138	0.004408	0.004406
-0.000422	0.000052	0.000050
0.000125	0.000478	0.000475
0.003884	0.000002	-0.000001
0.000513	-0.000129	-0.000129
0.000680	0.001572	0.001572
0.000736	0.000186	0.000185
0.001704	0.000875	0.000875
-0.000352	0.000636	0.000635
0.001348	-0.000534	-0.000534
0.000117	-0.000157	-0.000159
0.000262	0.000098	0.000098
0.001022	0.000048	0.000047
0.000088	-0.000371	-0.000372
-0.004556	0.015891	0.015891
-0.000747	0.000902	0.000897
-0.000612	0.001228	0.001227
0.000460	0.000425	0.000422
-0.000175	-0.000027	-0.000028
-0.010866	0.018623	0.018618
0.000037	-0.000126	-0.000127
-0.000751	-0.000151	-0.000155
0.000183	-0.000273	-0.000274
0.019489	0.022001	0.022000
-0.002305	0.003080	0.003079
0.000271	0.000167	0.000166
-0.000545	0.000999	0.000999
-0.000278	-0.000582	-0.000583
-0.000316	-0.000335	-0.000336
0.000754	-0.000210	-0.000212
0.000099	-0.000579	-0.000580
-0.000370	0.000335	0.000335
-0.001784	0.001786	0.001786
-0.000724	0.000414	0.000411
0.002645	-0.003150	-0.003150
0.000820	0.001190	0.001190
0.002573	-0.001307	-0.001308
-0.000239	-0.000104	-0.000104
-0.000192	-0.000487	-0.000488
0.000202	-0.001625	-0.001625
0.000082	0.000079	0.000077
-0.000439	-0.033563	-0.033565
0.000218	0.000088	0.000087
0.000115	0.000227	0.000227
0.000840	-0.000287	-0.000288
0.000147	-0.000047	-0.000050
-0.000868	-0.000444	-0.000446
0.001946	-0.001615	-0.001615
0.001107	0.000588	0.000588
0.000168	0.000206	0.000204
0.000018	0.000081	0.000081
0.000389	0.000060	0.000059
0.005968	-0.002576	-0.002576
0.000354	0.000057	0.000057
-0.000165	0.000469	0.000469
-0.000235	-0.000339	-0.000343
-0.000838	0.000116	0.000116
-0.000386	0.000686	0.000682
0.002080	-0.000071	-0.000071
-0.000134	-0.000498	-0.000499
-0.000766	0.000673	0.000668
-0.019858	-0.021665	-0.021666
-0.000048	-0.000202	-0.000202
-0.005661	0.007901	0.007901
-0.002056	-0.000173	-0.000174
-0.001812	0.000356	0.000355
-83.998090	84.001340	0.001344
-83.999783	83.998453	-0.001546
-84.000568	84.000691	0.000691
-84.000551	84.000067	0.000068
-84.001579	83.998485	-0.001515
-83.999539	84.000222	0.000222
-84.000105	83.999939	-0.000061
-84.000563	84.000468	0.000469
-83.999966	83.999399	-0.000597
-84.025364	84.035588	0.035589
-84.000484	84.000017	0.000017
-83.999240	83.999787	-0.000213
-84.004957	84.005365	0.005370
-84.000174	84.000126	0.000126
-83.998708	84.001363	0.001364
-84.001095	83.999647	-0.000350
-83.999426	83.999798	-0.000201
-83.999799	83.999758	-0.000241
-83.998036	84.000311	0.000311
-84.001100	83.998615	-0.001385
-84.001022	84.000880	0.000880
-84.000430	83.999424	-0.000574
-84.002349	83.997164	-0.002836
-84.000203	83.999640	-0.000359
-83.999969	83.999925	-0.000073
-84.001537	83.999339	-0.000660
-83.999949	83.999988	-0.000011
-84.000812	84.000730	0.000732
-84.000370	83.999611	-0.000389
-83.999290	84.000568	0.000568
-84.000680	84.000183	0.000184
-83.999916	83.999718	-0.000282
-84.002405	83.998512	-0.001487
-83.999321	84.000707	0.000709
-84.000458	83.999350	-0.000649
-84.000720	84.000182	0.000182
-84.000219	83.999787	-0.000212
-84.000206	83.999687	-0.000311
-83.998895	83.999627	-0.000373
-84.001093	83.999992	-0.000008
-83.999212	83.999556	-0.000444
-83.997360	83.997374	-0.002626
-83.945453	84.000672	0.000673
-83.999940	84.000680	0.000683
-84.001863	84.000158	0.000159
-84.001118	84.000276	0.000276
-84.000375	83.999570	-0.000427
-84.000338	83.999882	-0.000117
-84.000956	84.000539	0.000539
-83.997962	84.000000	0.000000
-84.000619	83.999455	-0.000545
-83.999755	84.000184	0.000184
-84.000111	83.999581	-0.000417
-84.000152	83.998576	-0.001423
-83.999568	83.999663	-0.000336
-83.998369	83.996131	-0.003864
-83.999941	83.999806	-0.000193
-83.999372	84.001038	0.001039
-83.999552	84.000078	0.000081
-84.000670	84.000117	0.000117
-84.000864	84.000137	0.000138
-84.004280	84.001419	0.001419
-84.000222	84.000030	0.000030
-83.999100	84.001174	0.001178
-83.999622	83.999184	-0.000815
-84.005309	84.002958	0.002958
-83.998963	84.000636	0.000636
-83.999700	83.999493	-0.000506
-84.000147	83.999996	-0.000002
-83.999726	83.999637	-0.000361
-83.997013	84.004861	0.004861
-84.002199	83.999655	-0.000346
-84.000235	84.000305	0.000307
-84.000538	84.000377	0.000378
-84.000742	84.000075	0.000075
-83.999306	83.999675	-0.000325
-84.001197	83.999815	-0.000182
-83.998845	83.999803	-0.000197
-83.999781	83.999703	-0.000297
-83.999658	83.999947	-0.000052
-83.999419	84.000591	0.000591
-84.000095	84.000420	0.000420
-83.999288	83.999662	-0.000337
-83.999682	83.999641	-0.000359
-83.999922	84.000120	0.000122
-84.000919	84.000475	0.000477
-83.999977	83.999978	-0.000022
-84.000710	84.000482	0.000482
-84.003099	84.007305	0.007307
-84.001568	84.001890	0.001889
-83.999812	83.999981	-0.000019
-83.999620	83.999015	-0.000984
-83.999562	84.000358	0.000358
-84.000538	84.000103	0.000107
-83.999092	83.999741	-0.000259
-83.999643	83.999564	-0.000434
-84.001992	84.000393	0.000395
-83.999283	84.000557	0.000560
-84.001081	83.998798	-0.001201
-84.000718	84.000450	0.000450
-84.000057	83.999940	-0.000060
-83.998728	84.000625	0.000626
-84.000595	83.999856	-0.000142
-84.000307	83.999677	-0.000321
-84.000984	83.999767	-0.000233
-83.999888	84.000114	0.000115
-84.002166	84.001756	0.001756
-84.000086	83.999847	-0.000152
-84.000418	83.999836	-0.000164
-84.000231	83.999312	-0.000688
-84.001105	84.001624	0.001623
-83.999533	84.000146	0.000146
-84.000074	84.000113	0.000113
-84.000599	83.999970	-0.000030
-84.000258	83.999994	-0.000006
-83.999419	84.000168	0.000169
-84.000101	83.999433	-0.000565
-83.999715	83.999434	-0.000566
-84.000948	84.000441	0.000441
-84.000072	84.000280	0.000280
-83.999549	83.999939	-0.000061
-84.002765	83.999747	-0.000254
-83.978033	83.964362	-0.035744
-84.002565	84.000947	0.000947
-84.000883	84.000236	0.000236
-83.999917	83.999947	-0.000053
-83.999929	84.000176	0.000177
-83.999203	84.000043	0.000043
-84.000147	83.999261	-0.000739
-83.999864	84.000011	0.000012
-84.000676	84.000410	0.000412
-84.005726	84.001378	0.001377
-84.000322	83.999827	-0.000172
-83.999539	84.000800	0.000800
-83.998197	84.000638	0.000638
-83.999597	83.998764	-0.001235
-83.997700	83.997970	-0.002034
-84.000048	84.000195	0.000195
-83.999125	84.000645	0.000645
-83.993724	83.993533	-0.006474
-84.084880	83.918423	-0.081577
-84.053324	84.046847	0.046848
-84.000369	84.000045	0.000046
-84.001251	83.999778	-0.000219
-83.998910	84.002527	0.002526
-83.999969	83.999942	-0.000058
-83.999762	83.999866	-0.000133
-84.002089	84.001590	0.001593
-84.000023	83.999780	-0.000219
-84.003134	84.000101	0.000100
-83.909777	84.079675	0.079243
-84.003173	83.999257	-0.000744
-84.000817	83.998688	-0.001309
-84.000497	83.999666	-0.000333
-83.999193	83.998974	-0.001025
-84.000262	83.999557	-0.000442
-84.000558	84.000023	0.000023
-84.000065	84.000202	0.000202
-83.999866	84.000433	0.000434
-84.052755	84.002014	0.001917
-83.999504	83.999687	-0.000313
-83.999866	83.999911	-0.000089
-83.999931	84.000353	0.000353
-83.999935	84.000170	0.000171
-84.000196	84.000341	0.000342
-83.998289	84.000595	0.000597
-83.999780	83.999453	-0.000547
-84.001820	84.000185	0.000186
-84.000680	83.999019	-0.000977
-83.999587	83.999941	-0.000059
-83.998939	84.000670	0.000671
-83.999647	83.996896	-0.003101
-83.999065	84.000065	0.000065
-83.999098	84.000258	0.000263
-84.000607	83.999611	-0.000389
-83.999855	83.999658	-0.000342
-83.945483	83.954208	-0.045989
-83.998688	84.002330	0.002330
-83.999739	83.999103	-0.000897
-84.001058	84.000151	0.000152
-83.999803	83.999969	-0.000030
-84.001041	84.000776	0.000775
-83.996438	83.999320	-0.000679
-84.000158	83.999834	-0.000165
-83.995745	83.995207	-0.004798
-83.993711	84.002824	0.002819
-84.000261	84.000564	0.000565
-83.999772	84.000082	0.000082
-84.000201	84.000416	0.000416
-83.999487	84.000092	0.000093
-84.001033	83.999275	-0.000725
-83.999975	83.999636	-0.000363
-84.000525	84.000733	0.000733
-84.001102	84.000956	0.000959
-83.999770	83.999853	-0.000143
-84.000600	84.000609	0.000609
-84.000340	84.000007	0.000008
-83.999381	83.999739	-0.000259
-84.000016	83.999973	-0.000027
-84.000324	83.997769	-0.002233
-84.003013	83.995125	-0.004880
-83.999901	84.000143	0.000144
-83.996312	84.000199	0.000203
-84.000014	84.000122	0.000122
