-262482.145502	180161.877505	180161.876508
34756.092698	88527.479816	88527.478004
-342016.601533	-109855.611339	-109855.612232
-97325.864895	-195093.287043	-195093.288402
-185229.419812	106741.894275	106741.893109
532285.882978	261704.003568	261703.997439
-23063.310696	-592122.554059	-592122.555226
-454774.521130	-140109.268478	-140109.269219
-159017.048947	561440.746659	561440.745716
-204172.560817	313548.510099	313548.509057
-349450.169516	148421.288890	148421.288019
251451.673674	-20013.459024	-20013.462137
-145536.466464	46477.286230	46477.284961
-584809.947264	-163664.136492	-163664.137099
43670.620596	-113318.923439	-113318.925300
-80825.002919	-253170.980609	-253170.981979
-586001.506948	28741.889337	28741.888723
597269.661968	160083.895412	160083.886447
445929.955893	-424356.184212	-424356.188266
164496.385976	589989.892892	589989.891299
130779.028548	235447.181789	235447.179694
-174983.189270	36518.342880	36518.341677
72347.156327	-77705.954037	-77705.956033
-83973.025729	-478423.041602	-478423.042774
-1207.747448	519478.125251	519478.123977
-189218.281236	-589146.348941	-589146.349832
-170599.055229	-35580.758418	-35580.759634
566086.572439	-55985.984369	-55985.993353
-27272.631686	581557.318937	581557.317791
412576.221037	444752.577705	444752.574388
251374.130619	554937.777142	554937.775168
574797.334977	180943.489703	180943.481727
-550796.797888	52000.993809	52000.993163
490741.902244	-355810.596850	-355810.602038
538840.547912	-258098.805721	-258098.812791
-411734.732366	259559.679600	259559.678838
25898.520277	231042.425075	231042.423398
-385572.424817	71855.255963	71855.255131
413590.198808	297854.850098	297854.846058
243159.101009	385839.974967	385839.972590
81248.274408	611383.834801	611383.833465
16321.988860	400605.564783	400605.563319
-410343.727428	-239054.473547	-239054.474322
-122351.071465	-138424.204576	-138424.205892
-526653.550924	-311659.108785	-311659.109419
329182.154702	265022.053474	265022.050158
-16007.308132	-264646.635604	-264646.637154
130464.743910	5632.969055	5632.966769
280883.540669	513498.266247	513498.264030
470197.938042	-244707.981781	-244707.987372
583786.490765	67665.135054	67665.125804
301919.575656	138499.693035	138499.689640
275504.929251	531967.613956	531967.611817
483320.450996	308551.523032	308551.518131
-615483.536998	25409.110535	25409.109946
-289206.578911	-104807.913953	-104807.914930
-510378.176881	344388.468947	344388.468310
-32564.141754	-192518.280405	-192518.281952
-409231.892344	392624.142359	392624.141638
379565.553096	-260420.529599	-260420.533709
-130016.460532	585777.441753	585777.440787
549524.123648	-271585.915748	-271585.922985
209166.041406	-573349.911182	-573349.913020
-308484.469803	493783.741063	493783.740274
137758.463832	-434535.024367	-434535.026243
-186629.038717	525502.663073	525502.662142
-48753.350345	534897.853694	534897.852537
394194.470125	357309.868502	357309.864940
-200068.539458	-474944.647053	-474944.648016
-187874.517286	138239.277652	138239.276500
502545.213060	356152.613134	356152.608281
-213282.236552	-578174.522267	-578174.523134
395379.108307	-156481.392536	-156481.397180
94099.728014	-225253.994984	-225253.996988
289285.919639	-442115.061376	-442115.063996
-476558.756124	363611.327748	363611.327086
260943.966213	-205783.515724	-205783.518774
89181.865853	-488891.687656	-488891.689259
283566.384849	-368307.954490	-368307.957313
-343606.050934	-21156.868149	-21156.869045
-226241.323603	-573974.641660	-573974.642513
-55751.701354	-406409.261525	-406409.262833
-188962.548927	451161.881126	451161.880145
-69875.428472	24969.252182	24969.250708
-12626.659066	-565864.839649	-565864.840871
132455.241595	-239388.529694	-239388.531865
3219.377194	-617940.036376	-617940.037562
-335429.864448	179434.771880	179434.770996
-68176.918235	594889.217670	594889.216613
131196.998851	122228.949284	122228.947060
-164519.699640	-596233.200484	-596233.201404
425085.523049	-267798.424835	-267798.429535
-581122.647883	4040.339688	4040.339069
128714.246836	-184531.105597	-184531.107807
-385960.973472	-483573.164997	-483573.165712
82525.010975	-56153.970354	-56153.972400
535407.760266	-120597.293540	-120597.301351
-416656.123581	95576.053629	95576.052840
136719.051199	-356928.479579	-356928.481594
-370236.999983	495760.099762	495760.099043
-91971.535993	598207.815632	598207.814618
-494081.319959	349307.203099	349307.202449
-179968.693453	-591994.813931	-591994.814832
492528.433017	-275908.179089	-275908.184926
516974.654760	202236.931962	202236.925696
-403655.994573	322421.005719	322421.004967
-529211.120280	306335.051987	306335.051359
-604551.324164	-55779.558018	-55779.558616
-558638.755150	-93799.958284	-93799.958921
471726.472195	-358664.004322	-358664.009182
576486.426119	19925.975139	19925.965918
513127.092387	265929.810463	265929.804751
537398.712226	196716.712359	196716.705572
-463680.168126	396358.734753	396358.734089
204098.853889	481345.543307	481345.541344
266238.244299	946.313405	946.310171
549481.047213	-208198.047721	-208198.055518
138896.138807	588410.585882	588410.584360
-178080.404681	-485230.847716	-485230.848708
-437148.075888	-421014.173898	-421014.174586
328915.904838	522084.975572	522084.973138
-137780.074035	488360.710541	488360.709504
-453247.781199	246446.016554	246446.015836
315734.693088	-165793.940379	-165793.944005
144961.798739	600831.906988	600831.905472
530313.894915	-229401.896139	-229401.903213
-60317.431912	-615801.645384	-615801.646453
10883.083051	-275707.381948	-275707.383577
570063.688953	179270.747983	179270.740140
-171122.231567	40144.312478	40144.311267
205852.537554	-211701.109264	-211701.111898
-361933.237535	-411663.892695	-411663.893470
573807.888571	-217581.254629	-217581.263165
-589194.804285	-126302.166285	-126302.166892
-338499.305121	-387091.233283	-387091.234098
249428.495502	-505102.237288	-505102.239486
-177110.833529	275454.201772	275454.200658
-340623.793734	-493458.704465	-493458.705226
263611.238336	522727.148382	522727.146270
-224274.463279	498138.646953	498138.646058
151396.937420	298436.683731	298436.681634
92196.742403	-438078.623706	-438078.625406
-443950.104313	230623.561770	230623.561038
377106.864237	-425399.501342	-425399.504689
-489779.752239	272753.623882	272753.623208
332772.238220	-440904.921243	-440904.924163
-249049.279470	63108.206314	63108.205266
-264680.272332	534360.593787	534360.592969
542888.081368	-213681.949008	-213681.956560
-182567.788317	586980.580500	586980.579611
-390468.208515	-295676.141118	-295676.141902
571888.180438	-8885.121964	-8885.131104
534657.824550	131757.641591	131757.634398
-321287.615264	231313.508576	231313.507687
582087.389677	-187273.855952	-187273.865071
11104.223082	554479.610222	554479.608965
-296185.770899	-480944.252374	-480944.253195
248269.752954	538857.496501	538857.494498
-460130.719606	-405558.749590	-405558.750261
-240365.754591	-560762.797656	-560762.798500
472044.702335	-297926.168464	-297926.173758
-600718.363890	-147250.366285	-147250.366880
-413366.595694	228137.454473	228137.453705
-163780.348554	596241.078602	596241.077694
95608.534156	507075.222380	507075.220841
-44811.131223	46673.293058	46673.291511
558288.886012	-36848.214725	-36848.223403
331521.788741	-516289.366247	-516289.368853
243135.788521	479881.954842	479881.952708
-248240.717823	541852.253474	541852.252639
-378576.077241	439505.721268	439505.720533
-239894.457506	534721.154059	534721.153209
-204590.206175	-218871.465678	-218871.466781
-190252.530847	585494.061458	585494.060578
-271696.514588	555821.747406	555821.746609
487515.311663	-134792.793769	-134792.800217
366437.186400	67548.827995	67548.823754
55725.799626	-510037.023650	-510037.025119
82372.391775	148721.859389	148721.857419
-95326.731653	-422121.533137	-422121.534338
293668.187236	127476.758013	127476.754674
494395.806284	-301871.188130	-301871.193812
-291889.952406	-297842.513028	-297842.513946
-573658.388193	-158850.823541	-158850.824158
403532.929810	-449478.607162	-449478.610624
-86720.057618	-136346.608891	-136346.610301
35743.521276	604186.659307	604186.658062
231376.830821	-130554.783010	-130554.785922
28292.751526	363630.201394	363630.199851
-270977.420569	-548122.316279	-548122.317092
581049.010095	-211084.812664	-211084.821530
-415808.453822	-202076.558588	-202076.559364
-269094.566053	183844.771848	183844.770862
-40848.880268	580898.519807	580898.518686
-352113.712415	-178739.175369	-178739.176235
-496716.281478	306706.308338	306706.307679
-533341.130366	-312083.908529	-312083.909156
-358860.395484	121818.215369	121818.214507
-465007.586120	-332358.735898	-332358.736586
-127004.195024	215977.281152	215977.279899
43484.122553	616325.804118	616325.802873
-228422.069163	-438204.194127	-438204.195070
44298.855038	46055.257696	46055.255828
-457335.109758	261964.478528	261964.477818
1794051.060641	-345117.770891	-413166.169930
2154680.424318	-14454.660850	-82503.060365
1989440.892512	212413.435501	144365.034936
1449128.007042	570934.679984	502886.281536
1209810.204887	-307657.859935	-375706.256399
2016140.017799	-208770.827062	-276819.226370
1766431.203065	-387532.229177	-455580.628231
1889113.260835	-183851.278096	-251899.677239
2082153.044789	421272.576519	353224.164316
1343589.067127	-123924.467083	-191972.864290
1667423.491505	586981.992680	518933.593649
2127197.998805	197630.505912	129582.104754
1063210.814250	-206695.153192	-274743.546846
1401427.422714	-124371.146774	-192419.544420
1805489.798954	124613.665818	56565.266691
1648818.558533	678432.283194	610383.884137
1892109.211290	-284101.091165	-352149.490341
1847903.487082	603711.419013	535663.019615
1431167.170768	379847.307422	311798.909353
2106096.911801	252593.381724	184544.975614
1120137.302079	370488.923495	302440.527862
1001569.635003	-144256.762891	-212305.154404
1337580.202270	635841.619261	567793.221062
2021947.588670	-153800.178229	-221848.577573
1517572.786415	670254.782815	602206.384025
2017231.060039	-182442.301609	-250490.701296
2159495.822339	-56866.097634	-124914.497174
1210084.400993	560421.489630	492373.092272
1619288.914350	-549615.022129	-617663.421027
1679111.557559	664017.104249	595968.704916
1537711.562649	-422820.617823	-490869.016372
1591373.105643	-80573.478466	-148621.876898
1661638.006818	-143044.305745	-211092.704417
983561.942616	8551.237871	-59497.152843
2037811.865074	-326614.368557	-394662.767916
1781308.041487	-282305.514605	-350353.913623
999069.724487	-61606.063361	-129654.454616
1508587.978254	367367.128064	299318.729668
1428658.966403	259611.626502	191563.228613
2190886.543367	14055.318221	-53993.081437
1579889.752455	-540785.600682	-608833.999647
1593848.632814	-217176.199332	-285224.597844
1650631.592177	533075.864157	465027.465163
2193789.215344	-22589.735132	-90638.135520
1648457.282967	398033.208829	329984.809936
1891984.305884	-434388.710180	-502437.109416
996021.426833	184239.156489	116190.764639
1848824.754527	-370953.629788	-439002.029005
1416797.683764	-100954.255603	-169002.653516
1502707.235947	674683.379640	606634.978284
1594960.432822	-344560.632425	-412609.031053
1779599.744128	-379365.763030	-447414.164217
1846363.565832	-436801.940674	-504850.339996
1377630.095589	-107921.442847	-175969.840900
1169439.568340	528361.779074	460313.382084
1527571.318187	-391139.662261	-459188.060866
1664442.675187	198900.409835	130852.011055
1151828.546191	-372748.573116	-440796.969298
1886926.901362	-266518.967534	-334567.367387
1218971.637348	545895.505187	477847.106795
1267750.462839	-55657.303904	-123705.700425
2121413.898861	-7447.524340	-75495.924169
1486520.074327	386083.635679	318035.237033
1546432.539422	-250486.000762	-318534.399185
2076680.267429	339969.584622	271921.059414
987874.570691	-34739.748277	-102788.139325
1956718.615434	-103937.563127	-171985.962401
1721866.169073	-177346.220054	-245394.618921
1657405.853421	235389.740444	167341.341576
1044179.361829	-53091.258558	-121139.651414
1799815.335190	342535.397684	274486.998171
2118022.999491	366464.090487	285069.005628
994882.440387	-126139.255881	-194187.647688
1807442.084048	-124018.669911	-192067.068935
1625074.894329	112175.394447	44126.995853
1421660.810288	-446037.760351	-514086.158573
1484491.094567	-348054.973095	-416103.371416
1047462.476471	-183661.694032	-251710.087439
2175188.027605	200603.247576	132554.846313
2167091.567776	246335.321290	178286.916737
1154322.721780	-78392.926694	-146441.321801
1270146.820168	199910.892303	131862.495585
1028622.406753	-126405.885818	-194454.278718
2186036.248559	181025.433008	112977.031926
1880039.495092	515108.355172	447059.955514
1377211.799740	163125.682264	95077.284773
1699272.879562	501053.328419	433004.926056
2117361.383195	360462.283842	249021.890533
1630652.938547	-317188.396809	-385236.795600
1006629.797199	180729.834678	112681.435814
1626916.883808	-83040.535714	-151088.934528
1729794.579929	418201.667549	350153.268338
1175964.519993	434902.664481	366854.267889
1943897.877478	282941.705554	214893.304263
997248.773942	188529.647727	120481.207611
2115012.762955	360792.240556	292740.465132
1138987.639938	-35960.765469	-104009.160340
1910115.365343	-296496.733439	-364545.133451
1075293.827086	62466.920730	-5581.472877
1424154.797946	613870.273451	545821.874935
1929210.078471	-28227.974732	-96276.373985
1480481.126006	-513315.478870	-581363.877425
2157830.887459	213048.465569	145000.062685
1147585.887907	-21178.031688	-89226.427617
2187422.067885	85677.914380	17629.514602
969272.685296	73280.899631	5232.509279
1892578.363787	603225.550199	535177.150582
1400584.660268	261329.381297	193280.983056
1135429.521398	403982.360896	335933.964746
1491179.110296	561635.176762	493586.778039
999360.637760	212703.952723	144655.560075
2092694.797519	416817.705702	348769.283530
1915992.381238	-239765.096330	-307813.495727
2033600.288056	-297562.454909	-365610.854436
2154440.777223	286632.354085	218583.933297
1113397.506006	-102827.951232	-170876.345762
1255378.358545	-426969.847473	-495018.244806
966460.503898	46970.488020	-21077.902390
1399135.881436	180013.301749	111964.903774
1632234.661250	394470.674121	326422.273039
1845539.581258	539624.530513	471576.130913
1385127.934114	-420040.460291	-488088.858393
1184081.274265	307796.433591	239748.037436
1103492.420859	-115549.792717	-183598.188294
1230364.223384	-299900.391541	-367948.789054
1106890.833912	-322188.547182	-390236.942487
1979826.660045	502733.370786	434684.970472
1124131.929139	-232497.368715	-300545.763794
2053720.277741	274823.229035	206774.820957
1381624.050255	508261.327590	440212.929471
1987825.165313	-357680.711338	-425729.110727
2108263.732055	390428.043050	322379.563648
1968234.582925	197153.356071	129104.955511
1397868.908055	473423.663588	405375.265395
1731513.950687	101239.689431	33191.290491
1690245.466091	611381.606302	543333.206997
2026517.732116	-727.862271	-68776.261714
1223305.763053	-413741.560784	-481789.958065
1005682.568102	293080.125221	225031.732287
1693750.709397	-427416.529288	-495464.928258
1257850.764281	276567.756487	208519.359672
1650230.425794	637607.924538	569559.525235
1235416.706223	-440548.355814	-508596.753756
1078039.507631	-290896.791588	-358945.186250
1672387.980152	634756.638756	566708.238292
1573710.599866	667595.865802	599547.466735
1200920.753792	-399254.238047	-467302.635367
1274372.526141	-145141.572383	-213189.969111
1857861.496214	562281.965707	494233.565835
1668251.147625	477987.263485	409938.864312
1707490.429086	97444.103806	29395.704209
1866670.886174	206918.012219	138869.612617
1500425.245957	221647.396228	153598.997994
1962619.983009	-323378.176710	-391426.576183
1632707.276376	-160228.727067	-228277.125918
1866564.852407	-169071.501833	-237119.901375
1419695.512209	503997.869060	435949.470500
1696547.002998	500660.760861	432611.966317
1423042.349888	544541.013584	476492.614986
1780040.646587	480559.031918	412510.632490
1097780.783481	439575.480542	371527.084692
1214393.888400	-349315.636248	-417364.033121
1835759.111437	631926.403363	563878.003783
2001402.403051	361632.268536	293583.860261
1767168.764325	-41024.865848	-109073.264798
1908135.098522	575935.336569	507886.936691
2103853.000086	121015.269294	52966.869373
1372663.241987	194218.621159	126170.223205
1190335.607765	469788.828287	401740.431296
2141592.719231	254372.274219	186323.866740
1386783.842861	340208.963130	272160.565265
1424993.687238	450874.323407	382825.925008
1989984.777819	-393975.331706	-462023.731157
1444633.570770	487625.164037	419576.765223
1247657.121560	570943.720702	502895.322772
1694762.275521	602609.171902	534560.767660
2074867.422685	-114362.698386	-182411.097840
1904486.086538	-419194.187972	-487242.588021
2105488.675266	397967.045781	329918.589897
1343020.236571	-428915.739672	-496964.137698
1115707.882466	-157726.977047	-225775.371779
1779565.811873	586734.819033	518686.419598
1348059.158944	-497513.783406	-565562.181496
1964175.724637	354787.161168	286738.757497
1726659.557110	-218522.474603	-286570.873566
2030346.240067	-319274.191070	-387322.596087
1534038.057336	299478.761618	231430.363156
1966764.568676	-39761.635253	-107810.034755
1303007.532195	220441.097387	152392.700149
1259566.457228	-450157.912173	-518206.310522
1025649.496612	-202615.972890	-270664.366058
1054337.938071	-31528.659985	-99577.053441
1478045.090414	-531347.276255	-599395.675489
2178331.760144	168856.766712	100808.364439
1084189.289270	290641.711254	222593.316562
1419793.178466	-497484.513405	-565532.911868
2191530.352694	-20342.150469	-88390.716999
1413248.387335	-509508.224446	-577556.624695
1002301.510568	164628.002521	96579.608938
1907749.802945	-118338.773313	-186387.172643
1365669.639193	-89887.334441	-157935.732491
1385518.442089	-205702.859034	-273751.256669
1020531.516784	-140951.296255	-208999.691292
1526269.727872	-266985.857175	-335034.255918
