1947.981425	-102.695961	-95.891842
1902.409712	-17.948462	-17.616927
1848.328409	118.011220	35.392674
1821.887241	-91.111885	-62.144263
7018.251049	-1662.589001	-1690.944111
1704.667983	80.769105	25.981163
1696.447644	235.822747	120.874216
1823.993398	177.649783	242.325432
2118.643005	-11.717572	-96.747578
1820.745330	-95.889525	-63.519298
1887.299787	-171.469298	-228.484222
688.456221	812.059846	-293.455204
2057.993383	16.785840	-53.556406
2166.254878	1037.654696	1060.197487
1947.156484	4.653374	3.721367
1809.174667	86.046937	102.781008
1739.659020	62.914486	40.606477
2000.051282	332.835628	254.289295
1548.419069	313.266802	211.656444
-32435.200743	223978.022143	223977.865617
1790.343031	-62.612707	-42.516638
1890.119901	131.571865	73.364991
1890.847483	130.242438	74.789675
1820.681149	300.080942	126.295150
1580.871975	278.283519	218.119992
1479.354453	-756.469632	-804.727358
3204.936396	1642.815538	1589.473994
2091.321150	385.121974	375.703318
2014.227275	570.798794	437.379645
3436.017745	-484.961239	-653.647651
1837.205355	-31.258618	-167.364925
1896.259442	-104.379847	-71.001362
394.430510	6314.728710	6293.926275
2080.821432	-283.251080	-284.650691
1304.286352	-123.783554	106.447583
1905.611461	-46.935331	-77.747781
1341.191637	21.365703	59.328795
2148.822159	-409.207387	-227.029940
1567.139603	88.412796	-446.647223
-539.158049	-601.403250	-629.081834
1859.108108	-241.683469	-206.556898
2084.644443	207.941348	182.179816
1993.467646	-214.434131	-197.550096
1627.052710	69.610286	53.606988
2030.473658	-433.876176	-484.923847
3005.996738	112.072361	82.100043
1552.006742	-77.069284	-34.889067
1953.338268	-130.084362	-137.973331
1815.296612	-149.075422	-126.076511
2184.212908	40.565993	-124.121393
2211.144129	400.780599	149.325015
1664.747833	24.551313	47.736719
1525.174461	170.130252	156.836081
1997.114832	310.087400	267.140561
1632.839200	-420.330647	-444.325954
1801.369368	-55.389462	-23.339681
1518.109130	104.784006	82.163450
963.809974	-444.469346	917.793228
1866.093628	-184.134166	-103.537288
2236.875882	7.531818	-118.671255
2638.410234	909.411748	1509.156272
1794.934233	-23.029979	-7.937158
1634.257253	-207.500354	-164.932016
2040.273035	-137.025537	-168.221273
1813.138872	-290.314484	-222.430119
1992.920715	422.586212	298.791400
2064.083836	170.214564	155.664354
886.996896	1353.607981	1301.119986
2345.376272	-700.021134	2036.093344
1965.885924	-158.030935	-208.737812
1590.731151	-341.030215	-154.893907
1800.769110	-927.075652	79.919097
3120.653636	-6411.104189	-5617.855320
1841.539631	-231.320437	-188.343858
1927.100871	414.455170	315.435481
2034.114328	267.451321	2.780898
1848.612457	-225.702789	-194.065203
1873.142259	152.464044	29.902544
1872.389270	829.176930	576.653358
1683.015134	481.735539	378.656700
1256.561595	-328.483428	-359.572731
2107.587631	319.181954	59.931812
3403.826241	1873.481297	1812.203680
1875.422415	-247.814086	-211.764182
2589.870677	-627.225233	-816.849502
1629.333156	68.104408	51.684264
2053.467514	-120.651411	-128.482378
1976.875230	-189.340683	-171.603654
1833.348436	-280.631226	-234.537083
1707.359919	79.438346	28.369566
2720.999250	-481.335484	-551.650492
2168.701785	141.046053	-33.806178
1869.708741	-227.856973	-195.477518
2070.178293	260.988927	185.549939
4324.050986	-1133.436262	-1157.828973
1440.017197	-60.015774	122.070778
1474.373160	110.074760	113.983712
2070.250481	32.115322	-53.094181
1806.147636	-55.682323	-27.973720
1786.151559	97.496567	10.631412
5090.707198	-963.000184	-1008.859247
1634.642732	60.454267	52.605964
2938.446268	262.826135	202.110951
1344.058863	408.558021	238.569801
1768.532827	155.770850	99.995396
1775.297630	-172.583046	-309.351679
1772.859693	-6.373665	11.442272
1974.222807	-181.005559	-208.132367
595.215810	5154.219030	4298.044570
1994.637041	449.420067	480.699211
-12174.082996	-5323.533797	10718.768073
4422.481980	171.586105	112.962889
1769.674276	11.269277	26.020283
2559.256159	1305.104310	1220.874860
1696.909097	38.368982	24.324670
1453.329916	-277.247058	-375.328141
2061.576428	-4.464604	-44.311354
1694.634543	347.843555	199.275305
1952.171764	-45.816532	-31.243117
1696.057017	233.664092	119.655001
1649.712205	743.096267	642.042033
2393.660691	-153.175710	-179.449026
1695.324627	-237.921748	-185.731731
1611.286531	-297.368080	-173.638208
1977.029173	-192.353974	-170.220634
1916.492140	-36.449480	-20.017227
1854.178344	-233.151437	-202.092364
1661.834218	273.858518	134.023007
5299.704546	-16152.604037	-16154.936658
2052.861303	-252.643482	-274.130320
1689.636031	342.160268	142.539197
2060.213898	-253.682488	-268.146163
-6456.107044	-5059.892063	-5078.263918
1575.833842	125.838010	96.625641
591.260479	1725.601380	406.885524
1901.862712	-56.587474	-11.666991
1712.161562	726.253446	670.838781
2535.404009	234.705782	240.352644
1889.615370	-194.670070	-241.183587
1548.964009	298.883319	267.818774
-73504.814067	103346.184629	103346.011263
1950.095594	-32.118345	-49.855652
452.962247	-158.147348	-193.637872
1943.973671	-110.945173	-137.874141
1906.679376	225.305143	172.279697
1104.362227	688.968146	654.815472
-8546.481250	772.461832	-3950.544387
-9702.720941	-1189.403510	-1380.320646
1875.870712	40.884430	24.829479
2056.553775	-123.543677	-132.962847
1892.351055	718.986662	584.071569
2554.445189	920.735667	1209.368550
855.738826	-369.304870	-397.489528
1892.786312	-124.397742	-107.160017
1799.773623	-53.315142	-28.190202
1632.968896	60.235664	56.140342
1947.890829	10.138969	16.038335
1585.958196	-345.789576	-159.325985
2799.140722	535.358650	-690.976896
1494.331552	-284.433931	-202.754802
2326.601699	390.503864	-117.851653
2336.112113	230.721329	172.405752
2366.008857	-88.872772	-163.022773
1855.759841	626.014523	575.614251
1857.789681	-121.507345	-88.530760
1992.518864	26.489964	-58.208134
1917.134998	-22.241480	-21.907742
2031.878926	-1068.048641	-1019.752817
1905.344859	27.757862	28.091530
3892.817904	108.335715	83.343014
2154.200395	-226.385025	-214.608911
1719.541593	-105.042722	-36.475361
1750.799744	98.600971	54.592819
1287.457789	-840.586343	-808.735458
7890.650757	-8977.326214	-9645.514257
1572.303239	61.435572	100.641783
1983.600485	197.702823	190.622526
2123.798162	218.597738	138.827166
1630.486222	512.793285	426.543944
1691.082583	-682.143677	-290.181378
1905.057574	-8.758258	-21.233732
1991.310780	422.283325	289.541920
2000.593954	421.384593	252.570064
1152.221064	662.694881	619.962848
1258.523638	438.892930	376.077183
1195.702448	-11.282947	-171.925210
2197.735178	-102.086295	-136.953037
289.502118	457.850595	424.235862
1800.400637	120.304786	92.514124
2205.838701	-126.075536	-127.186895
1283.937408	90.191076	78.935536
913.308518	18.244857	65.091245
1795.963113	10.526211	17.562020
1877.916818	-193.527035	-193.026637
9653.753486	-4163.262310	-4260.242065
2092.421785	583.083954	637.073088
1998.803393	-227.160889	-216.295850
2155.457328	254.515878	113.378118
1841.928395	408.765109	178.851250
1360.846947	162.804352	150.954872
2039.824008	-4.492660	-28.134773
6720.344162	-646.434443	-690.168381
1650.527827	-30.450842	-168.484449
1441.999383	-123.020365	87.573464
-2208.005214	2979.481876	415.945347
-2571.664478	2623.192801	-67.739007
-2739.085562	2906.350229	-548.189092
-2630.109105	2798.505398	-177.788208
-2655.954867	2841.756733	-172.137293
-2394.793618	2700.130565	-116.861071
-2638.011145	2760.432368	-280.160033
-2618.420725	2794.875613	-169.917905
-2682.287079	2862.145006	-153.614870
-2704.424523	2902.557692	-154.525476
-2679.863733	2878.477102	-170.091816
-2650.618241	2806.006433	-200.367964
-3806.360842	2301.426441	-1229.620427
-2604.206406	2787.891903	-146.815891
-2673.934551	3074.701283	-109.771847
-2547.611835	2488.041265	-431.550705
-2426.009306	2621.550698	-566.495487
-2582.190105	2767.697088	-434.533335
-2297.100663	2679.919907	-110.485949
-2747.213796	3002.991145	-180.037499
-2744.177454	2863.028390	-212.569617
-2587.518651	2596.510485	-400.143779
-2639.917076	2811.822123	-156.911491
-2315.509230	2782.123058	-41.165865
-2451.031664	2616.701600	-132.315235
-2675.328287	2838.721849	-160.540483
-3836.312747	2345.639022	-1668.238326
-2751.727779	3086.298678	-143.064932
-2686.376233	2588.577286	-2318.945546
-2644.887900	2793.092081	-195.409938
-2722.443207	2917.585602	-144.494166
-1472.144106	5471.684865	-5893.482678
-2699.527145	2836.424440	-168.816315
-2427.853298	2832.473069	-152.174464
-2715.812510	3108.453697	-147.851702
-2749.804404	2900.401846	-145.158030
-2546.470641	2603.764118	-563.771770
-2698.432922	2939.955576	-111.325725
-2110.144621	2842.626286	105.583543
-2552.171197	2541.761986	-493.619380
4588.645177	15891.439369	7657.151887
-2230.015238	2364.207588	-830.069829
-2479.365574	2655.487426	-100.518225
-2700.317578	2901.269522	-155.354382
-2674.171895	2872.727553	-154.526052
-2713.732437	2906.577211	-160.840825
-2231.724198	4119.116282	1367.309707
-2678.971419	2610.128446	-384.635649
-2659.494891	2815.760949	-176.770072
2442.262827	-4657.839715	-7101.522743
-2637.441539	2585.846449	-334.223702
-3658.610023	3850.629521	-106.874287
-2642.333586	2942.026250	-173.029496
-2059.436521	2697.179737	-346.270367
-2630.494790	2544.316996	-631.283508
-2708.321907	2772.266574	-463.098187
-2701.788407	2810.793753	-184.202561
-2484.048874	2490.672021	-209.724130
-2718.427851	2778.903854	-474.961469
-2807.267588	2788.246390	309.342301
-2412.480378	2756.948119	-97.188117
-2707.452224	2896.187406	-156.776166
-2622.326750	2855.008222	-167.463201
-2682.926092	2859.574520	-161.004759
-2911.911910	2771.639679	-1815.082309
-2752.047182	2784.476863	-260.094773
-2640.530436	2966.297536	-171.851105
-2496.149917	2759.357927	-57.006060
-2673.008430	2886.568656	-144.770942
-2623.574317	2619.480530	-400.781064
-2619.025338	2397.877193	-1167.145801
-2656.867472	2819.669475	-180.874915
-2606.237117	2523.674943	-379.483974
-2723.812402	2901.286677	-154.464306
-2674.224536	2606.594410	-385.920725
-2668.467489	2858.492418	-172.131404
-2705.289810	2857.792323	-178.799176
-2677.850411	2614.723561	-398.859516
-474.050315	1813.002148	-633.317670
-2713.336097	2899.671371	-178.451865
-2536.515224	2792.279685	-187.030701
-2685.648137	2641.440968	-356.844201
-2708.283010	2834.552669	-159.016825
-2677.945438	2723.575897	-104.979941
-2669.465641	2882.375915	-144.632360
-3033.902688	2781.364055	-111.100807
-2663.410528	2824.274721	-178.163948
-2517.341039	2746.096152	-7.310447
-2683.723295	2868.854605	-160.939266
-2067.338744	2599.325050	-489.424178
-2620.359239	2815.991587	-163.118898
-2618.539632	2615.332836	-407.034282
-2668.603161	2800.425160	-160.806410
-4720.422038	2911.603848	-5393.006119
-2997.451426	2532.102758	-600.001886
-2672.897275	2837.315865	-165.901062
-2668.331473	2691.467157	-209.107279
-2533.843042	2486.624854	-515.144466
-2688.619640	2865.810089	-153.513994
-2241.797256	2738.107641	-67.299541
-2729.845299	2905.403017	-149.572773
-1673.917981	4814.266622	858.829453
-2663.126153	2844.296611	-166.575172
-2675.028346	2844.212100	-166.685053
-2677.465468	3302.017767	-235.610657
-2560.552503	2577.557503	-418.980337
-2508.258867	2760.465250	-144.045485
-2649.601589	2816.288486	-169.515101
-2623.152011	2868.840934	-124.611246
-2709.000226	2779.185909	-205.284648
-2594.323263	2827.927083	-147.965507
-2480.727032	2427.911431	-428.264295
-2543.430017	2708.228784	-151.631646
-2665.784310	2849.519055	-164.482432
-2667.080520	2839.692862	-170.588609
-2718.626910	2959.357942	-184.523399
-2673.184160	3111.893817	-169.956036
-2666.589621	2870.108734	-190.384281
-2066.255860	2029.937324	-684.612896
-2623.979845	2610.000368	-397.988720
-2710.608979	2891.919247	-161.391373
-2533.520113	2548.781518	-433.930831
-2668.760896	2842.561291	-163.859741
-2536.545046	2948.729181	-194.494531
-2677.225690	2614.170555	-403.231067
-2720.985400	2882.760479	-171.615474
-2723.597616	2995.449470	-174.135233
-2503.116046	2470.322089	-468.089290
-2726.199118	2837.435671	-286.424337
-2776.615647	2650.355992	-277.740380
-2678.358895	2773.002343	-162.569393
-2703.220401	2857.777753	-145.246419
-2529.378496	2547.566074	-432.434731
-4164.096581	4888.954162	-9404.989446
-2620.948179	2625.450128	-401.307310
-2572.819763	2573.851067	-241.145964
-2597.595015	2028.775440	-370.241462
-2606.859082	3082.892864	-396.433758
-2568.885441	2669.036197	-400.995866
-2572.633104	3242.890493	-32.925625
-2694.552925	2885.312931	-156.432388
-2592.508958	2595.049069	-396.725301
-2605.143198	2617.549258	-314.502544
-3549.525501	1800.301934	-1027.499537
-2737.411495	2902.118576	-562.259854
-2252.169392	1733.668520	-1074.797627
-2637.978142	2893.478526	-142.436151
-2622.154174	2818.754704	-208.690078
1886.504165	1337.629429	-122.909083
-2660.947534	2808.897115	-174.619942
-2680.180049	2661.475252	-415.514532
-2411.286784	2807.029934	-380.784138
-2392.589439	1905.723368	-1177.196872
-2670.263054	2845.059646	-165.072193
-2662.516831	2850.623273	-167.719958
-2711.402645	2869.263135	-151.173845
-2469.963373	2695.130213	-302.667800
-2665.311332	2839.037348	-170.722173
-2639.868522	2807.122604	-186.738559
-2667.395231	2841.172375	-163.342937
-2544.944184	2546.667784	-443.677840
-2706.908485	2884.600186	-159.594548
-2679.101621	2896.084372	-153.168642
-2368.046589	2678.516372	-266.999372
-2657.298144	2841.362731	-152.915139
-2523.403807	865.856582	306.896653
-2673.016958	2848.594507	-170.798552
-2645.354271	2793.684676	-192.057739
10249.625227	10228.682264	-106576.309928
-2664.556617	2718.158260	-242.936041
-2632.237164	2648.663752	-70.670232
-3394.076195	2351.364051	-420.493969
-2561.020937	2631.488437	-537.677680
-2539.592411	2486.007472	-431.677457
-2626.063017	2810.622694	-187.101635
-2631.571806	2718.448738	-310.503560
-2675.574370	2840.869385	-181.522471
-2695.036523	2884.697706	-156.245140
-2681.947028	2854.970128	-157.769657
-2703.159163	2908.361449	-160.553815
-2507.009066	3249.455175	193.857976
-2670.573649	2963.319255	-148.441974
-2674.020355	2855.768557	-164.765716
-2788.496592	2905.870023	-101.011702
-2686.730794	2913.723894	-149.493976
-2536.471863	2506.130073	-508.718894
-2629.412625	2773.403593	-222.657941
-2631.044047	2723.412500	-314.097245
-2621.523144	2601.991257	-363.488765
-2650.040005	2618.919793	126.151368
-2468.507639	2689.524069	-213.675507
-2701.945973	2921.783449	-146.686379
-2721.344819	2803.789804	-163.582973
-2301.681346	2887.343722	100.855123
-2672.431226	2850.521610	-171.071578
-2392.049485	2698.999990	-428.501944
-2737.246274	2968.468836	-280.626295
-1683.129023	3221.227609	-1054.534358
-2628.930146	2470.112246	-541.050463
-2667.539933	2848.091656	-163.837942
-2678.118825	2910.976019	-141.734398
-2509.778975	2763.698099	-143.236603
-2662.430751	2826.294648	-170.680336
-2703.171272	2891.832498	-159.421544
