-303694.588932	-535261.691931	-535261.755399
-121840.006806	554725.615772	554725.526114
117714.767429	56929.345306	56929.129413
111166.410764	-462641.162364	-462641.307908
177959.008816	-532655.129903	-532655.280602
-203184.826349	287231.532010	287231.436602
431487.065710	-370573.985189	-370574.368423
542215.299454	166677.131473	166676.162311
501043.283267	314337.680223	314337.055880
-134193.590219	595074.080914	595073.996854
123585.970820	-570476.467495	-570476.594895
275442.534106	-17659.218447	-17659.561549
135017.360530	304113.812532	304113.613713
239329.081550	-35286.340256	-35286.644705
605640.157325	-126760.554534	-126761.788033
-534666.986320	-246334.672608	-246334.725941
-482048.644080	322439.370854	322439.313281
313934.287916	130083.439605	130083.054808
103017.434253	-544101.009833	-544101.137258
229342.633530	183414.419744	183414.135356
521396.031283	313910.739827	313910.059092
-257644.496071	554105.636829	554105.565678
616656.539408	27067.746862	27066.222250
-98329.032356	582266.715167	582266.624424
-244429.090827	-258794.134908	-258794.221642
-139617.751253	-329331.517639	-329331.618497
296839.134374	-336445.005492	-336445.279084
513574.731398	7110.147200	7109.268673
-122069.902266	-140571.933599	-140572.050731
-501163.901233	129936.610690	129936.551576
-130320.126858	434438.140848	434438.041855
-346721.011569	484777.635050	484777.569934
171783.043415	135908.574829	135908.328617
-248030.554897	532203.811447	532203.737732
-199149.680869	76796.772510	76796.669495
-113647.427565	360156.121063	360156.012501
31391.801283	515515.550155	515515.425083
-60626.803427	376232.875062	376232.755696
-289571.713651	-458176.829331	-458176.898822
-462790.865626	-108096.315364	-108096.377908
-145892.091359	450345.155073	450345.060255
31147.119040	443590.190714	443590.055066
-175193.279110	190509.412931	190509.307596
-171915.154337	-9965.892994	-9966.001991
-14561.928773	-472923.841469	-472923.953021
70364.367760	614526.398141	614526.279300
-267454.445160	-357751.351843	-357751.429889
502189.732001	35816.839103	35816.000708
568565.665099	-27553.892966	-27555.028211
26740.700802	-528538.600948	-528538.713494
407032.419023	123988.068870	123987.524378
-160753.660695	595566.829297	595566.748987
403183.800735	-462740.244483	-462740.535187
-11449.796859	204138.929584	204138.780332
-24325.427267	-208834.357306	-208834.497056
352644.418078	-383955.880490	-383956.176003
265735.539524	-137336.247588	-137336.560748
172620.679898	538125.118405	538124.955087
580854.401893	31153.941990	31152.694720
-456463.246003	415569.086295	415569.029111
-377777.315987	2905.971697	2905.898161
98741.168089	-591920.484869	-591920.602505
262832.553093	-557291.731750	-557291.904219
-422528.418603	-126015.786430	-126015.853088
28727.384108	35559.842973	35559.671256
-335086.950020	213360.664157	213360.587106
476974.861752	350256.899300	350256.369851
-472507.796581	-380156.166082	-380156.221001
400396.853017	-256827.470482	-256827.894825
270369.569635	-61812.631721	-61812.964122
601309.709463	27432.254934	27430.859311
-33155.061014	-571549.490227	-571549.585674
-286369.987923	-490807.622645	-490807.690558
-488616.589978	-370734.173337	-370734.227209
51572.100993	-230695.069982	-230695.233796
-406021.411272	409129.070480	409129.008276
513441.597347	-92873.847204	-92874.666535
437511.090033	242716.787941	242716.238437
381693.810278	-230283.564472	-230283.978188
-352165.024616	-459448.716780	-459448.779525
414505.106888	383816.940420	383816.540904
502769.967592	312994.599378	312993.966148
-12302.720295	-596903.682313	-596903.778060
8248.981378	107625.175717	107625.013814
-476425.543629	-79668.251255	-79668.312736
43231.729886	-616610.892400	-616610.995018
-440699.692202	26871.261627	26871.195696
445714.733491	326411.904434	326411.409867
466195.102496	314835.458742	314834.913385
-129314.570854	550255.305771	550255.216903
-582036.366360	-85097.007275	-85097.059097
-12144.690953	-608631.442305	-608631.536568
-240767.992874	-480894.963567	-480895.037416
530111.174816	-159285.691144	-159286.504429
476814.798531	-373629.269781	-373629.709991
77506.622869	-166563.084607	-166563.267049
617812.457509	-17338.285498	-17339.784344
22126.331233	417273.002046	417272.865272
-599079.171863	2479.020350	2478.969439
-499581.213397	-113716.093277	-113716.152062
-609629.407797	21611.753893	21611.703786
-475079.302137	20638.105026	20638.042825
-445577.390908	-2391.638527	-2391.703847
-598675.771967	-154435.134720	-154435.184500
267429.038494	-476749.220953	-476749.422445
-248524.868626	-11186.219096	-11186.312553
132963.983408	-442023.288094	-442023.445009
-297335.788828	241592.439694	241592.358031
78832.280994	513892.482376	513892.344253
-76340.899307	-90883.220969	-90883.352593
-543134.424675	-27512.400687	-27512.456194
186557.412641	520365.556352	520365.383422
-399748.021424	423794.017376	423793.955109
-155631.070598	95376.708251	95376.595861
558901.910533	265474.708394	265473.813565
19607.614862	930.922005	930.754310
-317318.593424	-482115.456260	-482115.521366
476447.460520	-81127.125958	-81127.829227
-457539.499906	-138743.431141	-138743.493763
-526613.993069	-214125.716841	-214125.771514
-108683.171113	-512585.926613	-512586.016292
305846.983362	-533724.768209	-533724.966303
-335124.636100	516942.848900	516942.784169
-493730.906323	-262383.496801	-262383.553297
-279440.467375	312766.841473	312766.759862
-189026.678499	-567728.347217	-567728.420952
83549.422927	-494475.905224	-494476.036831
155374.879354	-575772.888325	-575773.022658
487648.936097	320800.289774	320799.704395
4226.392330	469506.318916	469506.194195
68692.013709	-15077.965998	-15078.155259
76493.095739	498273.814314	498273.674149
568456.816148	-243514.006979	-243514.838211
-589070.407706	27737.364048	27737.312306
-278710.033373	377825.138434	377825.059775
-71983.000282	-592214.212949	-592214.299922
388479.587124	-51068.802887	-51069.306435
-121252.719037	591490.548769	591490.462463
393053.330807	-263730.580318	-263730.989804
497760.527877	-325352.189206	-325352.715448
510454.749569	-191337.609083	-191338.320322
484132.391401	33493.881976	33493.111245
-444838.863982	203893.698057	203893.634184
-59519.454857	-615548.730516	-615548.816733
-283129.110610	-288866.545308	-288866.624737
-351366.113472	-491987.405046	-491987.466235
-412025.628009	-33493.631974	-33493.701014
-376885.548879	-441783.177352	-441783.238513
356849.062191	184055.762440	184055.330267
-163545.558435	-529461.433173	-529461.513289
-19692.856652	4392.400755	4392.248116
359437.926646	446395.245196	446394.943655
-399118.754956	420090.718928	420090.656427
613967.777874	2115.656936	2114.173083
-305716.513946	30406.693511	30406.609584
540899.167764	-50768.938019	-50769.907716
-111745.134598	184787.278266	184787.157827
617865.379321	23521.267462	23519.733236
218720.864194	259657.954029	259657.694403
593372.025262	172559.625621	172558.356714
3030.602369	-175408.455389	-175408.607171
-320814.453779	-93237.222334	-93237.302740
274175.955046	-486142.870653	-486143.071973
207557.849077	-164075.413404	-164075.671674
-258044.203823	-508131.139191	-508131.209181
436750.755502	425338.053694	425337.657843
281252.894604	549407.707358	549407.501902
402514.896739	264437.829154	264437.362272
-379402.924456	45090.070036	45089.996684
-227385.806087	-288677.541760	-288677.629679
-331593.097165	506358.175843	506358.110196
569621.503867	240785.728281	240784.734319
-610246.021933	35312.101973	35312.051911
-411809.181848	385068.222296	385068.159806
38307.772397	-222777.787805	-222777.947521
181496.222883	426335.659437	426335.464666
-15173.354190	606757.598066	606757.495709
-310434.981132	46451.744358	46451.661192
374697.195796	-165691.860278	-165692.297002
352673.148458	-382177.532825	-382177.829787
248637.763844	-271087.730160	-271087.991341
-263389.823125	285864.532691	285864.447473
-347045.468094	247523.847551	247523.773050
481876.947798	184424.285707	184423.573197
415524.252366	-444335.033106	-444335.345996
-78797.932510	-578671.937533	-578672.024961
-522579.726773	-139078.457074	-139078.513374
356012.203824	-89026.640186	-89027.077143
-29512.311634	-347865.466338	-347865.590051
261764.061980	131216.495252	131216.171682
-356279.449265	491067.386204	491067.322395
-428169.035305	300694.038726	300693.975284
-409663.243748	-179053.290497	-179053.357542
584495.737849	99408.143834	99406.869092
-352207.053239	403409.839123	403409.770918
594054.318694	-153093.238162	-153094.351184
-554295.128598	-230701.003064	-230701.055109
143678.072586	332739.015832	332738.818159
608539.945014	-56497.741306	-56499.115708
-318741.519362	-90937.383769	-90937.464608
-455011.789196	137941.548960	137941.485221
-441202.209017	-7855.991233	-7856.057038
-179263.867372	288973.831663	288973.731800
50546.118897	423018.947539	423018.802946
757738.784128	385006.685627	102759.516858
1941096.412965	86309.095869	-195939.250872
1876965.973862	131743.322923	-150505.017940
944574.633140	651011.562931	368763.514390
1615485.126994	118367.585734	-163880.720222
1378298.826193	835845.740468	553597.438729
1232816.468564	797429.012438	515180.748269
1158619.281780	828044.163198	545795.912711
790462.180664	499171.682335	216924.136111
1950868.002529	488634.534066	206385.899384
1818674.739467	33048.970248	-249199.365788
1878007.250881	567244.361784	284996.015961
775464.182744	136561.505245	-145688.809659
1747412.071001	687325.624397	405077.286082
1486228.355769	-325035.257983	-607283.567451
905005.633738	396291.261483	114043.480533
1695432.485690	-59477.807872	-341726.131522
1056053.310221	807363.834398	525115.626996
1752601.853101	362859.612533	80611.284749
1753723.124496	-138478.955854	-420727.289553
1702043.101947	-232372.775470	-514621.107480
875461.151636	70840.778471	-211406.902767
1745989.393259	-159230.437964	-441478.778470
1330719.169951	640675.132569	358426.869413
981422.626410	561925.942074	279677.912900
1368180.807711	521337.689609	239089.431254
1156879.840677	554977.849668	272729.676535
1110113.195668	315875.602592	33627.521870
1567700.700658	852257.360115	570009.030505
1685825.690951	170763.252585	-111485.064689
1207343.638092	-284588.834006	-566837.071117
1548321.615792	197172.651248	-85075.640461
1014351.643635	-145093.675600	-427341.786323
893018.253116	652892.278489	370644.286864
1196513.064607	484278.781932	202030.602529
1884404.954513	-55008.729900	-337257.074125
990286.891395	425798.155690	143550.191007
953551.734731	98055.710393	-184192.150609
1697448.183524	-209674.005726	-491922.341949
1490183.808947	-270926.727763	-553175.033372
1361777.905297	884634.224639	602385.918640
1483798.209682	887386.059264	605137.736018
885665.446864	-94002.047010	-376250.147700
813079.756064	244653.104266	-37594.233791
946184.446082	-49471.075060	-331719.012669
1899965.137680	473255.636904	191007.290310
841099.592793	346253.007361	64005.470091
1718067.374182	62301.341121	-219946.982493
1857512.319377	263448.363243	-18799.975425
1874767.357251	474317.757506	192069.402265
1893415.778944	607524.218454	325275.869289
1662158.379243	-98604.592789	-380852.914504
973136.201540	33413.706376	-248834.221387
1423214.967414	896818.113504	614569.795780
1114915.666616	575696.411510	293448.256743
762204.500585	160079.331850	-122189.273188
1424942.315287	-6769.194193	-289017.461605
1622409.012754	-242203.388202	-524451.711875
857802.668724	615061.624794	332813.726700
1903176.221009	1023.668204	-281224.677182
1830583.083191	-104624.882244	-386873.223469
1740559.051215	-181648.691286	-463897.033219
1596253.281851	40972.397099	-241275.907758
764180.274978	277438.008374	-4809.016868
1094483.812300	334048.116885	51800.042275
1820611.573619	698955.435013	416707.088895
1174767.265909	-293737.552962	-575985.784767
1761036.543189	228091.414928	-54156.912956
1000898.164801	1721.022551	-280526.965412
936566.011073	711925.416091	429677.330704
1790873.644903	542930.235617	260681.897906
1774315.067168	365955.663810	83707.316093
888273.406737	-2034.204345	-284281.983707
1451558.284793	-63429.861345	-345678.140639
1594559.468925	828272.846103	546024.512904
1854045.867709	369027.025091	86778.685053
897987.978696	319189.464573	36941.751646
1614082.637462	-202451.940627	-484700.261831
1584328.727732	595924.766675	313676.453495
1363381.662903	-3219.152013	-285467.400621
1393452.402079	-320475.836777	-602724.129686
1486535.407175	-97275.103922	-379523.394801
1066095.407907	32923.743316	-249324.311899
1749711.935092	582386.497962	300138.163006
1035351.826761	306355.026126	24107.034767
1036699.683102	-14510.783089	-296758.825729
1494353.521569	-2421.980657	-284670.266952
1730207.853264	-71559.185080	-353807.517952
896069.243086	-65760.440808	-348008.308561
1948090.519119	72781.455765	-209466.913996
1704574.570494	508542.507481	226294.181135
1447065.308780	-256818.822841	-539067.120994
1414015.080190	876830.937020	594582.615072
800244.245444	300073.494516	17826.198164
1829847.542872	276967.139749	-5281.201438
868625.096412	394712.792810	112465.108787
847733.966124	44755.252629	-237492.361949
844280.593953	287794.878754	5547.371854
1983230.839132	285821.221646	3572.871568
1926778.973389	442072.281145	159823.931338
1579879.622296	769207.548086	486959.222807
1935970.665020	373871.471744	91623.123993
929722.605450	-7761.115982	-290008.995750
1050372.302753	90983.872214	-191264.148155
1755108.229577	-46100.762838	-328349.097316
1313721.948185	-204564.777868	-486813.035024
1922353.432953	555738.509425	273490.157586
1299398.268104	57262.819322	-224985.397644
1868017.738833	157410.745639	-124837.598075
1752225.770934	747625.460968	465377.118732
1495006.974017	878512.042418	596263.679238
1695292.901059	342830.645174	60582.324236
1609883.163014	561370.628333	279122.311933
1735569.400110	4256.045071	-277992.283609
1786282.885630	201615.964539	-80632.368946
1143183.434265	451711.451600	169463.313942
970134.482891	742055.103507	459806.971971
1703658.407045	429484.223125	147235.899349
1968310.450948	182826.078482	-99422.270649
1643730.474163	-214279.108691	-496527.441928
1576435.525037	-168628.976698	-450877.290104
1519116.984863	878257.942605	596009.598084
1950205.616139	489625.369897	207373.975157
1725605.624449	-219556.594895	-501804.944200
1885278.250536	361311.203623	79062.854267
1394134.851950	201567.959281	-80680.289250
1311234.291965	-116433.217593	-398681.460802
1535300.296365	108494.853620	-173753.437272
1702441.667983	189871.026026	-92377.300455
1681334.479720	9728.768547	-272519.553419
999756.328668	-76530.072755	-358778.105922
1760796.508967	-183947.603654	-466195.967570
1016298.803360	684572.775571	402324.643495
1448384.013744	-278097.823714	-560346.132262
1580940.710720	99107.222933	-183141.081715
896475.339279	672509.286253	390261.262971
1736617.456689	-169860.656371	-452109.068993
1176752.995037	-112506.851439	-394755.034990
1451691.199055	-319721.633265	-601969.943430
892147.093383	-59477.280066	-341725.313551
722276.602680	167282.070913	-149199.904996
930392.667906	-146922.813643	-440433.188101
1259445.078406	542392.874802	260144.652347
788437.226695	376653.600175	94406.260616
1688486.182413	-244805.456580	-527053.809826
1219296.607927	45301.397544	-236946.779429
1593011.634307	676594.563408	394346.243134
860820.553556	275419.418710	-6828.162033
1185341.676341	678041.963538	395793.742691
1505869.684803	-320578.439431	-602826.775160
747929.148605	186866.976209	-124792.375920
1954992.352088	379809.844089	97561.473763
848547.754224	305238.193012	22990.641993
1864854.344556	642000.052088	359751.703275
1142036.328418	845297.851638	563049.594163
1345174.322012	327044.303732	44796.070872
1832348.083262	187816.663831	-94431.675821
1941382.235090	214301.159006	-67947.189570
1286402.671344	-330152.624606	-612400.894927
887469.136739	-94018.758952	-376269.389721
1513139.220003	144266.203578	-137982.082653
1579283.989562	304507.411270	22259.111788
1333610.569017	297681.231226	15433.002211
1558084.973856	12684.086464	-269564.214390
1440099.630264	838249.154143	556000.838905
828707.735255	-1505.414309	-283753.018660
1713977.550757	708134.421087	425886.081824
1093541.926147	28325.952689	-253922.140839
770426.011331	307407.420994	25160.297405
1669725.913070	690137.907853	407889.574869
1346807.686286	510838.105470	228589.844278
760387.121046	397715.623499	115468.378763
1419290.542764	-53097.513470	-335345.788930
762878.829676	353154.696620	70907.548173
1866338.979179	299680.631423	17432.287410
1255199.340243	887226.173665	604977.886295
932808.771163	-140435.028120	-491440.756896
1003725.614198	-155491.331456	-437739.495082
1918837.686635	505534.783451	223286.425718
1973127.999807	235405.754099	-46842.598597
1185795.167943	-241163.045353	-523411.265906
1603848.239578	104116.301204	-178132.032904
829143.759669	48701.713840	-233545.852635
1308313.471690	595902.970411	313654.719823
1812991.570724	705408.556417	423160.105142
1727828.716732	-185323.499540	-467571.928927
1186541.173830	461626.380279	179378.204362
1711150.203464	400502.738495	118254.410891
1755716.364137	168368.914095	-113879.416702
1373784.978194	-266243.328089	-548491.611703
916161.068616	-51071.204069	-333319.118082
1217377.788623	564081.077843	281832.867594
1821957.048899	675820.811488	393572.457367
799753.844210	119772.949330	-162474.645102
780211.494214	465102.078365	182854.634127
1978457.403635	267135.470853	-15112.891282
1191250.373362	321031.050321	38782.899782
862035.071801	10592.938121	-271654.769610
1499399.268355	526050.410456	243802.117211
1915598.078197	568147.994212	285899.612125
1795582.170958	550596.712186	268348.266184
1268321.198970	-21413.767056	-303661.979671
750339.288473	302916.804584	20669.826323
1574527.321035	-64664.492430	-346912.799147
