176.524396	-10.913996	-8.029184
176.203490	-5.185304	-0.781445
169.418922	10.955704	4.921669
163.210663	-4.093830	-7.706857
643.550367	-151.890770	-154.456158
155.051792	9.575867	1.237132
154.283930	21.345894	10.669553
167.056801	16.916820	23.140452
196.087128	0.849248	-9.266752
167.690133	-8.499151	-10.850618
170.149596	-20.493994	-18.968838
66.971363	71.084127	-27.887458
190.025467	-2.480343	-5.730852
196.849435	95.289713	97.397347
173.344264	2.202127	2.547540
165.477650	8.343701	11.113065
162.189025	6.025534	6.661537
182.768678	34.192599	27.625573
143.068858	31.077625	20.304085
-2975.968132	20548.008750	20547.994399
164.030133	-11.057302	1.926927
172.078726	14.775379	10.205324
173.281740	15.848629	11.138900
171.999915	23.838275	14.014964
144.745659	25.184947	20.132321
137.186373	-68.117911	-72.608191
294.305387	147.703666	142.930636
193.702590	33.909108	35.577180
185.830016	52.823117	40.597230
310.909163	-44.447382	-59.378510
171.878673	-3.794411	1.426984
172.409153	-7.859857	-7.906233
37.712561	576.241307	574.373907
196.682781	-28.466844	-28.414739
119.836381	-13.257761	11.772398
173.784067	-8.548102	-4.359689
122.149774	3.312992	4.933833
194.738639	-37.063932	-18.460371
149.327778	8.543698	-32.035995
-48.449857	-56.193137	-58.593211
171.547634	-17.698862	-15.360074
194.776913	19.124787	21.223488
187.143281	-18.032456	-17.887881
145.228205	7.149867	3.956797
184.721468	-41.679374	-46.566861
276.465086	12.228643	8.543335
142.473963	-4.453688	-3.688783
184.448970	-12.253191	-15.448872
161.532892	-13.844960	-15.175678
202.199257	5.906104	-11.408883
192.772710	24.152829	14.564897
149.763972	-0.154231	11.099644
142.484474	15.907073	14.580675
181.550256	27.655086	24.957799
151.981823	-40.633480	-42.921938
167.756361	-3.220079	-2.257928
138.172994	11.043387	6.753030
93.022972	-38.573152	81.523229
169.842759	-12.248137	-6.637314
209.859106	1.669367	-9.547024
241.345626	81.514664	135.382067
158.999529	-5.136673	-3.971375
145.843081	-18.524665	-15.423215
191.767497	-16.021555	-20.594496
163.808311	-30.164414	-23.544506
187.768638	38.697605	28.209813
192.004318	18.398610	12.089450
80.685097	121.797884	117.226489
212.807423	-61.680431	175.288838
179.323788	-8.981208	-11.731952
147.535076	-30.218032	-16.395061
165.921139	-83.593647	7.867867
284.347883	-573.310668	-502.076236
170.994163	-21.312573	-19.192602
174.629497	39.925522	31.348923
181.997921	22.135267	8.144541
169.780760	-22.664498	-21.539023
172.479796	18.473832	1.185536
171.687513	72.472743	48.769327
155.766888	42.883522	34.359991
113.718768	-29.405980	-32.319645
195.220141	23.529150	14.195844
310.847427	168.566489	162.986266
168.335767	-24.404092	-18.258507
235.145920	-55.951704	-72.757305
147.588599	4.328527	5.889953
191.557766	-11.856043	-14.363420
182.280466	-18.469090	-14.448482
170.387997	-30.775516	-23.020055
153.184824	8.713318	4.213311
249.252763	-44.793461	-51.060210
200.917223	12.802852	-3.068102
173.681722	-19.904249	-18.427290
193.146549	25.531327	16.742831
397.837091	-104.631176	-106.826153
131.065346	-5.731610	12.095689
133.517897	10.208984	9.148931
196.398191	1.527760	-4.409378
165.358053	-6.119793	-0.200145
161.445106	10.059129	-1.706105
467.724658	-87.279447	-91.422306
146.404506	1.724233	1.037052
271.561859	22.104377	17.270865
124.348558	36.618308	21.281461
158.494581	15.504620	13.448040
167.938343	-23.690977	-22.944000
157.291936	-1.222081	0.968609
182.476073	-14.807794	-21.411363
57.308111	464.612807	387.614852
182.426976	39.507460	43.123509
-1095.981330	-479.668293	968.863103
408.094805	15.968393	10.667913
161.242773	7.183343	4.590708
235.603229	117.017289	109.451468
151.009574	-1.100167	1.014510
134.040412	-23.375083	-34.784970
189.516206	1.787144	-7.102305
154.515613	33.320852	19.886780
178.530557	-2.102147	-2.455708
154.319023	24.079937	10.833278
150.617612	64.706018	55.282080
221.925934	-17.532345	-19.743167
152.983186	-20.133064	-17.465498
148.081546	-30.242017	-18.213741
182.097873	-20.411436	-14.223631
179.095652	-6.072865	-6.627504
165.948984	-23.146928	-18.208710
156.723856	24.005641	11.892077
486.763250	-1478.610707	-1478.823116
188.278903	-22.507714	-27.099817
155.828974	33.999611	11.329645
189.169504	-24.069953	-24.965907
-591.542593	-461.201969	-462.874748
141.283708	11.312729	11.684796
60.518805	152.783322	36.390802
179.575710	-3.845236	-4.764345
156.033637	65.380513	60.602564
234.024042	19.604059	20.575059
168.023751	-28.506139	-21.962829
141.240436	26.424666	24.740180
-6744.026843	9481.061093	9481.045203
174.951440	-0.613929	-1.829433
41.098578	-14.719122	-17.813004
183.711805	-11.007754	-13.613388
178.513492	17.658924	16.273714
101.632101	62.961348	61.292264
-759.865315	67.657793	-355.144527
-883.429525	-108.182671	-125.624602
176.244517	5.692351	1.656779
193.158966	-13.105066	-12.737624
172.900005	63.272984	50.722930
230.700583	79.183183	104.983570
82.254440	-32.564731	-34.265431
171.853937	-12.994531	-6.956257
165.491789	-9.430016	-0.409271
148.387405	4.788323	5.505150
182.336217	4.262895	4.792468
146.200660	-31.169439	-16.953728
253.415828	48.240914	-60.339525
134.198171	-25.595757	-18.063462
209.503836	33.340504	-10.161925
216.424704	19.304659	13.802546
215.130747	-6.977181	-14.103747
172.299356	56.554902	52.445881
168.889043	-13.645320	-12.458653
186.579021	0.697571	-3.721400
179.561332	-3.553321	-3.403532
186.486466	-95.825732	-90.977247
179.182562	1.097572	0.324500
357.381841	7.578693	5.341410
199.873697	-19.831033	-18.861729
157.730415	-8.058815	-0.696450
159.878438	9.956335	7.723165
121.639479	-76.330412	-73.332249
721.671589	-816.255862	-877.122998
140.836122	6.342564	8.405339
177.410946	18.890865	15.795226
195.191529	17.403434	13.471894
148.817599	48.146323	40.506824
156.355664	-62.777246	-26.602930
180.058949	-1.428674	4.485322
186.322032	38.497310	26.578463
186.939941	40.119458	20.402001
105.865642	63.596895	58.488888
115.157641	41.408054	35.993884
111.490388	0.881284	-16.108912
203.300066	-9.158623	-9.469058
26.982310	39.844698	36.950521
164.914925	12.137040	5.332292
201.521745	-11.178090	-9.785881
113.872641	7.242711	6.087429
83.338317	2.129090	6.580137
163.381318	-0.149736	-1.408361
168.883386	-19.709932	-14.489351
884.453363	-379.776379	-388.628386
193.989483	52.779109	57.551709
190.582249	-22.020088	-23.065729
199.232786	21.942150	11.343827
169.040380	36.348242	15.993789
122.730122	13.423847	12.153623
188.594274	-0.434466	-2.774745
615.437221	-60.515610	-64.496100
151.132635	-0.243606	-14.935110
130.149922	-11.420857	8.496555
-194.552911	271.665599	39.173828
-225.316521	235.353467	-2.206635
-221.193768	245.745186	-51.063423
-242.175717	254.425477	-16.620650
-234.101928	264.999416	-7.634991
-219.044133	245.685521	-16.380463
-232.951151	251.338035	-31.407052
-239.939288	253.884316	-20.004904
-239.173282	261.635681	-12.578153
-239.113294	272.594140	-9.763428
-226.613236	255.052305	-12.718015
-235.271061	253.060004	-16.527616
-341.004360	212.986897	-111.801350
-226.224194	247.695249	-6.725388
-238.418981	286.834776	-7.744636
-222.790997	223.016847	-37.018766
-209.982903	241.814527	-51.879007
-224.551818	255.775325	-43.204262
-195.867148	245.906842	-6.958545
-245.813512	279.474838	-18.178375
-234.788360	262.195505	-12.161716
-231.258047	239.017714	-38.975841
-232.527709	256.851411	-25.366856
-201.753001	253.786338	-2.013833
-219.127491	243.505341	-13.201956
-238.712769	255.508352	-8.502515
-342.519018	215.512814	-153.453357
-243.803762	286.218764	-10.478035
-237.778618	238.570735	-200.194255
-225.950669	251.434720	-12.901174
-234.602258	261.427241	-10.893686
-129.432441	501.194853	-535.676036
-233.686585	252.401350	-18.070573
-207.835727	262.401480	-13.434895
-240.449194	290.046825	-12.750274
-237.142882	270.342168	-13.883625
-226.728169	239.648249	-55.146966
-225.772200	262.844080	-17.351133
-182.348466	258.967478	8.302111
-227.443351	228.555869	-45.004161
428.384357	1455.170151	700.681915
-195.339224	217.981305	-75.024627
-214.054853	243.247710	-9.547424
-245.992371	264.095596	-15.966759
-236.910407	261.012945	-9.776334
-233.030567	255.749465	-16.651746
-196.470067	377.420716	123.707482
-238.702990	235.401112	-34.679887
-226.506158	258.287953	-13.851391
231.567768	-428.016361	-653.175762
-234.408785	233.908283	-30.737860
-326.364535	355.653048	-8.195441
-231.144476	276.912511	-15.166223
-177.073352	246.948957	-34.171271
-233.224516	232.109659	-59.260226
-244.082043	253.718841	-44.268816
-243.241748	248.901690	-8.066650
-220.749243	220.757172	-20.714938
-241.809319	254.914086	-45.846604
-244.678061	253.977458	26.014699
-210.864646	253.863427	-6.227644
-240.550496	270.521048	-13.355595
-224.745536	251.539007	-19.022449
-232.969704	254.759779	-17.726078
-259.761106	256.840024	-164.481322
-248.620781	251.643709	-26.590763
-230.335692	255.668461	-15.627565
-212.307877	248.981097	-1.805159
-232.296522	251.665016	-14.015934
-228.532202	235.784060	-41.961075
-231.384403	221.692608	-106.610950
-232.599689	255.809596	-10.114608
-229.018863	225.034958	-33.458770
-247.919789	272.785992	-14.353771
-234.735273	235.076819	-33.416801
-230.860243	264.044827	-13.880184
-250.313489	261.148357	-17.402006
-237.558378	238.466359	-36.165578
-33.402445	166.407753	-59.373763
-241.602226	270.120765	-14.168962
-214.791316	259.849580	-19.753231
-237.346307	238.302443	-29.646245
-237.343948	261.749625	-11.760117
-237.585624	244.497340	-5.337611
-243.803901	269.179854	-13.845281
-273.330586	255.030632	-12.193907
-226.865004	244.425833	-20.025722
-218.065983	255.983936	3.200897
-236.249125	265.764568	-9.317774
-181.955247	238.653865	-44.254701
-225.693039	255.347091	-14.621904
-229.623949	234.915217	-39.878314
-230.842750	257.465829	-19.376326
-418.539515	266.736193	-481.602290
-266.567917	233.909523	-55.122545
-237.290469	261.436634	-11.691657
-229.162471	243.835756	-23.963916
-224.594897	224.001108	-49.483510
-232.297507	266.226346	-7.816810
-191.872082	252.337876	-5.503499
-248.114166	261.234200	-18.462278
-144.327173	439.335283	76.671689
-242.213860	261.640450	-12.787763
-230.883534	249.196589	-11.616443
-237.886937	306.217368	-24.325296
-220.363588	233.879031	-40.115415
-215.781393	259.277708	-13.060295
-235.315416	251.602001	-22.664533
-240.107108	268.069989	-14.077427
-237.489136	248.597291	-20.957165
-218.866944	261.214330	-16.708104
-217.361814	219.654561	-38.872634
-214.460911	245.896391	-15.314209
-236.253398	264.804739	-8.565471
-235.467276	266.883705	-7.782109
-245.696972	282.530872	-19.206632
-232.366792	288.158185	-12.022849
-233.263087	253.784908	-14.888671
-180.697552	185.953322	-63.498040
-230.474902	238.131035	-43.953902
-249.324915	274.358662	-14.182743
-223.400411	232.612272	-41.142081
-242.740262	270.222031	-15.479967
-220.865057	275.062754	-21.392129
-237.113285	236.008520	-38.592415
-240.601652	271.690738	-13.268571
-244.908070	282.408883	-18.947430
-222.499509	227.636457	-45.211040
-234.377148	253.535586	-20.136709
-253.978780	243.240284	-27.558313
-241.875208	249.726578	-11.308674
-242.892685	262.995780	-9.285754
-215.584033	233.577675	-42.360272
-374.500274	448.821617	-860.992730
-230.272638	233.965144	-38.685533
-223.768708	232.202605	-16.674853
-230.341279	184.410072	-35.229535
-230.962605	288.456761	-36.568296
-226.614765	246.385746	-38.831574
-225.105099	297.815826	-2.653600
-238.709227	268.958897	-14.578804
-227.031452	239.802369	-42.629599
-228.893944	233.725174	-25.045410
-317.399252	168.385476	-91.591092
-222.536383	245.502772	-50.458293
-200.278333	159.206407	-99.504130
-223.467946	267.598533	-6.138942
-232.134315	256.894691	-14.914705
173.736822	125.845211	-11.800169
-235.298324	254.546319	-26.508266
-235.576315	243.704110	-37.458101
-211.240818	259.777940	-38.404990
-212.374944	175.816346	-106.827252
-226.507075	262.606310	-5.679958
-231.175381	269.609007	-9.498649
-237.401717	251.394983	-11.457851
-215.999325	248.104273	-30.910890
-242.732985	269.630017	-13.620335
-235.474884	266.395417	-10.367726
-233.304137	255.149003	-18.092841
-223.614308	236.942317	-41.961224
-238.639381	279.075231	-11.106794
-249.052702	268.146126	-13.637638
-208.771068	242.192675	-26.693697
-230.784408	265.951137	-4.317428
-224.156768	82.615041	27.468786
-233.425351	262.169233	-7.921268
-227.624929	247.870230	-10.343180
945.013522	938.157068	-9753.688934
-226.818229	244.393855	-18.358838
-234.453607	238.195094	0.330281
-302.861142	217.439202	-38.104284
-224.874956	240.452327	-51.764111
-224.370100	223.714825	-36.953372
-230.954328	246.612636	-11.577861
-236.080620	247.708875	-32.362009
-239.880678	261.069273	-14.122861
-239.678952	276.742560	-9.040696
-232.169060	250.367014	-16.375964
-234.887770	261.147918	-13.396411
-221.283632	296.550835	18.029693
-226.045368	264.056151	-17.658298
-234.094499	257.640373	-11.454553
-233.964716	265.720978	-8.441955
-233.688449	259.115669	-7.855570
-223.823883	229.079875	-48.607543
-228.912263	247.532208	-24.712405
-235.384247	253.330350	-34.360532
-226.001086	234.078708	-30.162973
-232.241133	240.430399	17.206323
-212.577504	239.609781	-21.644618
-234.731598	255.827270	-12.126674
-242.466690	251.296262	-10.064720
-199.395276	264.430381	9.902663
-233.199879	258.008416	-11.391542
-206.832869	247.514969	-40.548297
-245.099662	273.161640	-31.019873
-150.390596	292.290818	-93.524567
-236.389175	265.840334	-7.127326
-229.831526	264.618305	-4.946027
-241.999625	256.487614	-7.809270
-217.037314	260.396165	-13.763189
-232.694210	243.628980	-15.405388
-235.525343	273.983840	-13.961215
