2019.617429	-106.341171	-99.491043
1972.953066	-18.191760	-18.552090
1916.374984	122.258552	36.672484
1889.228096	-95.248681	-64.323818
7276.683603	-1723.833024	-1753.233751
1767.770766	83.215639	27.828096
1758.771440	244.574008	124.372775
1891.174718	184.149188	251.077289
2196.412348	-12.236729	-100.217083
1887.932579	-98.637202	-65.397597
1957.254644	-177.496917	-236.827409
713.660640	842.092550	-304.217208
2133.524217	17.406076	-55.378462
2246.092196	1075.849377	1099.219379
2018.889590	4.671525	3.861429
1875.780714	89.260553	106.265346
1803.620439	65.244290	41.837245
2073.685649	344.814062	263.475073
1605.492924	324.584620	219.416935
-33629.493957	232225.184848	232225.022558
1856.739961	-64.341153	-44.148033
1959.488771	135.219782	74.844874
1961.194123	135.131006	76.864653
1887.514551	311.169542	130.833907
1639.110090	288.547775	226.100358
1533.769475	-784.362475	-834.392041
3322.931865	1703.425927	1648.115119
2168.187405	399.338029	389.421527
2088.330039	591.745535	453.437227
3562.702106	-502.816767	-677.736000
1902.811901	-32.566962	-179.282365
1966.123245	-108.180368	-73.613745
408.891922	6547.369549	6525.799261
2157.060175	-293.415562	-294.908336
1352.377778	-128.227150	110.264978
1975.840678	-48.559135	-80.460778
1390.688888	22.112434	61.542431
2227.983594	-424.204298	-235.471299
1624.648939	91.628765	-463.397271
-559.048080	-623.503208	-652.208260
1927.374142	-249.965665	-213.728822
2161.174746	215.614275	188.561730
2065.694692	-221.925342	-203.894483
1686.261934	72.214232	54.768016
2105.284745	-449.733860	-502.643434
3116.630601	116.122658	85.083057
1609.266933	-79.964739	-36.126819
2024.844372	-134.686980	-142.885314
1882.538371	-154.501548	-130.482266
2264.459932	41.893938	-128.627581
2293.417131	416.541803	154.648193
1726.249190	25.775240	49.073720
1581.323275	176.319908	162.519400
2070.716981	321.644323	276.845358
1692.895099	-435.683308	-460.550074
1868.247432	-56.832207	-25.125442
1574.198166	108.547635	85.268641
999.120276	-460.917519	951.685057
1934.909555	-190.840011	-107.580759
2318.903252	7.753713	-123.076542
2735.583206	942.972745	1564.840395
1861.461683	-23.875780	-8.049172
1694.715869	-215.148653	-170.966318
2115.044726	-141.915858	-174.033321
1880.241855	-300.584524	-230.422870
2065.772837	438.028710	309.285367
2139.945980	176.427941	161.465789
919.687198	1403.542153	1349.109902
2431.829824	-725.897032	2111.525496
2038.325477	-164.255436	-216.493271
1648.821608	-353.763148	-160.504143
1867.046910	-961.241395	82.833471
3235.638825	-6647.770953	-5825.251392
1909.775100	-239.132535	-195.201081
1998.201443	429.580728	326.880535
2109.158054	277.303600	2.613619
1916.225710	-234.256789	-201.659796
1942.022045	157.674518	31.170182
1941.333011	859.805693	598.040540
1744.935661	499.491839	392.588013
1302.930673	-340.589071	-372.818662
2185.248083	331.263570	61.300645
3529.213766	1942.596453	1879.060565
1946.623864	-258.136415	-220.232259
2685.321478	-650.374859	-847.002053
1689.692867	70.809933	54.301184
2128.985391	-125.124747	-132.932793
2049.645132	-196.092754	-178.956190
1900.706347	-290.491117	-242.860293
1770.188221	82.513993	28.681112
2821.186708	-499.023750	-571.935235
2248.373954	146.180253	-35.039792
1937.774602	-236.225651	-202.733661
2146.147954	270.503057	192.502905
4483.218595	-1175.142727	-1200.435585
1493.155298	-62.196389	126.472167
1528.898655	114.107970	118.182192
2145.887649	33.042874	-55.091492
1872.461757	-57.362454	-28.836746
1852.020738	100.873231	11.280886
5278.122417	-998.501443	-1046.051856
1695.466225	62.683396	55.406923
3046.542485	272.578362	209.597966
1393.551014	423.602572	247.367934
1833.864302	161.312778	103.382700
1840.290022	-178.527104	-321.426520
1838.620671	-6.452352	11.808110
2046.782770	-187.692028	-215.402787
617.022518	5344.337291	4456.574353
2068.092842	466.018469	498.373109
-12623.195077	-5519.906632	11114.034348
4585.221529	177.894779	117.109650
1835.002660	11.362393	26.712704
2653.453443	1353.262566	1265.926866
1759.692500	40.096615	25.365209
1506.858713	-287.519580	-389.086020
2137.364564	-4.472638	-45.749308
1757.090930	360.494550	206.460356
2023.532905	-47.500200	-32.505972
1759.145491	242.013558	124.724253
1710.526600	770.569541	665.821042
2481.619803	-158.635666	-185.900156
1757.933074	-246.686478	-192.498107
1670.619832	-308.238869	-179.851842
2050.363584	-199.401075	-176.338812
1986.558994	-37.454883	-21.079603
1923.320014	-242.144051	-209.934320
1722.957726	283.801860	138.917129
5494.823762	-16747.495573	-16749.914156
2128.388504	-262.203220	-284.015253
1751.844778	354.515322	147.888028
2135.888232	-262.993774	-278.218917
-6693.859312	-5246.325035	-5265.373993
1634.070545	130.377715	100.004226
612.778572	1789.359343	421.904083
1970.824330	-58.907856	-10.838101
1775.233477	753.028962	695.533966
2628.659214	243.418447	249.246931
1962.519942	-199.413906	-252.723407
1606.111985	309.892151	277.542291
-76211.332467	107151.527473	107151.347723
2023.847093	-33.545982	-53.066530
469.673240	-163.958687	-200.763728
2015.314139	-115.229929	-142.779924
1976.754269	233.664976	178.525955
1145.059571	714.323363	678.841289
-8862.154072	801.035124	-4096.303406
-10060.259087	-1233.236508	-1431.186620
1942.487926	43.249573	26.126042
2131.708054	-127.712426	-138.079727
1962.044520	745.534258	605.669263
2648.644440	954.848736	1254.133359
887.115553	-382.947488	-412.206315
1962.479452	-128.755373	-111.128853
1865.515584	-55.944246	-29.038957
1693.466440	62.563817	57.612339
2019.121545	10.189422	16.051524
1644.597697	-358.338318	-164.868818
2902.333167	555.099633	-716.533284
1549.562653	-294.892557	-210.213713
2412.385946	404.944831	-122.195374
2421.973836	239.277751	178.814404
2453.121320	-92.201953	-169.045250
1924.013053	649.094491	596.792362
1926.381839	-125.759265	-91.534309
2065.652736	27.354113	-60.312419
1987.261882	-21.760310	-21.790692
2106.689543	-1107.452197	-1057.396108
1975.636698	28.420280	29.832804
4036.138814	112.420548	86.504875
2233.289816	-234.696597	-222.505697
1783.066063	-108.833833	-37.941556
1815.344763	102.006323	56.378179
1334.731384	-871.555393	-838.537429
8181.284917	-9308.180246	-10000.989413
1630.496691	63.738330	104.263591
2056.749406	204.921212	197.621272
2201.856078	226.774420	143.902832
1690.590045	531.586877	442.147137
1753.310057	-707.205758	-300.854571
1974.850214	-9.516952	-22.342188
2064.559114	437.781057	300.445544
2074.070157	436.736425	262.100477
1194.623099	686.983720	642.735175
1304.909914	454.988273	389.842094
1239.705818	-11.776263	-178.220987
2278.474593	-105.976261	-142.052568
300.153783	474.795679	439.933376
1866.696205	124.541002	95.956867
2286.948838	-130.538275	-131.994423
1331.463110	93.536828	81.886228
946.987630	18.899903	67.460802
1862.014394	10.836081	18.286917
1947.149585	-200.791546	-200.352053
10009.265228	-4316.646643	-4417.199176
2169.362981	604.563913	660.531319
2071.639843	-235.841348	-224.394592
2234.613423	263.880833	117.544209
1909.753300	423.763933	185.444124
1411.124415	168.829915	156.552204
2114.797193	-4.613466	-29.410100
6967.838673	-670.187666	-715.533334
1711.414648	-31.699579	-174.606499
1495.248317	-127.467732	90.767079
-2289.657147	3089.245823	431.177758
-2666.854519	2720.230376	-70.569124
-2843.146778	3015.573731	-568.380061
-2727.950689	2901.949709	-183.931937
-2753.382557	2947.337779	-179.584015
-2483.256875	2799.754936	-120.979739
-2735.567639	2862.153769	-289.856368
-2716.140627	2898.722382	-176.024423
-2781.888269	2968.479147	-160.752549
-2804.889321	3007.530051	-159.983408
-2779.417552	2985.772829	-176.348914
-2748.421575	2909.499742	-206.161830
-3946.838008	2386.095677	-1274.930605
-2701.244800	2891.443775	-153.092122
-2772.706967	3187.430580	-114.075047
-2641.486364	2579.761678	-447.620387
-2515.963570	2718.033959	-587.228455
-2677.849094	2869.437027	-450.190834
-2382.439890	2778.663784	-114.716665
-2848.204106	3112.848010	-186.410329
-2845.838601	2968.010850	-221.345173
-2683.450762	2692.055301	-414.109027
-2737.580882	2917.131844	-162.628036
-2401.351129	2884.605235	-42.848707
-2541.681421	2713.150884	-137.192580
-2772.618899	2944.277109	-168.009667
-3977.946338	2431.996856	-1729.640923
-2853.197437	3199.543635	-148.512414
-2785.642915	2683.847956	-2404.832125
-2742.711515	2898.201049	-201.885189
-2822.057587	3024.550910	-150.826943
-1526.578361	5673.190566	-6110.690009
-2799.842466	2939.885029	-175.359895
-2518.157986	2936.567845	-157.820917
-2816.111409	3222.374055	-153.342062
-2850.216686	3006.576559	-151.016012
-2640.567931	2699.662522	-584.111015
-2799.061238	3047.499962	-115.755794
-2188.368120	2947.360849	109.486741
-2646.357907	2635.605157	-511.555803
4757.304331	16476.693334	7939.170836
-2312.526327	2451.237305	-860.643677
-2571.362108	2753.446483	-104.387767
-2800.154223	3007.416896	-159.021829
-2774.689403	2979.298287	-161.300050
-2816.188899	3015.020741	-166.823146
-2314.235110	4270.801441	1417.720164
-2777.162106	2706.887716	-398.848376
-2757.222126	2920.774286	-181.730962
2531.885460	-4829.318634	-7362.941652
-2734.741072	2681.524410	-346.706362
-3793.690394	3992.307032	-110.875861
-2740.261781	3049.392698	-179.090978
-2135.824881	2796.515213	-358.911134
-2727.641478	2638.111249	-654.311219
-2808.200282	2874.458245	-480.104808
-2802.338552	2917.192172	-191.993996
-2575.883700	2582.868966	-217.431905
-2818.650909	2881.049266	-491.932151
-2911.124621	2890.992650	320.737071
-2501.985086	2858.427645	-100.995500
-2804.997575	3001.444849	-161.953183
-2720.804162	2960.168792	-173.090906
-2783.144398	2963.803738	-168.355518
-3019.428229	2873.589694	-1881.986251
-2853.134555	2887.287056	-269.255196
-2738.952510	3075.490744	-177.891132
-2588.954868	2861.197518	-59.467485
-2773.396688	2992.018468	-149.627728
-2722.743839	2716.266309	-415.246426
-2715.819538	2486.110150	-1210.109844
-2755.533161	2923.977869	-187.363522
-2702.561241	2617.185607	-393.549821
-2822.629423	3006.948507	-160.035749
-2773.012106	2703.150208	-400.722279
-2768.102017	2963.566981	-179.174951
-2803.553916	2963.358654	-184.522090
-2776.364140	2710.850169	-413.923866
-491.916934	1879.756080	-656.583839
-2814.498441	3006.893575	-186.008327
-2631.138673	2894.954032	-193.611352
-2784.645956	2738.855062	-370.197741
-2810.143553	2938.360787	-166.198518
-2776.731323	2824.530051	-109.395332
-2769.218191	2987.066456	-150.983480
-3145.675227	2883.798880	-115.138623
-2762.118198	2929.994146	-184.104139
-2610.678203	2847.107409	-8.036346
-2784.494968	2976.985401	-166.476390
-2143.836137	2695.044302	-507.441044
-2718.768942	2919.977076	-169.425183
-2715.421125	2711.036098	-420.867385
-2767.849286	2904.397334	-167.420910
-4894.821947	3018.828044	-5592.115794
-3108.102109	2625.301839	-622.042484
-2771.387637	2942.046436	-171.016911
-2767.088212	2791.246620	-216.603056
-2627.499020	2578.714654	-533.752072
-2789.616191	2973.794759	-158.231309
-2325.059305	2838.887889	-69.850662
-2828.673435	3012.720292	-155.186780
-1735.929986	4991.623509	890.536202
-2759.867361	2948.456120	-174.179079
-2775.310513	2951.254059	-172.169331
-2776.361088	3423.350747	-244.156025
-2655.454014	2672.639844	-434.234997
-2601.973986	2861.945217	-149.447672
-2748.595384	2920.697443	-174.252526
-2718.831479	2973.045101	-129.157101
-2808.575478	2882.331651	-212.318859
-2691.605477	2931.822215	-153.539005
-2572.616530	2517.649294	-444.040666
-2638.081791	2808.289002	-157.237951
-2764.654137	2956.969845	-174.039270
-2767.146247	2941.949047	-177.676626
-2818.517041	3067.344527	-190.931233
-2772.222531	3226.069273	-176.317102
-2765.829320	2975.777311	-198.153980
-2142.714032	2104.715143	-709.781493
-2720.917847	2707.090468	-412.409563
-2808.934757	2997.108157	-166.908290
-2627.495521	2643.581090	-449.870005
-2768.111167	2947.512540	-171.816121
-2630.754568	3056.834831	-201.412743
-2776.289020	2710.733488	-416.910850
-2822.226202	2989.162283	-179.289651
-2824.089339	3104.805104	-180.386021
-2595.763680	2561.463548	-485.113530
-2830.462032	2941.081130	-304.824802
-2878.643371	2748.104691	-287.831682
-2776.497096	2875.970750	-168.663322
-2803.912322	2963.782690	-150.359229
-2621.416528	2641.632909	-448.286856
-4317.728687	5068.959353	-9751.367135
-2719.619198	2723.404903	-416.178948
-2668.121165	2669.022177	-250.318549
-2693.562851	2103.600072	-383.818129
-2703.206331	3196.045410	-410.909269
-2664.026399	2767.124914	-415.514681
-2667.834321	3362.165381	-34.199419
-2793.023138	2989.164395	-161.925643
-2688.764656	2690.795021	-411.765616
-2701.577968	2714.358457	-326.373907
-3680.548551	1866.469203	-1065.435389
-2841.302873	3011.201769	-583.192286
-2335.358944	1797.513239	-1114.326594
-2736.881634	2999.159783	-148.474177
-2719.925913	2922.465699	-215.542928
1955.938690	1386.740496	-127.410100
-2759.479556	2913.763031	-182.423113
-2779.089313	2759.335813	-430.566579
-2500.633093	2910.232177	-394.552589
-2480.976959	1975.865917	-1220.574046
-2769.532411	2949.297268	-169.317296
-2762.057487	2955.860964	-174.107601
-2813.584273	2975.046622	-157.340130
-2561.548726	2794.377645	-313.581534
-2763.942411	2942.922398	-179.558988
-2736.430190	2911.560719	-193.632797
-2764.962659	2945.917907	-169.490997
-2638.994192	2640.528294	-459.543223
-2805.994175	2989.402698	-164.896285
-2777.857708	3001.215371	-159.020166
-2455.793861	2777.345341	-276.699753
-2754.153453	2946.202365	-159.022184
-2616.615213	897.617272	318.222193
-2772.706614	2951.339912	-177.452410
-2744.180390	2897.745083	-199.685922
10626.839214	10605.325176	-110501.551313
-2763.391984	2818.883665	-251.804295
-2729.407842	2746.641651	-73.765661
-3519.363029	2437.890742	-435.989977
-2655.757882	2728.342707	-557.215500
-2633.854738	2578.366417	-447.642101
-2724.222458	2915.644176	-193.414522
-2728.633632	2818.292323	-321.842762
-2775.173231	2945.486358	-187.841048
-2793.971305	2991.512466	-162.569358
-2781.282600	2959.634238	-166.805168
-2802.764020	3013.997995	-166.893563
-2599.691713	3369.110313	200.931465
-2770.180282	3071.878093	-153.883900
-2773.529292	2962.750576	-170.172029
-2892.051258	3013.438150	-105.057577
-2785.002884	3020.654845	-155.168831
-2630.323443	2598.444423	-527.133723
-2727.087470	2876.276718	-230.048842
-2728.369308	2823.965548	-324.822922
-2718.728456	2698.194140	-377.164353
-2748.047991	2715.422108	130.427540
-2560.189890	2788.983799	-221.425937
-2801.774799	3028.158868	-152.699771
-2823.933045	2909.385181	-169.360416
-2386.990046	2993.647275	104.458851
-2773.313054	2953.784472	-179.305070
-2480.796061	2798.384061	-444.131138
-2838.121907	3077.498858	-290.425770
-1745.278826	3339.960758	-1093.482869
-2725.841954	2559.402235	-562.914941
-2766.594505	2954.077331	-171.241386
-2777.507856	3017.565989	-147.488167
-2602.478118	2863.822138	-148.212979
-2762.069710	2932.647251	-177.322832
-2802.131992	2998.075580	-166.864822
