-262483.613662	180162.669889	180162.668733
34756.097796	88527.450392	88527.448290
-342016.540808	-109855.610545	-109855.611579
-97325.816095	-195093.270668	-195093.272242
-185229.424400	106741.911269	106741.909917
532285.542755	261704.037790	261704.030657
-23063.302284	-592122.513709	-592122.515060
-454774.493059	-140109.272009	-140109.272868
-159017.086715	561440.826112	561440.825019
-204172.545608	313548.473987	313548.472779
-349450.130390	148421.280636	148421.279628
251451.716314	-20013.388025	-20013.391639
-145536.723478	46477.213199	46477.211727
-584809.329235	-163663.707737	-163663.708440
43670.648298	-113318.898140	-113318.900298
-80824.948009	-253170.952425	-253170.954013
-586001.543735	28741.817606	28741.816895
597269.480203	160083.988168	160083.977722
445929.876425	-424356.152376	-424356.157077
164495.997897	589989.923089	589989.921240
130779.020885	235447.176437	235447.174006
-174981.179611	36520.167090	36520.165696
72347.183825	-77705.890972	-77705.893287
-83973.040296	-478423.016142	-478423.017499
-1207.787319	519478.194948	519478.193470
-189217.133009	-589146.614205	-589146.615237
-170599.034574	-35580.732775	-35580.734184
566086.511039	-55985.865099	-55985.875556
-27273.371601	581557.243648	581557.242319
412576.184898	444752.556789	444752.552935
251374.129484	554937.463871	554937.461580
574793.181479	180942.008463	180941.999175
-550796.810125	52000.942405	52000.941656
490741.534823	-355810.578551	-355810.584571
538840.576919	-258098.864856	-258098.873069
-411734.863619	259559.601687	259559.600804
25898.531930	231042.412459	231042.410513
-385572.412871	71855.312855	71855.311891
413590.223476	297854.843087	297854.838391
243159.096523	385839.976846	385839.974087
81248.162499	611383.763057	611383.761507
16322.000205	400605.539335	400605.537637
-410343.696268	-239054.440271	-239054.441169
-122350.943016	-138424.208010	-138424.209534
-526656.330432	-311659.284063	-311659.284797
329182.171801	265022.049724	265022.045871
-16007.201403	-264646.651042	-264646.652839
130464.731741	5632.961879	5632.959226
280883.217729	513498.525525	513498.522950
470198.023021	-244708.031949	-244708.038441
583786.467711	67665.118344	67665.107570
301919.381096	138499.420093	138499.416149
275504.479404	531967.304677	531967.302193
483320.437194	308551.488373	308551.482672
-615483.271642	25409.095442	25409.094760
-289206.601929	-104807.913722	-104807.914854
-510377.655053	344388.536439	344388.535701
-32564.160111	-192518.278789	-192518.280583
-409231.919192	392624.114537	392624.113701
379565.662909	-260420.524554	-260420.529323
-130016.535150	585777.402246	585777.401126
549523.866906	-271585.674382	-271585.682789
209166.035192	-573349.862922	-573349.865050
-308484.396303	493783.756311	493783.755397
137758.402036	-434535.015361	-434535.017535
-186629.089527	525502.688836	525502.687758
-48753.302901	534897.899151	534897.897809
394194.475711	357309.839900	357309.835762
-200068.393484	-474944.698608	-474944.699723
-187874.530300	138239.227896	138239.226560
502545.172209	356152.564069	356152.558424
-213282.639203	-578174.338114	-578174.339118
395379.118963	-156481.408100	-156481.413492
94099.801105	-225253.991338	-225253.993661
289286.001842	-442115.034508	-442115.037544
-476558.844566	363611.190447	363611.189679
260943.942908	-205783.500364	-205783.503902
89181.821894	-488891.670988	-488891.672846
283566.401799	-368307.949436	-368307.952709
-343606.016331	-21156.862876	-21156.863915
-226240.758612	-573974.683721	-573974.684709
-55751.748496	-406409.281401	-406409.282916
-188962.536590	451161.929459	451161.928322
-69875.400392	24969.306706	24969.304996
-12626.694394	-565864.880769	-565864.882184
132455.196071	-239388.475435	-239388.477952
3219.294631	-617939.941627	-617939.943000
-335429.825510	179434.742393	179434.741369
-68177.013326	594889.114816	594889.113590
131196.962792	122228.950266	122228.947684
-164520.359598	-596232.958371	-596232.959437
425085.597277	-267798.402884	-267798.408339
-581122.651516	4040.438950	4040.438233
128714.252752	-184531.129530	-184531.132094
-385960.854201	-483573.136383	-483573.137212
82524.972557	-56154.055534	-56154.057908
535407.714088	-120597.324716	-120597.333801
-416656.008797	95576.045215	95576.044300
136719.056331	-356928.471477	-356928.473813
-370236.896682	495760.065764	495760.064931
-91971.357458	598207.677743	598207.676567
-494081.510092	349307.126457	349307.125703
-179969.536787	-591994.472013	-591994.473057
492528.425153	-275908.203013	-275908.209790
516974.964514	202236.843304	202236.836013
-403656.029738	322420.977504	322420.976633
-529210.850382	306335.061094	306335.060365
-604551.247495	-55779.564624	-55779.565316
-558638.755436	-93799.988776	-93799.989514
471726.792519	-358663.895298	-358663.900937
576486.402918	19925.920190	19925.909453
513127.374465	265929.724404	265929.717758
537398.573505	196716.713615	196716.705716
-463680.101101	396358.638351	396358.637581
204098.960650	481345.569102	481345.566824
266238.185123	946.237176	946.233421
549480.448149	-208198.854870	-208198.863934
138896.404740	588410.815296	588410.813530
-178080.558093	-485230.763775	-485230.764923
-437148.086464	-421014.089102	-421014.089898
328915.713405	522084.952170	522084.949344
-137780.112248	488360.744016	488360.742813
-453247.625456	246446.088079	246446.087246
315734.695643	-165793.950659	-165793.954869
144961.783048	600831.516083	600831.514324
530314.099660	-229401.767214	-229401.775433
-60317.379254	-615801.566117	-615801.567354
10882.976744	-275707.306205	-275707.308092
570067.727749	179272.180058	179272.170925
-171123.943821	40142.591585	40142.590182
205852.554130	-211701.091831	-211701.094886
-361933.185822	-411663.850092	-411663.850990
573808.086615	-217580.644660	-217580.654584
-589194.752142	-126302.280090	-126302.280793
-338499.328478	-387091.271616	-387091.272560
249428.507659	-505102.196534	-505102.199081
-177110.849197	275454.199519	275454.198227
-340623.735570	-493458.652143	-493458.653024
263611.604549	522727.343210	522727.340758
-224274.431774	498138.731033	498138.729994
151396.932164	298436.668949	298436.666516
92196.800818	-438078.619350	-438078.621320
-443949.998850	230623.779559	230623.778710
377106.863504	-425399.522418	-425399.526298
-489779.554362	272753.620595	272753.619814
332772.235243	-440904.881427	-440904.884812
-249049.217054	63108.214811	63108.213595
-264679.708524	534360.773025	534360.772076
542888.994157	-213681.423279	-213681.432057
-182569.451534	586980.179955	586980.178925
-390468.190218	-295676.126977	-295676.127885
571888.150824	-8885.136786	-8885.147427
534657.855896	131757.679651	131757.671279
-321287.625610	231313.470198	231313.469168
582087.230133	-187274.049831	-187274.060437
11104.135143	554479.615249	554479.613790
-296185.770896	-480944.249748	-480944.250700
248270.031679	538857.463749	538857.461424
-460130.558090	-405558.785411	-405558.786187
-240365.546898	-560762.920692	-560762.921669
472044.993234	-297926.097556	-297926.103702
-600718.048031	-147250.403072	-147250.403761
-413366.744761	228137.548499	228137.547609
-163780.525844	596240.797340	596240.796288
95608.522809	507075.236133	507075.234346
-44811.179877	46673.249671	46673.247877
558288.946433	-36848.275836	-36848.285936
331521.761386	-516289.307653	-516289.310672
243135.730426	479882.020520	479882.018041
-248240.506649	541851.729376	541851.728408
-378576.045160	439505.698632	439505.697780
-239895.077472	534721.554368	534721.553382
-204590.174587	-218871.452125	-218871.453403
-190250.336392	585494.379585	585494.378565
-271696.230214	555821.515690	555821.514766
487515.359969	-134792.810127	-134792.817622
366437.175779	67548.829758	67548.824831
55725.835671	-510036.967426	-510036.969128
82372.409682	148721.831740	148721.829454
-95326.677571	-422121.522118	-422121.523509
293668.385802	127477.009517	127477.005639
494395.561117	-301871.020817	-301871.027412
-291889.949940	-297842.503359	-297842.504424
-573659.110233	-158851.001654	-158851.002369
403532.870299	-449478.509824	-449478.513838
-86720.132832	-136346.628415	-136346.630051
35743.679525	604186.826830	604186.825385
231376.836344	-130554.798822	-130554.802201
28292.746016	363630.228050	363630.226259
-270977.231600	-548122.336564	-548122.337506
581048.108599	-211085.285674	-211085.295984
-415808.405150	-202076.568619	-202076.569519
-269093.154433	183843.955917	183843.954775
-40848.278985	580898.548401	580898.547100
-352113.715466	-178739.170293	-178739.171297
-496716.301046	306706.297215	306706.296451
-533338.186115	-312083.717846	-312083.718573
-358860.352092	121818.274255	121818.273256
-465007.565276	-332358.712484	-332358.713282
-127004.212447	215977.270644	215977.269190
43484.030888	616325.479243	616325.477799
-228422.039398	-438204.226683	-438204.227776
44298.838802	46055.273028	46055.270862
-457335.020033	261964.294909	261964.294086
1790691.059513	-341757.799079	-413166.197964
2151320.461282	-11094.662575	-82503.062017
1986080.800444	215773.381514	144364.980811
1445768.026583	574294.605732	502886.207529
1206450.402762	-304297.799196	-375706.195086
2012779.949678	-205410.746371	-276819.145570
1763071.542135	-384171.984906	-455580.383808
1885753.153284	-180491.216750	-251899.615758
2078793.822756	424632.129185	353223.714785
1340229.168615	-120564.406931	-191972.803688
1664063.609399	590342.078834	518933.679952
2123838.138843	200990.569368	129582.167965
1059850.719751	-203335.038196	-274743.430810
1398067.303793	-121011.011078	-192419.408344
1802129.762012	127973.663792	56565.264799
1645458.622418	681792.133002	610383.734092
1888749.310858	-280741.032794	-352149.431839
1844543.481969	607071.381475	535662.982167
1427807.217145	383207.300775	311798.903011
2102737.022244	255953.385026	184544.977688
1116777.343907	373848.946555	302440.551620
998210.066829	-140896.530616	-212304.920733
1334220.237797	639201.566774	567793.168860
2018587.523770	-150440.223047	-221848.622287
1514212.380363	673614.865515	602206.466916
2013871.000911	-179082.302070	-250490.701686
2156135.790223	-53506.006888	-124914.406354
1206724.585500	563781.287371	492372.890432
1615928.813718	-546254.963809	-617663.362531
1675751.413707	667376.979437	595968.580220
1534351.523688	-419460.550727	-490868.949043
1588013.206014	-77213.503397	-148621.901580
1658277.940989	-139684.352424	-211092.750884
980201.980141	11911.220363	-59497.168833
2034451.273250	-323253.847024	-394662.246280
1777948.054880	-278945.509120	-350353.907979
995709.823909	-58246.011017	-129654.400839
1505227.884024	370727.183345	299318.785203
1425298.799326	262971.626188	191563.228634
2187526.440197	17415.225284	-53993.174320
1576529.782647	-537425.570778	-608833.969569
1590488.620123	-213816.201171	-285224.599444
1647271.644762	536435.838066	465027.439229
2190424.300253	-19224.977031	-90633.377502
1645096.848413	401393.126203	329984.727480
1888624.317841	-431028.524120	-502436.923234
992663.018114	187601.141025	116192.750499
1845464.700600	-367593.603866	-439002.002953
1413437.491102	-97594.333596	-169002.731160
1499347.736923	678043.185219	606634.783796
1591600.438267	-341200.595657	-412608.994065
1776239.459153	-376005.899719	-447414.300970
1843003.620046	-433441.863525	-504850.262730
1374270.098688	-104561.417074	-175969.814776
1166079.668070	531721.769876	460313.373366
1524211.312123	-387779.668330	-459188.066703
1661082.656168	202260.436149	130852.037559
1148468.634114	-369388.543697	-440796.939257
1883566.981207	-263159.101453	-334567.501242
1215611.564364	549255.658548	477847.260471
1264390.444102	-52297.326380	-123705.722339
2118054.017643	-4087.554967	-75495.954754
1483160.094515	389443.571696	318035.173283
1543072.473242	-247126.055333	-318534.453500
2073320.356232	343329.639464	271921.090010
984514.686165	-31379.800995	-102788.190564
1953358.556677	-100577.578441	-171985.977599
1718506.144779	-173986.231809	-245394.630493
1654045.841247	238749.707595	167341.308907
1040819.353221	-49731.201691	-121139.593371
1796455.320332	345895.400376	274487.000925
2113917.282010	370560.785314	285024.927236
991522.760231	-122779.418784	-194187.809206
1804082.089940	-120658.687486	-192067.086355
1621714.914047	115535.399005	44127.000634
1418300.757822	-442677.738985	-514086.136920
1481131.113880	-344694.973946	-416103.371993
1044102.465858	-180301.735091	-251710.127400
2171827.802216	203963.252360	132554.850848
2163731.293920	249695.318958	178286.913524
1150962.632020	-75032.931065	-146441.325376
1266786.897087	203270.930039	131862.533847
1025262.197919	-123046.092260	-194454.483962
2182675.921186	184385.345029	112976.943765
1876679.409809	518468.398438	447059.998823
1373851.864792	166485.813369	95077.416279
1695898.203666	504411.197917	433002.794948
2113217.500893	364208.015978	246870.381186
1627292.896531	-313828.400753	-385236.799345
1003268.488967	184090.316228	112681.917961
1623556.785581	-79680.552755	-151088.951364
1726434.536519	421561.681415	350153.282323
1172604.509277	438262.663395	366854.267348
1940537.897240	286301.702466	214893.300898
993888.539167	191886.963951	120478.520252
2111653.330387	364152.307921	292739.812273
1135627.693504	-32600.647827	-104009.041862
1906755.193935	-293136.590870	-364544.990837
1071933.801420	65826.896634	-5581.495934
1420794.829135	617230.208469	545821.810192
1925850.142796	-24868.011926	-96276.411061
1477121.043861	-509955.563148	-581363.961470
2154470.924629	216408.357368	144999.954014
1144225.750451	-17818.236209	-89226.631418
2184062.003817	89037.918853	17629.519102
965912.711800	76640.817330	5232.428559
1889218.231903	606585.449914	535177.050359
1397224.815895	264689.358077	193280.960145
1132069.538550	407342.348859	335933.953333
1487819.018134	564995.157299	493586.758786
996000.653305	216063.750429	144655.359010
2089334.110022	420177.809381	348769.383710
1912632.312597	-236405.135898	-307813.535188
2030240.181447	-294202.593413	-365610.992855
2151080.667004	289992.280007	218583.855230
1110037.341684	-99468.124978	-170876.518608
1252018.180560	-423609.933632	-495018.330532
963100.557988	50330.510129	-21077.878692
1395775.694559	183373.311433	111964.913802
1628875.084083	397830.777332	326422.376203
1842179.616662	542984.586073	471576.186535
1381767.895473	-416680.489119	-488088.886909
1180721.284460	311156.422933	239748.027395
1100132.529161	-112189.607432	-183598.002203
1227003.991037	-296540.480083	-367948.877140
1103530.865765	-318828.500563	-390236.895098
1976466.600489	506093.351305	434684.950919
1120771.894023	-229137.334630	-300545.728903
2050360.315840	278183.222104	206774.812391
1378264.215651	511621.276321	440212.878501
1984465.117471	-354320.652969	-425729.052256
2104903.378508	393788.720887	322380.227535
1964874.677891	200513.441846	129105.041190
1394509.027567	476783.696454	405375.298554
1728153.736583	104599.665643	33191.266870
1686885.598570	614741.116814	543332.717628
2023157.713105	2632.119575	-68776.279780
1219945.797898	-410381.552518	-481789.949344
1002322.611092	296440.096196	225031.704406
1690390.711989	-424056.482049	-495464.880852
1254490.775449	279927.741459	208519.345156
1646870.745835	640967.861716	569559.462537
1232056.968870	-437188.219446	-508596.617013
1074679.570423	-287536.777979	-358945.171759
1669027.777950	638116.590542	566708.190082
1570350.594467	670955.812836	599547.413924
1197560.902865	-395894.274568	-467302.671420
1271012.542343	-141781.548282	-213189.944478
1854501.447056	565641.912979	494233.513144
1664891.233288	481347.332036	409938.933000
1704130.622797	100804.146054	29395.746562
1863310.894884	210278.012979	138869.613426
1497065.207767	225007.409820	153599.011869
1959259.971882	-320018.157967	-391426.557344
1629347.347895	-156868.692289	-228277.090941
1863204.943127	-165711.558944	-237119.958389
1416335.505327	507357.797601	435949.399287
1693201.619369	504022.897399	432614.061082
1419682.398309	547900.976988	476492.578627
1776680.591300	483919.042870	412510.643528
1094420.864240	442935.439521	371527.044338
1211033.872483	-345955.616792	-417364.013146
1832399.098116	635286.276970	563877.877464
1998042.362758	364992.234965	293583.825092
1763808.756698	-37664.880390	-109073.279172
1904774.934279	579295.339435	507886.939587
2100492.997791	124375.292359	52966.892437
1369303.324186	197578.552084	126170.154484
1186975.605501	473148.788150	401740.391645
2138232.734434	257732.216076	186323.807213
1383423.876484	343568.963775	272160.566253
1421633.660969	454234.393507	382825.995374
1986624.704910	-390615.246343	-462023.645699
1441273.412687	490985.187828	419576.789230
1244297.035052	574303.627518	502895.229934
1691401.894530	605969.638676	534561.234052
2071507.351527	-111002.695147	-182411.094511
1901125.919902	-415834.261708	-487242.661719
2102128.801444	401326.343449	329917.878395
1339660.281635	-425555.719673	-496964.117368
1112347.811800	-154366.933445	-225775.327308
1776205.801077	590094.795605	518686.396265
1344699.218694	-494153.723046	-565562.120824
1960815.824541	358147.158145	286738.753768
1723299.547563	-215162.442889	-286570.841681
2026986.603726	-315914.548624	-387322.954111
1530678.027882	302838.766640	231430.368424
1963404.492906	-36401.626129	-107810.025543
1299647.520055	223801.066906	152392.670122
1256206.310600	-446797.705918	-518206.103944
1022289.691607	-199255.863964	-270664.255974
1050977.881699	-28168.773123	-99577.165483
1474685.069239	-527987.072446	-599395.471516
2174971.808439	172217.090892	100808.688334
1080829.294320	294001.699829	222593.305995
1416433.050206	-494124.725167	-565533.123374
2188174.922514	-16986.837794	-88395.421472
1409888.547385	-506147.909830	-577556.310004
998941.514281	167988.363258	96579.970823
1904389.815371	-114978.782443	-186387.181658
1362309.725222	-86527.503542	-157935.901237
1382158.434029	-202342.832743	-273751.229995
1017171.265298	-137591.127541	-208999.521582
1522909.828319	-263625.776374	-335034.174891
