-0.037596	0.020291	0.020287
0.000131	-0.000753	-0.000761
0.001555	0.000020	0.000017
0.001250	0.000419	0.000414
-0.000117	0.000435	0.000430
-0.008710	0.000876	0.000850
0.000215	0.001033	0.001028
0.000719	-0.000090	-0.000093
-0.000967	0.002034	0.002030
0.000390	-0.000925	-0.000929
0.001002	-0.000211	-0.000215
0.001092	0.001818	0.001805
-0.006580	-0.001870	-0.001875
0.015825	0.010978	0.010976
0.000710	0.000648	0.000640
0.001406	0.000722	0.000716
-0.000942	-0.001837	-0.001839
-0.004653	0.002375	0.002336
-0.002034	0.000816	0.000799
-0.009936	0.000773	0.000766
-0.000196	-0.000137	-0.000146
0.051471	0.046722	0.046717
0.000704	0.001615	0.001607
-0.000373	0.000652	0.000647
-0.001021	0.001785	0.001779
0.029402	-0.006792	-0.006796
0.000529	0.000657	0.000652
-0.001571	0.003055	0.003016
-0.018945	-0.001928	-0.001933
-0.000925	-0.000535	-0.000550
-0.000029	-0.008021	-0.008029
-0.106405	-0.037946	-0.037981
-0.000313	-0.001316	-0.001319
-0.009407	0.000469	0.000447
0.000743	-0.001513	-0.001543
-0.003360	-0.001995	-0.001998
0.000299	-0.000323	-0.000330
0.000306	0.001457	0.001453
0.000632	-0.000179	-0.000197
-0.000114	0.000048	0.000038
-0.002865	-0.001837	-0.001843
0.000291	-0.000652	-0.000658
0.000798	0.000852	0.000849
0.003289	-0.000088	-0.000093
-0.071187	-0.004489	-0.004492
0.000438	-0.000096	-0.000110
0.002733	-0.000395	-0.000402
-0.000311	-0.000184	-0.000193
-0.008268	0.006639	0.006629
0.002176	-0.001284	-0.001308
-0.000589	-0.000427	-0.000467
-0.004981	-0.006988	-0.007003
-0.011518	-0.007919	-0.007928
-0.000353	-0.000887	-0.000908
0.006794	-0.000386	-0.000389
-0.000589	0.000006	0.000002
0.013361	0.001728	0.001725
-0.000470	0.000042	0.000035
-0.000687	-0.000712	-0.000715
0.002812	0.000130	0.000112
-0.001910	-0.001012	-0.001016
-0.006573	0.006181	0.006150
-0.000159	0.001236	0.001228
0.001882	0.000390	0.000387
-0.001582	0.000231	0.000223
-0.001301	0.000660	0.000656
0.001215	0.001164	0.001159
0.000144	-0.000732	-0.000747
0.003738	-0.001320	-0.001324
-0.000333	-0.001274	-0.001279
-0.001045	-0.001256	-0.001277
-0.010310	0.004715	0.004712
0.000273	-0.000398	-0.000418
0.001872	0.000094	0.000085
0.002105	0.000688	0.000677
-0.002264	-0.003515	-0.003518
-0.000596	0.000394	0.000381
-0.001125	0.000427	0.000420
0.000434	0.000130	0.000118
0.000886	0.000135	0.000131
0.014466	-0.001077	-0.001080
-0.001207	-0.000509	-0.000514
0.000316	0.001238	0.001233
0.000719	0.001396	0.001390
-0.000904	-0.001053	-0.001058
-0.001165	0.001390	0.001380
-0.002114	0.002426	0.002421
0.000997	-0.000755	-0.000759
-0.002435	-0.002633	-0.002638
-0.000923	0.000025	0.000016
-0.016898	0.006199	0.006195
0.001901	0.000563	0.000543
-0.000093	0.002542	0.002539
0.000152	-0.000613	-0.000622
0.003054	0.000733	0.000730
-0.000983	-0.002181	-0.002189
-0.001181	-0.000797	-0.000831
0.002939	-0.000215	-0.000219
0.000132	0.000208	0.000199
0.002645	-0.000870	-0.000873
0.004571	-0.003530	-0.003535
-0.004868	-0.001962	-0.001965
-0.021595	0.008755	0.008752
-0.000201	-0.000612	-0.000637
0.007932	-0.002270	-0.002297
-0.000900	-0.000722	-0.000726
0.006911	0.000233	0.000231
0.001963	-0.000169	-0.000172
-0.000007	-0.000781	-0.000783
0.008202	0.002792	0.002772
-0.000593	-0.001406	-0.001446
0.007223	-0.002203	-0.002228
-0.003551	0.000033	0.000003
0.001716	-0.002468	-0.002471
0.002734	0.000661	0.000652
-0.001515	-0.001951	-0.001965
-0.015339	-0.020667	-0.020700
0.006809	0.005874	0.005868
-0.003928	0.002149	0.002145
-0.000271	0.002171	0.002168
-0.004901	-0.000599	-0.000609
-0.000978	0.000857	0.000853
0.003988	0.001831	0.001828
0.000066	-0.000263	-0.000278
-0.000401	-0.010009	-0.010015
0.005243	0.003302	0.003272
0.001348	0.002030	0.002025
-0.002722	0.001940	0.001933
0.103471	0.036688	0.036654
-0.043856	-0.044076	-0.044081
0.000425	0.000447	0.000436
0.001324	0.001091	0.001088
0.005072	0.015619	0.015583
0.001335	-0.002914	-0.002916
-0.000598	-0.000981	-0.000985
0.000311	0.001044	0.001035
-0.000401	-0.000058	-0.000062
0.001489	0.001340	0.001337
0.009377	0.004988	0.004980
0.000807	0.002153	0.002149
-0.000134	-0.000378	-0.000387
0.001496	0.000112	0.000105
0.002700	0.005576	0.005573
-0.000019	-0.000539	-0.000553
0.005067	-0.000084	-0.000087
-0.000076	0.001020	0.001008
0.001598	0.000218	0.000213
0.014436	0.004589	0.004586
0.023374	0.013463	0.013431
-0.042593	-0.010257	-0.010261
0.000469	0.000362	0.000359
-0.000757	-0.000379	-0.000418
0.000804	0.000975	0.000944
-0.000265	-0.000983	-0.000986
-0.004084	-0.004963	-0.005002
-0.002251	0.000129	0.000123
0.000000	0.000067	0.000064
0.007137	-0.000839	-0.000847
0.004136	-0.000917	-0.000920
0.005318	-0.003150	-0.003154
0.007449	0.001816	0.001794
0.008087	-0.000942	-0.000944
-0.003817	0.002407	0.002404
-0.004539	-0.007201	-0.007205
-0.000290	0.000352	0.000346
-0.001245	-0.001111	-0.001117
0.001548	-0.001564	-0.001601
-0.000700	0.001501	0.001490
-0.001487	0.001682	0.001673
0.005407	-0.013419	-0.013423
0.000822	-0.000580	-0.000583
-0.015874	0.010250	0.010246
0.000809	0.000347	0.000343
0.056195	0.008147	0.008143
0.007281	-0.005933	-0.005936
0.001238	-0.000418	-0.000446
-0.000271	0.000045	0.000027
0.000923	0.001440	0.001434
0.000459	-0.000708	-0.000716
0.001385	0.000282	0.000277
0.005085	0.006440	0.006426
-0.006277	0.004285	0.004261
0.000063	0.000248	0.000244
-0.018488	-0.004561	-0.004563
-0.001524	0.002493	0.002478
-0.001926	-0.000500	-0.000506
0.004052	0.004289	0.004284
0.000142	-0.000405	-0.000417
-0.000141	0.000683	0.000676
0.004838	-0.000519	-0.000523
-0.023082	-0.012111	-0.012149
0.001246	-0.000257	-0.000260
0.036149	-0.020894	-0.020898
0.015396	0.000732	0.000727
-0.000078	0.000130	0.000126
-0.000501	-0.000285	-0.000287
0.075405	0.004884	0.004881
0.001111	0.001508	0.001504
0.000534	0.000600	0.000597
-0.000446	-0.000269	-0.000274
-0.002347	-0.008318	-0.008323
0.000762	-0.000833	-0.000837
-0.000415	0.000393	0.000385
0.002297	-0.004701	-0.004704
-84.000029	83.999278	-0.000718
-83.999054	83.999956	-0.000042
-84.002357	83.998618	-0.001386
-83.999500	83.998099	-0.001895
-83.994934	84.001555	0.001570
-84.001744	84.002066	0.002069
-83.991319	84.006254	0.006258
-84.002754	84.001571	0.001574
-83.980081	83.988547	-0.011511
-83.997402	84.001540	0.001552
-83.996982	84.002206	0.002210
-83.996415	84.001625	0.001618
-84.002421	84.002944	0.002971
-84.003045	84.003474	0.003484
-84.000946	83.999948	-0.000048
-83.998364	83.996154	-0.003842
-83.997451	84.001494	0.001498
-84.000131	83.999039	-0.000959
-83.998813	83.999830	-0.000162
-83.997173	84.000085	0.000053
-83.998929	84.000590	0.000608
-83.988945	84.005947	0.005983
-83.999090	83.998656	-0.001337
-84.001662	83.998852	-0.001145
-84.010397	84.002117	0.002122
-84.001514	83.999988	-0.000010
-84.000822	84.002323	0.002325
-83.995276	83.994821	-0.005168
-84.002577	84.001493	0.001498
-84.003683	83.996804	-0.003193
-84.000998	84.001718	0.001724
-83.997430	83.999362	-0.000632
-84.001686	83.998805	-0.001190
-83.999040	83.999551	-0.000409
-84.015154	84.013354	0.013356
-83.999657	84.000140	0.000145
-83.997456	84.001339	0.001377
-84.002413	84.001415	0.001422
-84.004278	83.999992	0.000001
-84.002642	83.997620	-0.002378
-83.999227	84.000766	0.000770
-84.000325	83.999953	-0.000041
-83.998654	83.999332	-0.000664
-84.126016	84.121995	0.121993
-84.011127	83.997884	-0.002111
-83.999694	84.004764	0.004767
-83.959252	84.050832	0.050867
-84.001381	84.000664	0.000667
-84.004933	83.998003	-0.001988
-83.987173	83.995022	-0.004980
-83.999861	84.000941	0.000947
-84.007297	83.996500	-0.003501
-83.998612	84.001975	0.001978
-83.999921	84.000660	0.000669
-83.997447	83.999764	-0.000223
-84.000156	83.999845	-0.000149
-84.000487	84.000674	0.000679
-83.997750	84.000753	0.000770
-83.997956	83.996571	-0.003427
-84.001869	84.003926	0.003935
-84.000480	83.999424	-0.000561
-83.996959	83.999216	-0.000783
-83.999483	83.998362	-0.001632
-84.001695	83.998603	-0.001391
-83.997728	84.001413	0.000772
-83.997045	83.998649	-0.001312
-84.001505	83.999608	-0.000389
-84.000622	83.999699	-0.000296
-84.000312	83.999159	-0.000836
-84.000221	84.001455	0.001486
-84.000380	84.000069	0.000070
-102.643203	102.416903	-1.101398
-83.991812	83.995828	-0.004135
-83.999849	83.999550	-0.000446
-83.999495	84.000117	0.000122
-84.001344	84.000547	0.000555
-83.999506	83.999978	-0.000015
-84.000273	83.998948	-0.001023
-84.005771	84.000123	0.000116
-84.007012	83.999941	-0.000083
-84.002299	83.999888	-0.000091
-83.998031	84.000966	0.000980
-84.005348	83.994714	-0.005255
-84.008382	83.997747	-0.002257
-84.002184	84.001108	0.001109
-83.998335	84.003357	0.003367
-84.377099	83.945259	-0.054758
-103.597115	93.643274	-53.787617
-84.001076	83.999899	-0.000096
-84.033499	84.012330	0.012347
-84.002515	83.999564	-0.000431
-84.001112	84.000355	0.000358
-84.000275	83.999972	-0.000014
-83.999494	83.999921	-0.000086
-84.006016	83.931261	-0.068830
-83.985702	84.002172	-0.016912
-83.998629	84.003012	0.003034
-84.004389	84.003650	0.003652
-84.000658	83.999382	-0.000590
-83.999202	83.998336	-0.001658
-83.998353	83.999048	-0.000949
-84.002104	83.997842	-0.002152
-83.999049	83.997230	-0.002783
-84.003520	83.994763	-0.005218
-84.001641	84.000115	0.000115
-83.999323	83.997892	-0.002066
-84.003377	83.997432	-0.002566
-83.996016	83.999405	-0.000587
-83.999561	83.999691	-0.000292
-84.002360	83.999501	-0.000493
-83.999603	83.994820	-0.005148
-84.017605	84.002656	0.002564
-84.001758	83.998987	-0.001010
-84.002730	83.996454	-0.003544
-84.002824	83.998104	-0.002001
-84.004208	83.995551	-0.004425
-84.004558	83.997794	-0.002195
-83.998616	84.000565	0.000607
-84.004785	84.000248	0.000257
-83.989174	84.002642	0.002641
-83.999094	84.001422	0.001424
-84.000990	83.999262	-0.000730
-83.999739	83.999727	-0.000257
-83.997228	84.004744	0.004765
-84.005950	83.997733	-0.002255
-83.999185	84.001193	0.001214
-84.001525	83.999501	-0.000501
-84.000900	84.000872	0.000894
-83.999024	83.999824	-0.000220
-83.995765	83.998687	-0.001305
-84.001225	84.001494	0.001497
-84.009059	84.017360	0.016993
-83.997569	84.002196	0.002194
-83.996940	84.000841	0.000849
-84.005482	83.999391	-0.000605
-83.996608	83.987467	-0.012530
-84.000487	83.999535	-0.000463
-83.999108	84.000212	0.000224
-83.998900	83.999256	-0.000714
-83.999934	84.001209	0.001214
-83.999714	83.999615	-0.000372
-83.991806	83.998391	-0.001605
-83.993276	84.003492	0.003501
-83.998393	84.000348	0.000371
-84.005177	83.998765	-0.001234
-84.000138	83.998644	-0.001352
-83.996184	83.999065	-0.000923
-83.999586	84.000617	0.000631
-84.001259	83.998650	-0.001349
-83.997807	84.001755	0.001759
-83.995040	84.001082	0.001084
-83.999777	84.000019	0.000021
-84.000978	84.000348	0.000355
-84.000285	84.000480	0.000482
-83.998169	84.000890	0.000896
-83.997677	83.998538	-0.001460
-84.000176	83.998170	-0.001823
-83.624416	84.054904	0.053829
-83.998760	83.999063	-0.000931
-84.001416	84.000280	0.000283
-83.997933	83.998949	-0.001033
-84.000408	84.000498	0.000512
-84.000341	83.996764	-0.003234
-84.001031	83.999141	-0.000902
-84.000195	83.999628	-0.000368
-84.004205	84.000073	0.000074
-84.000059	84.000591	0.000591
-83.997896	83.998231	-0.001760
-84.000058	83.998972	-0.001015
-83.999611	83.998512	-0.001525
-83.999139	84.000016	0.000025
-84.000673	84.001795	0.001802
-84.001867	84.002186	0.002188
-84.004048	84.000609	0.000615
-84.002215	83.997614	-0.002377
-84.009755	84.011952	0.011942
-84.001822	84.000083	0.000085
-84.004267	83.998112	-0.001887
-83.996773	83.982019	-0.018222
-83.998847	84.000512	0.000521
-84.001810	84.001116	0.001139
-84.000277	83.999400	-0.000597
-83.998471	84.001545	0.001554
-83.997442	83.999923	-0.000096
-84.000245	84.000812	0.000816
-83.990689	83.990845	-0.009167
-84.000754	84.000128	0.000135
-84.001940	84.000234	0.000236
-84.000311	83.999219	-0.000769
-84.003755	84.005281	0.005289
-83.995009	84.002788	0.002819
-84.001444	83.997103	-0.002868
-84.000542	84.005218	0.005223
-83.998764	84.008300	0.008293
-83.999871	83.999707	-0.000271
-84.003284	83.994578	-0.005415
-83.882824	83.879816	-0.120624
-83.995902	84.008055	0.008058
-83.999906	84.009236	0.009266
-83.999682	83.999766	-0.000231
-83.997798	83.995670	-0.004320
-84.000207	84.000673	0.000683
-84.006440	84.004319	0.004346
-83.997428	84.002069	0.002075
