238.772488	-12.148854	-12.002843
235.240953	-0.726646	-3.187426
226.823903	14.151415	4.270034
224.144519	-14.601065	-7.522905
861.441759	-204.146707	-207.632107
212.130696	7.676668	6.653424
207.978653	27.347962	11.835188
223.938140	21.663454	29.163463
259.218507	-1.731014	-11.560423
224.329671	-8.368834	-6.007281
233.185788	-20.115600	-27.797779
84.015354	100.108540	-35.873057
251.776331	2.063527	-6.059053
266.124147	127.314961	130.072243
239.089071	0.077047	0.515319
222.017010	10.719234	11.596598
213.199766	7.770940	4.094950
245.443702	39.912163	30.625045
190.254520	37.717235	25.869211
-3980.977380	27490.542349	27490.523136
221.382158	-5.729815	-5.375503
232.401550	11.973025	6.373652
233.286873	16.502743	5.201111
222.777373	36.954354	15.128634
194.127177	34.215063	26.597922
181.383605	-92.975215	-98.881188
393.318016	202.034472	195.470241
256.216375	47.385152	45.722540
247.007740	69.818785	53.523303
422.280567	-59.518213	-80.294247
218.693125	-4.368618	-39.710657
232.873851	-12.660061	-8.717071
48.204698	775.469423	772.909901
254.114959	-33.864785	-34.180582
160.309894	-14.809412	12.723266
234.098114	-5.417092	-9.024099
164.996241	2.490190	7.379337
263.867294	-49.983603	-28.136718
191.699892	10.718497	-55.829592
-66.299857	-73.666306	-77.087981
227.515387	-27.446872	-23.815226
255.094584	25.576425	21.264349
240.741842	-24.954017	-21.151237
198.314208	8.199595	3.737956
249.369054	-52.855907	-59.061624
368.777968	13.501151	9.943423
190.875400	-9.648086	-4.124282
238.334622	-15.316698	-16.368257
224.153728	-18.080514	-14.679750
267.483004	4.420851	-15.016480
274.238783	52.532977	17.743309
205.012090	4.100629	4.451115
187.169317	20.627921	18.938765
245.340659	38.537260	32.335769
200.187853	-51.172654	-54.076990
222.927620	-4.745318	-6.670711
186.973916	12.543849	10.353343
117.701564	-54.826758	112.972014
229.388915	-22.335506	-13.485420
273.413341	0.738768	-14.682817
323.909540	111.869828	185.613084
221.762327	-2.828751	-0.378995
201.536985	-25.493200	-20.112456
249.227482	-16.298342	-19.358854
223.702069	-34.207466	-26.643566
242.815736	51.464394	34.811943
252.870740	20.716318	19.336532
108.967810	166.446957	159.965991
288.178377	-86.252808	251.440110
241.467060	-20.775925	-25.831668
193.516739	-42.567441	-18.829833
220.926017	-113.883774	9.714129
383.283949	-788.889175	-691.320215
227.585230	-25.983539	-22.971533
237.007582	50.414759	38.144212
250.142949	32.834761	-0.554105
225.393757	-28.625411	-25.297157
229.593958	17.347756	4.234899
229.812202	102.092598	71.289633
206.401870	59.185359	46.436123
154.566238	-40.350790	-44.151632
258.864076	40.265263	4.565060
417.958173	230.383645	222.856057
237.289119	-34.357616	-28.194204
318.168575	-77.164724	-100.507592
200.433698	9.206458	8.961778
251.849022	-15.041831	-15.095405
242.673647	-23.077825	-24.088421
224.522296	-32.851089	-27.719815
207.367829	10.828900	0.447824
333.956910	-58.960233	-67.615156
265.566519	17.109568	-4.111245
226.802676	-27.920837	-24.223013
253.228950	31.705910	23.172164
530.558472	-139.021421	-142.021926
177.132169	-7.267408	14.667324
181.763664	13.443035	13.991021
252.088904	3.049706	-6.654775
220.470474	-5.503809	-2.609264
219.563049	11.242976	2.175295
624.717190	-118.337465	-123.975308
201.603115	7.534555	10.383634
360.319266	32.506970	24.956277
164.976880	50.146157	29.326371
217.776790	18.459395	11.282662
216.647098	-19.813554	-40.237954
219.226046	-0.241986	1.224555
241.856930	-22.277934	-24.209061
72.689002	633.727475	528.432528
244.851759	55.326672	58.908485
-1497.040259	-654.576111	1317.554240
542.464753	21.028901	13.822513
217.785359	0.295106	2.281179
313.990616	160.527001	150.172959
209.286475	5.772560	3.476559
178.432409	-34.240302	-45.856326
252.599449	-0.001495	-4.796703
208.189082	42.162578	23.943085
237.840755	-5.587449	-4.225176
210.211236	29.647349	16.720533
202.717655	91.575403	79.262705
293.190783	-18.196494	-21.502111
208.700257	-29.210329	-22.550839
197.779831	-36.236085	-20.708311
244.368294	-22.892571	-20.858733
233.537269	-3.276342	-3.547117
230.526726	-30.016665	-26.107547
203.753991	33.134850	16.311446
650.397387	-1982.971781	-1983.258319
251.866343	-31.875360	-32.854665
207.364536	41.173837	17.831811
252.128659	-31.023891	-33.662839
-792.507536	-621.443211	-623.700231
194.128900	15.123663	11.257878
71.727082	212.526206	50.061759
229.882841	-7.697327	2.739685
210.238533	89.250767	82.314318
310.847640	29.041689	29.646520
243.009202	-15.803615	-38.431398
190.498647	36.693078	32.401681
-9021.727999	12684.476148	12684.454867
245.815296	-4.769203	-10.674507
55.704276	-19.370902	-23.752704
237.806623	-14.308102	-16.339699
233.582074	27.861113	20.816045
135.660867	84.515488	80.083641
-1052.242686	95.244320	-485.863368
-1191.793773	-146.109974	-169.553242
222.063583	7.871844	4.314924
250.365523	-13.758280	-16.789690
232.310532	88.489705	71.990586
313.997054	113.709964	149.215524
104.590403	-45.474775	-49.055372
232.308145	-14.515829	-13.219359
219.673489	-8.911042	-2.446929
202.555256	7.999293	3.907819
237.415674	0.129856	-0.037964
195.596537	-41.691079	-18.353088
343.973947	65.802795	-85.187272
184.110180	-34.859711	-24.860769
285.944419	48.133973	-14.477574
286.200832	28.520445	21.360610
290.369341	-11.098587	-20.074081
227.511054	76.932659	70.591641
228.649612	-14.161034	-10.009986
243.772594	2.866572	-7.006005
233.673048	1.587476	0.401815
249.368546	-131.344438	-125.476964
234.298529	2.199043	5.785785
477.735841	13.616114	10.539509
263.621518	-27.700919	-26.319954
211.763067	-12.627040	-4.888158
215.151051	11.335249	5.941585
157.579389	-103.229187	-99.339100
968.780523	-1102.846762	-1184.917177
193.990292	7.681028	12.063361
243.827609	24.060500	23.322930
260.184868	27.255615	16.918200
200.348839	62.642122	52.007092
207.425531	-83.536984	-35.576448
232.655964	-2.704062	-3.636592
244.185647	51.657964	36.492303
244.915240	51.166096	31.780505
141.339049	80.963129	75.908337
154.623298	53.649816	45.881453
146.681296	-1.644371	-20.984510
269.127002	-12.978847	-16.990803
35.506170	56.483536	52.324817
220.984859	14.108640	11.466372
270.353102	-14.858236	-16.030651
158.425393	11.151185	9.835408
112.265911	2.183605	7.898345
220.148879	1.018843	2.407996
230.770321	-24.232514	-24.421846
1185.039109	-511.281096	-523.190358
256.469122	71.598566	78.191617
242.772740	-28.907797	-26.970048
263.843819	31.211142	13.888410
226.083436	49.989178	21.975571
167.597425	20.083096	18.655642
249.913689	-0.396835	-4.271940
824.981583	-79.177395	-84.549834
202.963679	-4.163904	-20.399716
177.501081	-14.819016	10.644473
-272.174885	365.878971	50.771814
-317.305500	323.476517	-9.446717
-346.861012	364.058436	-67.343990
-326.257110	344.997819	-20.501086
-325.556843	351.929630	-24.469880
-294.893818	332.088690	-13.733405
-325.195658	339.082342	-32.286192
-325.908565	346.298450	-20.406003
-331.990867	354.393863	-24.263430
-334.288766	349.410207	-18.444376
-331.934208	357.395205	-20.587290
-325.968900	344.995529	-19.055099
-468.256508	282.230989	-151.033453
-323.549447	345.246836	-20.984144
-329.245420	375.740630	-14.356814
-312.705501	305.719694	-53.567139
-299.855936	321.611380	-69.100412
-318.869588	339.126707	-52.175108
-284.475732	329.151237	-14.104824
-336.591872	366.139085	-21.232202
-338.781831	349.940456	-29.180390
-320.125091	318.421605	-46.401032
-325.692324	351.156241	-19.246291
-286.150138	341.605662	-5.616237
-302.178336	321.512972	-16.261769
-323.288236	352.328017	-26.298023
-472.111504	287.859543	-204.674791
-338.215406	377.462555	-18.162761
-330.888889	317.568912	-286.288001
-327.094804	350.280259	-20.083252
-331.906278	356.307307	-21.250700
-181.447518	671.685625	-724.024366
-334.147629	345.022843	-21.750136
-301.037966	346.976149	-18.823448
-334.325485	379.707779	-18.303920
-334.522762	353.886467	-19.578066
-313.663356	319.665385	-67.777298
-335.415078	358.396402	-14.856358
-260.749772	349.114642	13.007821
-313.954436	312.810617	-59.767097
562.197174	1950.846539	940.063157
-275.038627	290.100480	-101.910362
-306.665587	326.542578	-12.909952
-333.379609	353.534025	-12.587393
-335.321109	355.017483	-22.726902
-341.278748	361.166818	-19.794384
-275.036419	505.616837	168.034453
-327.007503	322.334316	-47.570872
-325.796254	350.339108	-16.673204
298.742100	-571.596367	-871.396325
-324.322547	318.953964	-41.628643
-450.267152	472.257616	-13.338659
-326.483728	357.822215	-20.184173
-254.633249	331.118432	-42.135087
-323.819683	312.651064	-76.747087
-332.948421	340.652675	-56.703342
-335.031762	354.790470	-25.884368
-306.122230	307.335509	-25.695904
-334.042621	340.464713	-56.521505
-346.187965	342.487917	37.976334
-298.366517	338.264712	-12.700027
-324.915978	350.827028	-17.543115
-328.454643	350.467955	-18.758598
-333.462990	346.970404	-24.305275
-358.387508	339.833299	-223.012281
-336.921145	342.720295	-30.503546
-328.113768	363.891812	-20.122473
-309.366982	339.469151	-8.222075
-334.609538	351.153998	-16.511402
-330.377959	322.625614	-48.246729
-322.647207	294.110516	-143.211357
-329.168361	347.782137	-21.094276
-321.076644	311.728988	-46.889133
-329.114692	352.228277	-18.607081
-329.511005	322.119808	-49.315948
-332.262215	349.528280	-22.952216
-327.306178	351.904192	-18.889786
-328.350835	320.371737	-51.678316
-59.555571	222.513114	-77.553772
-337.077784	357.274792	-24.933690
-315.456091	342.253959	-21.925985
-329.970074	324.707396	-44.523370
-339.277544	346.160447	-24.030905
-329.276899	336.554770	-14.749297
-332.875002	349.010252	-21.384244
-372.564433	341.450780	-13.461780
-328.927590	352.624997	-19.365512
-311.132906	336.710569	-2.442438
-335.801334	360.192940	-18.304365
-254.995649	319.065299	-60.054152
-328.226615	346.630416	-21.092608
-323.082088	319.079533	-45.919758
-330.747384	346.815171	-22.169455
-581.332980	357.413973	-663.698827
-368.831361	310.665785	-73.465192
-327.849591	350.679187	-16.997793
-329.182094	332.641687	-24.987921
-312.194502	307.006449	-61.998328
-336.330371	359.911764	-16.092500
-277.551526	335.934924	-8.507240
-329.082291	357.577896	-18.872800
-206.706793	591.189265	105.689001
-323.593094	347.305438	-25.300733
-333.051291	356.712381	-18.543325
-329.651711	404.434577	-28.483300
-316.352663	316.944397	-50.840361
-312.819728	340.419695	-16.243714
-330.234867	348.217950	-15.961144
-319.032445	347.317024	-15.250002
-331.857465	343.897114	-23.400696
-324.393993	346.315548	-18.627485
-306.308155	299.142651	-52.588084
-315.522138	333.559943	-18.694688
-329.351046	356.532708	-31.483039
-332.753295	341.698920	-23.397066
-332.937401	359.877592	-21.324318
-330.134344	380.560772	-21.199071
-330.882284	352.061779	-25.623854
-254.861730	249.260902	-83.894525
-323.090951	323.835701	-48.179581
-327.120132	350.674907	-18.119315
-313.015959	315.902960	-53.077996
-331.334074	350.430922	-25.875717
-314.061924	360.328927	-23.055094
-330.364186	322.082511	-43.941111
-337.207761	354.705321	-25.424433
-334.967823	364.461639	-20.834937
-308.840872	303.822401	-56.738779
-347.521429	345.482486	-61.290402
-340.074704	325.843555	-33.634275
-327.087524	343.370546	-20.346694
-335.433940	353.469599	-17.282854
-307.094371	313.652636	-52.920037
-512.107009	600.017291	-1154.592260
-328.991764	326.198400	-49.543259
-317.676565	317.254402	-30.581019
-319.892693	249.419148	-45.255243
-321.159996	377.164740	-48.242963
-317.153383	326.952009	-48.383979
-317.339516	397.574480	-4.249348
-330.029834	347.768200	-18.904895
-320.547719	319.283417	-50.292652
-321.459077	322.706440	-39.584226
-436.742876	220.558157	-126.452396
-346.308896	363.622278	-69.714648
-277.298850	212.816777	-131.762540
-329.814288	352.170829	-20.191792
-326.029912	345.697336	-22.700862
231.448278	163.702476	-15.003154
-328.328238	350.109726	-25.963440
-329.680601	326.184862	-50.148974
-297.832883	344.003210	-45.886868
-294.625108	233.809275	-144.589465
-330.143932	346.526389	-15.810650
-333.638973	350.408129	-21.036576
-340.310803	352.691237	-20.669943
-305.300109	330.829012	-36.372196
-329.817743	346.686662	-28.475218
-321.972199	348.180064	-22.895929
-326.422090	350.077226	-21.566668
-313.445398	312.891233	-52.823374
-329.987261	349.671303	-17.676859
-329.351117	350.174936	-19.518493
-292.505752	329.433955	-32.331948
-323.226627	349.541191	-20.810185
-310.704598	105.869492	37.751619
-331.960252	343.437615	-21.919913
-328.633424	347.700525	-26.819178
1257.379958	1255.476376	-13084.137952
-329.444382	335.787042	-29.541008
-323.899925	326.612967	-10.333992
-417.620503	288.423470	-51.652925
-315.790326	322.840555	-65.113915
-314.400469	307.926755	-53.218142
-327.446376	350.062406	-20.950485
-323.530379	333.100777	-37.926299
-331.689448	348.903765	-20.376013
-327.067372	353.814977	-20.175091
-330.810117	349.230544	-30.520221
-332.066673	351.630116	-20.852016
-308.943436	398.846507	23.574524
-332.039251	361.767874	-18.161175
-331.693772	356.017571	-18.201227
-345.129230	358.545746	-13.521090
-327.638904	356.162757	-18.928868
-312.841230	307.701396	-61.371619
-325.621795	342.980513	-24.568892
-324.456636	334.887713	-35.562345
-324.022390	320.694872	-45.610708
-326.692495	321.680196	14.243856
-305.624991	331.542534	-25.832462
-332.739659	354.297904	-20.156434
-341.835768	352.085990	-19.283397
-284.367995	354.343082	12.006532
-335.827165	342.573919	-25.582793
-295.833367	331.280355	-52.090087
-336.238076	363.408805	-32.636451
-207.166814	395.776655	-129.827601
-323.033788	297.644023	-72.871225
-330.293098	352.861315	-25.568722
-331.461520	355.121647	-19.375056
-309.077135	331.341541	-19.180402
-332.275007	354.913588	-22.353412
-330.108572	354.097108	-24.430833
