238.770230	-12.148571	-12.003725
235.256915	-0.710879	-3.200152
226.824238	14.150398	4.270673
224.022260	-14.823257	-7.600701
861.441745	-204.146701	-207.632102
212.771669	7.605571	6.578378
208.063117	27.102897	11.968139
223.938204	21.663258	29.161968
259.216494	-1.731092	-11.559693
224.461465	-8.164601	-5.935570
233.186406	-20.119146	-27.795852
84.015454	100.108465	-35.873012
251.777501	2.062995	-6.056760
266.124108	127.314859	130.072126
239.085402	0.080011	0.523625
222.016504	10.720387	11.593749
213.198953	7.771733	4.093747
245.443032	39.909591	30.626001
190.255851	37.715829	25.869358
-3980.977380	27490.542349	27490.523136
221.391681	-5.724756	-5.364990
232.585936	12.040323	6.555088
233.089497	16.421072	4.981437
222.777271	36.953137	15.128546
194.127194	34.215205	26.597397
181.383637	-92.975067	-98.881015
393.317982	202.034447	195.470213
256.215663	47.384882	45.721772
247.007505	69.818198	53.522990
422.280466	-59.518178	-80.294208
218.693858	-4.369785	-39.708440
232.872967	-12.658741	-8.718531
48.204696	775.469417	772.909893
254.112677	-33.862080	-34.178732
160.310712	-14.809002	12.723046
234.098226	-5.417794	-9.021055
164.997101	2.490363	7.379424
263.866633	-49.982632	-28.136536
191.700227	10.718274	-55.828971
-66.299818	-73.666271	-77.087965
227.507087	-27.416104	-23.798523
255.093561	25.576421	21.262969
240.739383	-24.951089	-21.151549
198.454219	8.142155	3.756118
249.368857	-52.855423	-59.061040
368.777717	13.501177	9.943431
190.876688	-9.647539	-4.124035
238.331542	-15.312555	-16.367448
224.156041	-18.079464	-14.678780
267.481878	4.419955	-15.015821
274.238060	52.532283	17.743211
205.013308	4.103962	4.450257
187.170368	20.627242	18.937868
245.340686	38.539550	32.333577
200.188096	-51.172194	-54.076448
222.923865	-4.753254	-6.798473
186.975583	12.543599	10.353771
117.701653	-54.826681	112.971895
229.389312	-22.332753	-13.486559
273.411552	0.738627	-14.682582
323.909482	111.869802	185.612979
221.762952	-2.830222	-0.379917
201.538301	-25.493020	-20.112157
249.225659	-16.297898	-19.356515
223.706165	-34.203284	-26.643770
242.812056	51.462700	34.781927
252.870251	20.717128	19.336279
108.967832	166.446912	159.965928
288.178356	-86.252778	251.440046
241.467377	-20.780400	-25.828458
193.496128	-42.590572	-18.853910
220.926019	-113.883449	9.714057
383.283947	-788.889169	-691.320210
227.606881	-25.974704	-22.991693
237.008492	50.414161	38.143258
250.142503	32.833779	-0.553549
225.396214	-28.642699	-25.291301
229.593117	17.344466	4.236411
229.812159	102.092076	71.289478
206.401887	59.184992	46.435872
154.566659	-40.350575	-44.151398
258.863423	40.264184	4.565422
417.958135	230.383612	222.856021
237.282093	-34.350148	-28.189454
318.168454	-77.164613	-100.507447
200.323611	9.215828	8.954006
251.866459	-15.060835	-15.139840
242.693394	-23.144182	-24.025395
224.521630	-32.848713	-27.715928
206.559659	10.928571	0.562521
333.956705	-58.960129	-67.615052
265.565345	17.108863	-4.111118
226.788802	-27.925351	-24.229134
253.228431	31.704660	23.171463
530.558436	-139.021401	-142.021909
177.132991	-7.267200	14.666691
181.765578	13.442877	13.990398
252.083260	3.042854	-6.654264
220.355596	-5.485574	-2.551966
219.562907	11.240973	2.176947
624.717157	-118.337455	-123.975300
201.224717	7.550337	10.594287
360.319034	32.506898	24.956207
164.977364	50.145784	29.326254
217.777621	18.457205	11.281334
216.648016	-19.813555	-40.236127
219.229661	-0.238677	1.225452
241.855391	-22.276274	-24.204943
72.688998	633.727465	528.432515
244.851614	55.326459	58.907768
-1497.040258	-654.576110	1317.554238
542.464688	21.028899	13.822509
217.789302	0.292628	2.276834
313.990563	160.526919	150.172897
209.287827	5.774786	3.477846
178.432900	-34.240073	-45.855806
252.594988	0.002550	-4.797293
208.189260	42.161398	23.941954
237.836250	-5.583641	-4.227574
210.146955	29.903888	16.583261
202.718134	91.575056	79.262600
293.189786	-18.195958	-21.501847
208.701121	-29.209461	-22.550243
197.780174	-36.236100	-20.707709
244.350861	-22.822104	-20.929091
233.534268	-3.264670	-3.547559
230.537261	-30.027767	-26.104487
203.755417	33.133326	16.311082
650.397386	-1982.971780	-1983.258318
251.884960	-31.876609	-32.839046
207.364863	41.172297	17.832190
252.108396	-31.022026	-33.677233
-792.507532	-621.443206	-623.700227
194.129947	15.122277	11.257230
71.727099	212.526152	50.061743
229.884446	-7.691613	2.735960
210.238344	89.250615	82.313846
310.847155	29.041604	29.646345
243.008159	-15.802279	-38.425893
190.499506	36.692595	32.400079
-9021.727999	12684.476148	12684.454867
245.811576	-4.770720	-10.670175
55.704429	-19.370865	-23.752680
237.807482	-14.312260	-16.337647
233.581930	27.860318	20.815279
135.661353	84.515185	80.083257
-1052.242677	95.244322	-485.863363
-1191.793765	-146.109971	-169.553241
222.064410	7.870040	4.313835
250.344197	-13.738442	-16.744452
232.310370	88.489342	71.990312
313.996983	113.709921	149.215443
104.590612	-45.474677	-49.055279
232.307789	-14.514306	-13.217744
219.781066	-8.919611	-2.387431
202.861150	8.036900	3.726958
237.412749	0.123420	-0.051593
195.619420	-41.665879	-18.330066
343.973808	65.802719	-85.187163
184.111216	-34.859333	-24.860407
285.943931	48.133562	-14.477335
286.200050	28.520292	21.360360
290.368461	-11.098799	-20.073947
227.511110	76.932569	70.591313
228.651059	-14.159114	-10.009693
243.771484	2.864347	-7.004690
233.657983	1.585747	0.402823
249.368518	-131.344319	-125.476857
234.297443	2.197570	5.782827
477.735757	13.616115	10.539505
263.619944	-27.700231	-26.319530
211.765429	-12.625448	-4.888290
215.151203	11.332707	5.940048
157.579506	-103.229030	-99.338972
968.780521	-1102.846760	-1184.917175
193.992224	7.681852	12.061873
243.827273	24.060374	23.321940
260.183565	27.255615	16.918089
200.349279	62.641615	52.006526
207.425629	-83.536462	-35.576310
232.659392	-2.734644	-3.625265
244.189429	51.657809	36.518923
244.914369	51.165037	31.782502
141.338879	80.963182	75.908429
154.623677	53.649605	45.881200
146.681837	-1.644368	-20.984285
269.126322	-12.980828	-16.989575
35.506269	56.483523	52.324781
220.984803	14.106704	11.464859
270.350851	-14.855416	-16.031549
158.426410	11.150974	9.835371
112.266262	2.183624	7.898316
220.145305	1.016566	2.406641
230.769426	-24.235267	-24.422384
1185.039105	-511.281094	-523.190356
256.468878	71.598360	78.191221
242.770326	-28.903583	-26.966106
263.842255	31.210283	13.888641
226.083503	49.988079	21.975464
167.598359	20.082760	18.655302
249.914222	-0.395882	-4.275271
824.981564	-79.177393	-84.549832
202.964892	-4.164134	-20.398584
177.501819	-14.818133	10.644328
-272.175168	365.878836	50.771354
-317.306356	323.479376	-9.448787
-346.859450	364.055333	-67.350362
-326.275408	345.027985	-20.504578
-325.680788	351.921845	-24.412535
-294.896410	332.089876	-13.734126
-325.196850	339.084131	-32.280633
-325.937143	346.321610	-20.414459
-331.982791	354.387284	-24.327552
-334.193771	349.337199	-18.471700
-331.950686	357.354815	-20.542008
-325.960285	344.995391	-19.012862
-468.256395	282.231021	-151.033377
-323.563783	345.258846	-20.994308
-329.246068	375.736852	-14.358858
-312.666951	305.718129	-53.567076
-299.857272	321.611461	-69.098902
-318.870593	339.125686	-52.172469
-284.477587	329.152030	-14.105212
-336.585063	366.130968	-21.230519
-338.767752	349.940279	-29.168990
-320.189750	318.411740	-46.381624
-325.716394	351.175606	-19.277391
-286.151804	341.605407	-5.617314
-302.180323	321.515415	-16.262399
-323.108377	352.331871	-26.539064
-472.111429	287.859559	-204.674707
-338.212727	377.459268	-18.163474
-330.888880	317.568913	-286.287907
-327.400890	350.163227	-19.880753
-331.883613	356.266020	-21.273864
-181.447518	671.685618	-724.024354
-334.110729	345.047873	-21.741913
-301.041524	346.975126	-18.823758
-334.324822	379.703513	-18.304360
-334.493080	353.881673	-19.586310
-313.664271	319.666030	-67.774083
-335.412928	358.382807	-14.870700
-260.750531	349.114551	13.007369
-313.954239	312.810621	-59.763761
562.197173	1950.846537	940.063156
-275.038892	290.100707	-101.909970
-306.667255	326.544553	-12.911777
-333.453372	353.473412	-12.663792
-335.365830	354.985273	-22.747591
-341.245105	361.119544	-19.770812
-275.036426	505.616780	168.034389
-326.960518	322.297484	-47.608563
-325.809498	350.383465	-16.704083
298.742099	-571.596363	-871.396318
-324.321092	318.958347	-41.631820
-450.267032	472.257496	-13.338671
-326.492894	357.811420	-20.180925
-254.634106	331.118461	-42.134960
-323.819268	312.651628	-76.745185
-332.951898	340.654929	-56.705783
-335.009512	354.811402	-25.869397
-306.123209	307.337477	-25.696434
-334.036953	340.461467	-56.513813
-346.187624	342.487978	37.975342
-298.369299	338.264651	-12.701419
-324.902975	350.830756	-17.589111
-328.486770	350.456871	-18.758969
-333.339177	346.879289	-24.292997
-358.387473	339.833285	-223.012144
-336.915290	342.723453	-30.498549
-328.120123	363.878242	-20.120759
-309.369715	339.469759	-8.224837
-334.612949	351.106826	-16.569898
-330.348246	322.623654	-48.248172
-322.647186	294.110621	-143.211020
-329.206677	347.800764	-21.009977
-321.076049	311.733262	-46.889604
-329.069444	352.233215	-18.614839
-329.546645	322.167529	-49.308485
-332.270919	349.409970	-22.862342
-327.265744	351.906545	-18.859052
-328.443100	320.430754	-52.291324
-59.555599	222.513116	-77.553752
-337.057052	357.253551	-24.895363
-315.463215	342.254966	-21.924494
-329.966434	324.706377	-44.525258
-339.236740	346.180822	-24.044427
-329.275413	336.561315	-14.754295
-332.931349	349.012308	-21.418187
-372.562729	341.450998	-13.462163
-328.924077	352.678116	-19.289854
-311.134345	336.711589	-2.446066
-335.786086	360.167434	-18.280808
-254.996339	319.065478	-60.053823
-328.258476	346.632610	-21.104429
-323.106158	319.088193	-45.890973
-330.735367	346.854150	-22.188240
-581.332972	357.413971	-663.698813
-368.830684	310.666133	-73.464640
-327.799513	351.016540	-17.005112
-329.180979	332.648621	-24.988242
-312.195801	307.013001	-61.993967
-336.289518	359.918471	-16.151745
-277.553335	335.935046	-8.507798
-329.027859	357.554911	-18.898023
-206.706810	591.189208	105.688975
-323.741256	347.314632	-25.296937
-332.902681	356.679320	-18.597720
-329.651655	404.433193	-28.483100
-316.354922	316.944923	-50.839002
-312.559728	341.113562	-14.812377
-330.274389	348.250378	-15.992417
-319.048388	347.312273	-15.265339
-331.847856	343.909751	-23.393253
-324.413377	346.315387	-18.635497
-306.309719	299.145271	-52.588115
-315.524706	333.564081	-18.695802
-329.360087	356.300143	-31.330019
-332.686938	341.826810	-23.360368
-332.932646	359.865003	-21.318691
-330.135372	380.556930	-21.198354
-330.895282	352.035202	-25.579672
-254.861914	249.261141	-83.894398
-323.086445	323.867349	-48.199814
-327.014216	350.684197	-18.083302
-312.991594	315.891077	-53.074775
-331.371394	350.449908	-25.767118
-314.066751	360.325217	-23.054206
-330.378485	322.137817	-43.228856
-337.167167	354.708948	-25.400038
-334.967088	364.452504	-20.834782
-308.843328	303.825200	-56.737399
-347.518096	345.482099	-61.283678
-340.071885	325.845882	-33.633737
-327.081283	343.393509	-20.352140
-335.401749	353.489351	-17.321211
-307.131476	313.664337	-52.928323
-512.107007	600.017289	-1154.592254
-329.002732	326.153770	-49.537068
-317.677398	317.257168	-30.581934
-319.892678	249.419737	-45.255194
-321.160396	377.163080	-48.241570
-317.156076	326.950365	-48.382057
-317.339854	397.573130	-4.249884
-330.046298	347.905003	-18.961743
-320.489051	319.305088	-50.313376
-321.460657	322.707883	-39.586309
-436.742777	220.558251	-126.452325
-346.309579	363.624063	-69.705199
-277.298904	212.816944	-131.762431
-329.836465	352.154713	-20.202482
-326.050280	345.696558	-22.677572
231.448256	163.702304	-15.003116
-328.309315	350.196884	-25.947584
-329.677870	326.182111	-50.145037
-297.834771	344.002532	-45.885600
-294.625114	233.809398	-144.589287
-330.140152	346.421329	-16.070674
-333.891249	350.373236	-21.058650
-340.262501	352.704691	-20.687288
-305.302593	330.829690	-36.371097
-329.912576	346.713581	-28.336746
-321.987545	348.189208	-22.882109
-326.596533	350.167638	-21.699559
-313.436713	312.895236	-52.813857
-329.937925	349.720695	-17.680354
-329.379643	350.130148	-19.521241
-292.508115	329.434600	-32.331526
-323.285030	349.550341	-20.877870
-310.704584	105.869576	37.751590
-331.917614	343.527191	-21.882620
-328.375171	347.970069	-27.003460
1257.379958	1255.476376	-13084.137951
-329.443285	335.792738	-29.537848
-323.899554	326.616150	-10.336523
-417.620141	288.423655	-51.652856
-315.790402	322.839437	-65.111980
-314.435808	307.936376	-53.218870
-327.488410	350.059704	-20.936450
-323.530342	333.148773	-37.943027
-331.635324	348.936641	-20.260407
-327.074912	353.612431	-20.133826
-330.761608	349.284977	-30.565349
-332.072009	351.555716	-20.808975
-308.943640	398.845878	23.573923
-332.041955	361.752654	-18.164638
-331.710758	355.930120	-18.234101
-345.120820	358.543380	-13.526584
-327.648268	356.117733	-18.928461
-312.841598	307.699196	-61.369903
-325.628049	342.991861	-24.558106
-324.461247	334.838990	-35.536324
-324.023173	320.697868	-45.614809
-326.692369	321.681122	14.242256
-305.627779	331.544142	-25.832094
-332.736478	354.251545	-20.173819
-341.815555	352.102207	-19.287410
-284.368896	354.342748	12.005594
-335.701547	342.440334	-25.326733
-295.835190	331.280374	-52.088937
-336.235833	363.404857	-32.631899
-207.166942	395.776574	-129.827479
-323.032920	297.645722	-72.869586
-330.286967	352.796938	-25.678119
-331.489109	355.093668	-19.408062
-309.752781	331.119642	-20.585387
-332.304428	354.992465	-22.390105
-330.146277	354.080307	-24.352262
