2079.310848	-109.378423	-102.491638
2031.761255	-18.375259	-19.347430
1973.080917	125.796539	37.739908
1945.269839	-98.882245	-66.199467
7492.044045	-1774.869701	-1805.141779
1820.769301	85.148555	29.470263
1810.758830	251.449723	127.322909
1947.159245	189.565077	258.368351
2261.217239	-12.669473	-103.107285
1944.008249	-100.746018	-66.904567
2015.551022	-182.525330	-243.777116
734.664466	867.119695	-313.185478
2196.468152	17.922037	-56.893528
2312.623238	1107.678131	1131.737455
2078.662312	4.690429	3.989223
1931.285033	91.940211	109.164870
1856.920485	67.186921	42.861142
2135.046662	354.792439	271.131212
1653.056379	334.014113	225.884219
-34624.738302	239097.820435	239097.653342
1912.084257	-65.774272	-45.493239
2017.564392	138.211743	76.410176
2019.542015	139.258381	78.198824
1943.208907	320.408291	134.616077
1687.641881	297.101522	232.749908
1579.115372	-807.606298	-859.112361
3421.261373	1753.934548	1696.982683
2232.241593	411.184352	400.852263
2150.082005	609.200308	466.818094
3668.272261	-517.696325	-697.809567
1957.485086	-33.658961	-189.210325
2024.341824	-111.345558	-75.792821
420.943097	6741.236905	6719.026737
2220.589213	-301.882112	-303.453724
1392.455144	-131.929557	113.445824
2034.365192	-49.913315	-82.717206
1431.937835	22.734959	63.387254
2293.950504	-436.700326	-242.505503
1672.573868	94.308419	-477.354750
-575.623050	-641.919789	-671.480257
1984.253865	-256.830874	-219.684603
2224.948527	222.008382	193.877999
2125.880470	-228.164207	-209.182232
1735.820374	74.273464	55.703188
2167.627034	-462.947901	-517.408917
3208.825126	119.497942	87.568912
1656.985613	-82.376833	-37.157922
2084.428429	-138.516690	-146.977484
1938.576499	-159.021815	-134.152332
2331.330832	42.999268	-132.381788
2361.976922	429.675138	159.084033
1777.502053	26.799960	50.186614
1628.115466	181.476977	167.254210
2132.052142	331.278340	284.929585
1742.942030	-448.476532	-474.069393
1923.979923	-58.019704	-26.777319
1620.941426	111.683630	87.856921
1028.545656	-474.624218	979.928077
1992.256731	-196.424250	-110.951963
2387.256823	7.938424	-126.747277
2816.560599	970.940205	1611.243679
1916.902179	-24.582772	-8.143802
1745.099942	-221.521976	-175.994472
2177.351837	-145.990501	-178.873342
1936.166837	-309.136937	-237.083737
2126.477285	450.895032	317.991965
2203.163729	181.606914	166.299956
946.929148	1445.153898	1389.101409
2503.874421	-747.460238	2174.385532
2098.692201	-169.448837	-222.951606
1697.203320	-364.402317	-165.208807
1922.278414	-989.712382	85.262013
3331.459812	-6844.993247	-5998.081447
1966.668587	-245.629610	-200.941509
2057.453219	442.184497	336.416713
2171.693850	285.512419	2.475019
1972.573818	-241.410806	-207.984570
1999.420646	162.011887	32.228708
1998.786067	885.328912	615.862969
1796.536127	514.288227	404.197076
1341.572176	-350.676797	-383.856601
2249.964188	341.330028	62.441862
3633.703314	2000.192368	1934.774584
2005.947136	-266.726848	-227.281476
2764.863637	-669.666055	-872.128970
1739.817709	73.108366	56.539019
2191.945155	-128.882535	-136.701085
2110.311114	-201.851660	-184.986945
1956.837007	-298.704206	-249.790756
1822.067349	85.204012	28.822209
2904.675963	-513.763822	-588.839038
2314.765738	150.457738	-36.067621
1994.477042	-243.205317	-208.788651
2209.455260	278.429699	198.296038
4615.858218	-1209.898085	-1235.941069
1537.438232	-64.013268	130.139082
1574.339318	117.468750	121.680029
2208.910611	33.806189	-56.755248
1927.591701	-58.740313	-29.494919
1906.911519	103.684239	11.824492
5434.301719	-1028.085811	-1077.045684
1745.888773	64.565171	57.978571
3136.622332	280.705114	215.837044
1434.795170	436.139161	254.699542
1888.308391	165.927914	106.203540
1894.451676	-183.480492	-331.486249
1893.426706	-6.513277	12.114138
2107.247204	-193.261729	-221.455591
635.194769	5502.769161	4588.682486
2129.305800	479.850165	513.100325
-12997.455142	-5683.550660	11443.422908
4720.837726	183.152004	120.565278
1889.448491	11.436491	27.283565
2731.951104	1393.394327	1303.470114
1812.013941	41.539465	26.234179
1551.466751	-296.079686	-400.550170
2200.515008	-4.473543	-46.948409
1809.138177	371.035350	212.446276
2082.993707	-48.897577	-33.561940
1811.702364	249.386113	128.912857
1761.205951	793.463437	685.636732
2554.917630	-163.184860	-191.275718
1810.108025	-253.989174	-198.135895
1720.064745	-317.297888	-185.028999
2111.457639	-205.135335	-181.543896
2044.943707	-38.275530	-21.966282
1980.950501	-249.647244	-216.461819
1773.896036	292.085774	142.995038
5657.423109	-17243.238518	-17245.728736
2191.352766	-270.171868	-292.230927
1803.685870	364.808984	152.345931
2198.922933	-270.750024	-286.632787
-6891.986197	-5401.685838	-5421.299052
1682.602633	134.158813	102.818781
630.710340	1842.490901	434.419525
2028.294818	-60.832960	-10.152691
1827.793135	775.341674	716.112608
2706.371188	250.678880	256.658584
2023.272373	-203.365000	-262.331985
1653.736534	319.065484	285.642922
-78466.764467	110322.646510	110322.461440
2085.301403	-34.738070	-55.735746
483.599289	-168.801417	-206.701907
2074.765686	-118.806415	-146.865119
2035.149807	240.630360	183.730067
1178.974724	735.452275	698.862250
-9125.214745	824.846204	-4217.769249
-10358.207531	-1269.764002	-1473.574931
1998.003699	45.217781	27.204918
2194.302462	-131.154798	-142.282828
2020.122174	767.656732	623.666946
2727.143713	983.276232	1291.437250
913.263126	-394.316194	-424.470170
2020.556536	-132.384532	-114.433904
1920.421974	-58.169211	-29.659092
1744.087517	64.558417	58.612314
2078.475875	10.222701	16.043770
1693.494020	-368.764064	-169.459755
2988.326672	571.550342	-737.830116
1595.590062	-303.607534	-216.428953
2483.872115	416.978378	-125.814799
2493.524147	246.407882	184.154589
2525.713771	-94.976572	-174.063787
1980.890809	668.327668	614.440315
1983.544052	-129.299775	-94.036844
2126.596031	28.071049	-62.064093
2045.681948	-21.363134	-21.690455
2169.031684	-1140.288323	-1088.765363
2034.211484	28.970232	31.279638
4155.572785	115.824576	89.139753
2299.195402	-241.621918	-229.085742
1836.006519	-111.990802	-39.163578
1869.132505	104.840469	57.863777
1374.126216	-897.362711	-863.372220
8423.480048	-9583.891937	-10297.218708
1678.994010	65.658478	107.279627
2117.706353	210.936354	203.452135
2266.902467	233.588324	148.132397
1740.677196	547.247474	455.148985
1805.166427	-728.090073	-309.748701
2033.013884	-10.189211	-23.252615
2125.605012	450.695571	309.565450
2135.299081	449.528089	270.045341
1229.957884	707.224495	661.712247
1343.565689	468.400755	401.312491
1276.376071	-12.187356	-183.467144
2345.756435	-109.220714	-146.300429
309.030312	488.916565	453.014585
1921.942427	128.068415	98.823659
2354.537409	-134.253203	-136.001969
1371.069324	96.324652	84.345085
975.054062	19.445802	69.435392
1917.052078	11.091088	18.889091
2004.842282	-206.849309	-206.457437
10305.525006	-4444.466918	-4547.996766
2233.480293	622.463582	680.079276
2132.333350	-243.068861	-231.137638
2300.574584	271.683731	121.016282
1966.274151	436.261372	190.938031
1453.023649	173.850733	161.216160
2177.275550	-4.712798	-30.477648
7174.084071	-689.982015	-736.670792
1762.155408	-32.740524	-179.706577
1539.623490	-131.172602	93.428216
-2357.700831	3180.715584	443.870772
-2746.180781	2801.099129	-72.930531
-2929.862236	3106.588755	-585.215209
-2809.512501	2988.195283	-189.056747
-2834.755239	3035.320587	-185.708872
-2556.979988	2882.776952	-124.412996
-2816.866399	2946.924122	-297.928648
-2797.614066	2985.293989	-181.124845
-2864.886528	3057.078632	-166.809018
-2888.474148	3094.892996	-164.590022
-2862.399162	3075.126989	-181.501468
-2829.914736	2995.748306	-210.931051
-4063.902151	2456.653421	-1312.688978
-2782.130303	2977.753926	-158.336827
-2855.018237	3281.366234	-117.663982
-2719.667273	2656.191904	-461.012146
-2590.927378	2798.436794	-604.503757
-2757.566359	2954.218838	-463.234958
-2453.558579	2860.951489	-118.242820
-2932.352966	3204.383842	-191.718601
-2930.535916	3055.495986	-228.641770
-2763.474383	2771.662005	-425.712342
-2819.000867	3004.918318	-167.435575
-2472.888444	2970.006684	-44.252625
-2617.225743	2793.528805	-141.257939
-2853.464610	3032.348623	-174.549876
-4095.974224	2503.961740	-1780.809632
-2937.751640	3293.909706	-153.053010
-2868.365139	2763.240184	-2476.404138
-2824.459993	2985.774532	-206.942191
-2905.037138	3113.632928	-156.136634
-1571.940241	5841.111973	-6291.696102
-2883.384298	3026.137487	-180.798667
-2593.417009	3023.312017	-162.526738
-2899.692867	3317.301561	-157.917985
-2933.851260	3095.048793	-155.909449
-2718.983650	2779.578784	-601.055763
-2882.915278	3137.100845	-119.468004
-2253.555463	3034.639522	112.738755
-2724.846542	2713.807811	-526.498017
4897.853624	16964.404969	8174.186625
-2381.285949	2523.762395	-886.121319
-2648.028285	2835.081868	-107.615015
-2883.487146	3095.807302	-162.159983
-2858.514084	3068.057153	-166.978782
-2901.513357	3105.318901	-171.774798
-2382.994214	4397.205657	1459.728786
-2858.920179	2787.475581	-410.736816
-2838.669997	3008.353159	-185.895803
2606.570985	-4972.217726	-7580.790734
-2815.821902	2761.262325	-357.113107
-3906.257198	4110.371452	-114.210524
-2821.881524	3138.849645	-184.137455
-2199.483080	2879.294817	-369.444923
-2808.596453	2716.273941	-673.498241
-2891.436951	2959.621123	-494.280333
-2886.099355	3005.887068	-198.466950
-2652.414129	2659.702584	-223.855811
-2902.162290	2966.165866	-506.063527
-2997.671657	2976.614622	330.231285
-2576.576348	2942.993831	-104.170323
-2886.230815	3089.151538	-166.332820
-2802.913672	3047.787204	-177.780549
-2866.523678	3050.557054	-174.435841
-3109.025111	2958.548021	-1937.739339
-2937.365612	2972.966717	-276.881737
-2820.980111	3166.465488	-182.921978
-2666.296254	2946.064725	-61.522640
-2857.049164	3079.813855	-153.748454
-2805.342245	2796.922794	-427.307668
-2796.481342	2559.637765	-1245.912727
-2837.819624	3010.921346	-192.648387
-2782.830481	2695.117293	-405.272042
-2904.913942	3095.004976	-164.686643
-2855.385232	2783.674409	-413.051839
-2851.164773	3050.964012	-184.924241
-2885.385572	3051.334364	-189.248485
-2858.459768	2790.949558	-426.825634
-506.805823	1935.384358	-675.972285
-2898.770616	3096.215057	-192.246990
-2710.001760	2980.517392	-199.093046
-2867.138950	2820.032043	-381.328339
-2894.968333	3024.898135	-172.204356
-2859.050744	2908.667885	-113.081999
-2852.429375	3074.318376	-156.325144
-3238.816559	2969.161547	-118.504018
-2844.351824	3018.145142	-188.954924
-2688.461241	2931.284917	-8.646478
-2868.447508	3067.038227	-171.055584
-2207.584959	2774.810603	-522.454625
-2800.821489	3006.634419	-174.696818
-2796.188594	2790.804648	-432.351190
-2850.537677	2991.096050	-172.960753
-5040.155193	3108.181537	-5758.040502
-3200.310039	2702.968239	-640.408855
-2853.357765	3029.682852	-175.268883
-2849.383882	2874.406130	-222.849995
-2705.547478	2655.465415	-549.252223
-2873.704984	3063.772978	-162.246740
-2394.446948	2922.871604	-71.977398
-2910.951222	3102.117862	-159.901665
-1787.606682	5139.420832	916.958456
-2840.743640	3035.280627	-180.505073
-2858.597563	3040.436086	-176.797977
-2858.774023	3524.459573	-251.276876
-2734.541881	2751.875874	-446.945265
-2680.127859	2946.988630	-153.472098
-2831.148786	3007.747906	-178.239109
-2798.587481	3059.874988	-132.967570
-2891.541105	2968.304287	-218.170012
-2772.701451	3018.401132	-158.194839
-2649.193362	2592.434612	-457.187683
-2716.961986	2891.678444	-161.911476
-2847.005053	3046.141596	-181.925603
-2850.345312	3027.354999	-183.530899
-2901.752015	3157.315562	-196.263050
-2854.755982	3321.209971	-181.616963
-2848.548155	3063.796249	-204.565719
-2206.429441	2167.030337	-730.755141
-2801.691257	2788.045123	-424.452061
-2890.728404	3084.775944	-171.443648
-2705.753673	2722.558638	-463.140269
-2850.940271	3035.112063	-178.301513
-2709.269415	3146.917551	-207.176634
-2858.874204	2791.249594	-427.910552
-2906.533584	3077.838001	-185.649015
-2907.831391	3195.921713	-185.594776
-2672.973574	2637.418781	-499.298407
-2917.342838	3027.451802	-320.148320
-2963.662418	2829.565274	-296.240322
-2858.269808	2961.810389	-173.749287
-2887.775090	3052.147553	-154.674901
-2698.184437	2720.044253	-461.515472
-4445.755439	5218.963676	-10040.015201
-2801.865446	2804.960877	-428.565453
-2747.540197	2748.335413	-257.963683
-2773.536027	2165.954782	-395.131946
-2783.496277	3290.336814	-422.970193
-2743.314391	2848.863133	-427.610929
-2747.169156	3461.559179	-35.261686
-2875.521849	3076.078199	-166.641752
-2768.908294	2770.613098	-424.335531
-2781.942530	2795.034877	-336.269690
-3789.734283	1921.608729	-1097.048497
-2927.880007	3102.107097	-600.622203
-2404.683650	1850.717411	-1147.267243
-2819.332337	3087.204593	-153.520750
-2801.430768	3008.890153	-221.221143
2013.800762	1427.666137	-131.160893
-2841.564067	3001.278702	-188.915371
-2861.509820	2840.882386	-443.104338
-2575.091066	2996.233069	-406.024473
-2554.633235	2034.318220	-1256.721435
-2852.076660	3035.940084	-173.233236
-2845.426631	3043.465321	-179.366939
-2898.668210	3063.217717	-162.505224
-2637.873426	2877.084809	-322.674727
-2846.379915	3029.588465	-186.697552
-2816.921154	2998.604622	-199.358556
-2846.544699	3033.421487	-174.862241
-2717.356687	2718.750609	-472.750341
-2888.497261	3076.813748	-169.315256
-2860.191983	3088.764704	-163.899501
-2528.919987	2859.703745	-284.782796
-2834.952305	3033.586206	-164.215430
-2694.291364	924.084634	327.660101
-2855.701384	3037.183232	-182.937369
-2826.358978	2984.650144	-206.356231
10941.184204	10919.194270	-113772.585801
-2845.753223	2902.829677	-259.189963
-2810.382872	2828.294474	-76.348826
-3623.768203	2509.996585	-448.903217
-2734.705453	2809.052993	-573.494233
-2712.450689	2655.346778	-460.946574
-2806.078773	3003.159997	-198.654062
-2809.516364	2901.561387	-331.321777
-2858.102210	3032.708427	-192.949557
-2875.743712	3080.007601	-167.623459
-2863.991713	3046.934194	-174.426831
-2885.779724	3101.915599	-172.112403
-2676.927545	3468.822023	206.825175
-2853.189736	3162.322055	-158.423743
-2856.451818	3051.766934	-174.718590
-2978.334676	3103.074896	-108.437121
-2866.911280	3109.701315	-159.900863
-2708.533698	2675.370051	-542.476860
-2808.492100	2962.020370	-236.192480
-2809.482708	2907.693641	-333.717334
-2799.733954	2778.367467	-388.566496
-2829.721132	2795.842035	133.988714
-2636.595771	2871.869220	-227.884101
-2884.960180	3116.739382	-157.736548
-2909.394616	2997.404550	-174.180737
-2458.081926	3082.233090	107.460607
-2857.283927	3039.454372	-185.739415
-2554.754162	2881.204148	-457.153811
-2922.181720	3168.351576	-298.585480
-1797.070513	3438.904933	-1125.939786
-2806.600517	2633.813016	-581.132964
-2849.164501	3042.302797	-177.617651
-2860.369733	3106.350131	-152.327772
-2679.785263	2946.763468	-152.964100
-2845.135344	3021.366717	-182.906730
-2884.653931	3086.601003	-172.981414
