238.767998	-12.148294	-12.004598
235.272821	-0.694607	-3.213189
226.824573	14.149391	4.271306
223.851571	-15.094228	-7.700205
861.441731	-204.146696	-207.632098
213.591962	7.588841	6.294961
208.155237	26.881183	12.120011
223.938267	21.663064	29.160489
259.214503	-1.731169	-11.558972
224.640509	-7.922903	-5.846758
233.187049	-20.122594	-27.793965
84.015552	100.108391	-35.872967
251.778676	2.062494	-6.054496
266.124069	127.314758	130.072011
239.081694	0.083032	0.531997
222.016003	10.721529	11.590931
213.198145	7.772519	4.092561
245.442369	39.907041	30.626956
190.257168	37.714439	25.869503
-3980.977380	27490.542349	27490.523136
221.401126	-5.719756	-5.354454
232.766906	12.125816	6.723581
232.895479	16.317685	4.777325
222.777171	36.951933	15.128459
194.127209	34.215346	26.596879
181.383668	-92.974921	-98.880843
393.317949	202.034422	195.470186
256.214959	47.384615	45.721013
247.007274	69.817618	53.522680
422.280366	-59.518144	-80.294169
218.694582	-4.370933	-39.706256
232.872091	-12.657439	-8.719977
48.204695	775.469411	772.909885
254.110415	-33.859399	-34.176900
160.311521	-14.808597	12.722829
234.098335	-5.418488	-9.018050
164.997952	2.490533	7.379510
263.865979	-49.981673	-28.136355
191.700558	10.718054	-55.828357
-66.299779	-73.666237	-77.087949
227.498282	-27.383993	-23.781357
255.092549	25.576417	21.261607
240.736933	-24.948125	-21.151807
198.587478	8.089841	3.780951
249.368663	-52.854944	-59.060463
368.777469	13.501203	9.943438
190.877962	-9.646999	-4.123790
238.328486	-15.308430	-16.366646
224.158326	-18.078425	-14.677821
267.480766	4.419068	-15.015170
274.237346	52.531599	17.743114
205.014514	4.107258	4.449416
187.171407	20.626570	18.936982
245.340714	38.541821	32.331401
200.188336	-51.171740	-54.075911
222.922598	-4.768336	-6.926800
186.977230	12.543352	10.354195
117.701740	-54.826605	112.971777
229.389704	-22.330032	-13.487683
273.409783	0.738489	-14.682350
323.909424	111.869777	185.612876
221.763560	-2.831668	-0.380836
201.539601	-25.492841	-20.111861
249.223858	-16.297456	-19.354200
223.710225	-34.199140	-26.643982
242.808511	51.461027	34.751261
252.869767	20.717929	19.336028
108.967853	166.446868	159.965865
288.178335	-86.252748	251.439984
241.467696	-20.784844	-25.825272
193.475214	-42.614494	-18.878840
220.926021	-113.883128	9.713986
383.283945	-788.889163	-691.320206
227.628353	-25.966063	-23.012179
237.009393	50.413569	38.142315
250.142062	32.832809	-0.553000
225.398634	-28.659611	-25.284733
229.592287	17.341206	4.237908
229.812117	102.091560	71.289324
206.401904	59.184629	46.435623
154.567075	-40.350362	-44.151166
258.862777	40.263117	4.565780
417.958097	230.383579	222.855985
237.275314	-34.342882	-28.184860
318.168334	-77.164504	-100.507303
200.220818	9.220224	8.938179
251.883170	-15.079174	-15.184588
242.713290	-23.205594	-23.963949
224.520966	-32.846377	-27.712078
205.516395	10.953255	0.994233
333.956503	-58.960027	-67.614949
265.564184	17.108166	-4.110992
226.774936	-27.929958	-24.235308
253.227918	31.703424	23.170770
530.558401	-139.021380	-142.021891
177.133803	-7.266994	14.666065
181.767471	13.442720	13.989781
252.077660	3.036043	-6.653748
220.232329	-5.465389	-2.489895
219.562767	11.238991	2.178581
624.717124	-118.337444	-123.975291
200.729935	7.568742	10.797967
360.318804	32.506827	24.956138
164.977843	50.145414	29.326138
217.778442	18.455037	11.280020
216.648922	-19.813555	-40.234324
219.233232	-0.235385	1.226362
241.853867	-22.274627	-24.200865
72.688994	633.727455	528.432503
244.851471	55.326249	58.907059
-1497.040256	-654.576109	1317.554237
542.464623	21.028897	13.822505
217.793228	0.290168	2.272523
313.990511	160.526837	150.172835
209.289166	5.776995	3.479118
178.433385	-34.239847	-45.855292
252.590563	0.006554	-4.797884
208.189437	42.160231	23.940835
237.831849	-5.579912	-4.229917
210.073069	30.138570	16.424583
202.718608	91.574713	79.262496
293.188800	-18.195428	-21.501587
208.701974	-29.208603	-22.549654
197.780513	-36.236115	-20.707114
244.332928	-22.756708	-20.997825
233.531303	-3.253197	-3.547891
230.548234	-30.040228	-26.102061
203.756826	33.131822	16.310722
650.397386	-1982.971779	-1983.258317
251.903730	-31.877765	-32.823464
207.365185	41.170776	17.832565
252.087988	-31.020272	-33.691623
-792.507529	-621.443202	-623.700224
194.130982	15.120905	11.256590
71.727115	212.526099	50.061726
229.886006	-7.686018	2.732275
210.238158	89.250465	82.313380
310.846676	29.041521	29.646171
243.007112	-15.800999	-38.420463
190.500355	36.692117	32.398495
-9021.727999	12684.476148	12684.454867
245.807888	-4.772183	-10.665942
55.704581	-19.370829	-23.752657
237.808345	-14.316393	-16.335618
233.581787	27.859532	20.814523
135.661833	84.514885	80.082877
-1052.242668	95.244323	-485.863359
-1191.793758	-146.109968	-169.553240
222.065190	7.868280	4.312764
250.323702	-13.719340	-16.698946
232.310210	88.488983	71.990040
313.996912	113.709879	149.215364
104.590819	-45.474580	-49.055188
232.307440	-14.512802	-13.216146
219.892951	-8.923125	-2.331341
203.255665	8.071737	3.559207
237.409935	0.116967	-0.065225
195.642628	-41.639947	-18.306210
343.973671	65.802643	-85.187055
184.112240	-34.858960	-24.860049
285.943448	48.133156	-14.477100
286.199277	28.520141	21.360114
290.367591	-11.099008	-20.073816
227.511165	76.932479	70.590989
228.652491	-14.157216	-10.009405
243.770388	2.862146	-7.003389
233.642585	1.584239	0.403585
249.368490	-131.344201	-125.476751
234.296396	2.196106	5.779898
477.735674	13.616115	10.539501
263.618389	-27.699551	-26.319111
211.767763	-12.623873	-4.888420
215.151352	11.330192	5.938528
157.579622	-103.228876	-99.338846
968.780520	-1102.846758	-1184.917173
193.994134	7.682668	12.060400
243.826942	24.060249	23.320961
260.182277	27.255614	16.917980
200.349715	62.641114	52.005966
207.425726	-83.535945	-35.576174
232.663170	-2.765636	-3.613450
244.193114	51.657661	36.546220
244.913506	51.163991	31.784481
141.338712	80.963235	75.908520
154.624051	53.649397	45.880951
146.682371	-1.644365	-20.984063
269.125656	-12.982793	-16.988357
35.506366	56.483511	52.324745
220.984749	14.104786	11.463360
270.348621	-14.852622	-16.032439
158.427415	11.150766	9.835335
112.266608	2.183643	7.898288
220.141756	1.014304	2.405294
230.768538	-24.237983	-24.422900
1185.039100	-511.281091	-523.190354
256.468638	71.598156	78.190830
242.767949	-28.899437	-26.962245
263.840707	31.209434	13.888869
226.083569	49.986993	21.975357
167.599281	20.082427	18.654966
249.914761	-0.394934	-4.278566
824.981545	-79.177390	-84.549831
202.966091	-4.164361	-20.397466
177.502548	-14.817261	10.644185
-272.175448	365.878702	50.770900
-317.307202	323.482202	-9.450834
-346.857902	364.052281	-67.356636
-326.293341	345.058048	-20.508023
-325.802896	351.912425	-24.355329
-294.898972	332.091049	-13.734838
-325.198035	339.085910	-32.275137
-325.965562	346.344628	-20.422912
-331.973460	354.381154	-24.388521
-334.100481	349.267621	-18.496885
-331.967588	357.314969	-20.496602
-325.951181	344.994197	-18.970796
-468.256283	282.231052	-151.033302
-323.578034	345.270781	-21.004374
-329.246709	375.733115	-14.360878
-312.627246	305.716898	-53.566908
-299.858594	321.611541	-69.097408
-318.871589	339.124676	-52.169860
-284.479420	329.152814	-14.105595
-336.578321	366.122922	-21.228855
-338.753842	349.940102	-29.157714
-320.256068	318.402044	-46.364001
-325.740386	351.194642	-19.308294
-286.153452	341.605156	-5.618379
-302.182288	321.517829	-16.263024
-322.943536	352.306322	-26.744560
-472.111356	287.859574	-204.674623
-338.210076	377.456017	-18.164180
-330.888872	317.568915	-286.287814
-327.738657	350.015256	-19.726629
-331.861220	356.224518	-21.296953
-181.447518	671.685611	-724.024343
-334.074410	345.072728	-21.734207
-301.045041	346.974116	-18.824065
-334.324166	379.699293	-18.304797
-334.463666	353.876897	-19.594478
-313.665176	319.666668	-67.770904
-335.410766	358.369347	-14.884903
-260.751282	349.114461	13.006922
-313.954045	312.810623	-59.760464
562.197173	1950.846535	940.063155
-275.039154	290.100931	-101.909582
-306.668905	326.546507	-12.913581
-333.519896	353.411322	-12.742102
-335.410859	354.954158	-22.767277
-341.212546	361.073481	-19.747346
-275.036433	505.616724	168.034325
-326.914156	322.259460	-47.647827
-325.823840	350.427357	-16.735651
298.742097	-571.596358	-871.396312
-324.319656	318.962685	-41.634969
-450.266914	472.257377	-13.338683
-326.502002	357.800674	-20.177729
-254.634953	331.118490	-42.134834
-323.818859	312.652185	-76.743305
-332.955392	340.657174	-56.708227
-334.987331	354.832184	-25.854295
-306.124177	307.339422	-25.696957
-334.031291	340.458240	-56.506171
-346.187286	342.488038	37.974362
-298.372049	338.264590	-12.702795
-324.896713	350.834411	-17.634201
-328.518747	350.445814	-18.759454
-333.209663	346.787329	-24.288589
-358.387437	339.833272	-223.012008
-336.909500	342.726582	-30.493600
-328.126397	363.864837	-20.119072
-309.372418	339.470360	-8.227569
-334.617674	351.061893	-16.629127
-330.318890	322.621421	-48.249021
-322.647166	294.110725	-143.210687
-329.243131	347.820084	-20.927386
-321.075462	311.737490	-46.890069
-329.024395	352.238043	-18.622801
-329.582045	322.216245	-49.299885
-332.274297	349.290914	-22.772079
-327.225169	351.908784	-18.828405
-328.726254	320.630396	-53.286824
-59.555626	222.513118	-77.553733
-337.036559	357.232518	-24.857970
-315.470264	342.255969	-21.923026
-329.962826	324.705364	-44.527137
-339.196468	346.200748	-24.057502
-329.273946	336.567793	-14.759239
-332.986744	349.013473	-21.452062
-372.561044	341.451213	-13.462541
-328.924355	352.735613	-19.213754
-311.135768	336.712599	-2.449653
-335.771774	360.145625	-18.257334
-254.997022	319.065655	-60.053498
-328.290214	346.634860	-21.116223
-323.130299	319.096303	-45.862577
-330.723386	346.892839	-22.206683
-581.332964	357.413970	-663.698799
-368.830015	310.666478	-73.464094
-327.746739	351.381523	-17.033427
-329.179878	332.655478	-24.988559
-312.197095	307.019508	-61.989639
-336.250999	359.928217	-16.210801
-277.555123	335.935167	-8.508350
-328.974191	357.532461	-18.923022
-206.706827	591.189151	105.688949
-323.881692	347.322311	-25.294071
-332.768274	356.648430	-18.650566
-329.651600	404.431825	-28.482902
-316.357150	316.945446	-50.837658
-311.167183	341.029459	-11.765237
-330.313155	348.283118	-16.024476
-319.064122	347.307592	-15.280471
-331.838343	343.922301	-23.385891
-324.432615	346.315251	-18.643465
-306.311266	299.147863	-52.588146
-315.527242	333.568176	-18.696904
-329.400289	356.098481	-31.183232
-332.622613	341.947587	-23.325207
-332.927938	359.852502	-21.313120
-330.136389	380.553130	-21.197644
-330.908066	352.008900	-25.535873
-254.862096	249.261377	-83.894272
-323.082108	323.898239	-48.220562
-326.909126	350.694238	-18.050002
-312.969696	315.879885	-53.072335
-331.411422	350.457445	-25.662503
-314.071528	360.321547	-23.053329
-330.321709	322.192828	-41.906700
-337.127290	354.712198	-25.376038
-334.966359	364.443465	-20.834631
-308.845756	303.827969	-56.736036
-347.514828	345.481715	-61.277116
-340.069098	325.848185	-33.633206
-327.075142	343.416280	-20.357549
-335.370029	353.509047	-17.359152
-307.166309	313.675268	-52.935840
-512.107005	600.017287	-1154.592247
-329.012974	326.110885	-49.530655
-317.678222	317.259903	-30.582838
-319.892664	249.420320	-45.255144
-321.160793	377.161438	-48.240192
-317.158741	326.948742	-48.380157
-317.340188	397.571796	-4.250414
-330.051761	348.019360	-19.013053
-320.428205	319.326681	-50.332211
-321.462222	322.709307	-39.588372
-436.742679	220.558345	-126.452256
-346.310255	363.625812	-69.695887
-277.298957	212.817109	-131.762324
-329.858529	352.138728	-20.213136
-326.070577	345.695838	-22.654366
231.448235	163.702134	-15.003079
-328.290617	350.282152	-25.930351
-329.675161	326.179380	-50.141137
-297.836639	344.001861	-45.884346
-294.625121	233.809521	-144.589112
-330.149803	346.303610	-16.334410
-334.129041	350.325402	-21.077497
-340.214441	352.718109	-20.704132
-305.305050	330.830360	-36.370011
-329.997176	346.735548	-28.202842
-322.002520	348.198558	-22.868290
-326.768857	350.248266	-21.824441
-313.428134	312.899285	-52.804508
-329.888406	349.768847	-17.684318
-329.408579	350.085060	-19.524192
-292.510452	329.435238	-32.331109
-323.342479	349.558745	-20.943798
-310.704570	105.869659	37.751562
-331.871172	343.606141	-21.845278
-328.089225	348.276528	-27.135852
1257.379958	1255.476376	-13084.137951
-329.442199	335.798373	-29.534724
-323.899187	326.619297	-10.339025
-417.619782	288.423839	-51.652787
-315.790477	322.838332	-65.110068
-314.472179	307.945681	-53.219694
-327.530691	350.056613	-20.922785
-323.530664	333.196731	-37.958602
-331.580448	348.970553	-20.143876
-327.090582	353.438128	-20.101320
-330.714021	349.335761	-30.601900
-332.076571	351.482762	-20.766894
-308.943842	398.845256	23.573330
-332.044620	361.737581	-18.168074
-331.730264	355.844861	-18.268295
-345.112512	358.541033	-13.532004
-327.657269	356.072795	-18.927390
-312.841948	307.696991	-61.368222
-325.634244	343.003128	-24.547431
-324.465395	334.790152	-35.511684
-324.023956	320.700838	-45.618877
-326.692244	321.682037	14.240674
-305.630536	331.545733	-25.831730
-332.733465	354.205536	-20.190882
-341.795484	352.118257	-19.291381
-284.369787	354.342419	12.004667
-335.573029	342.327118	-25.087040
-295.836993	331.280392	-52.087799
-336.233615	363.400946	-32.627394
-207.167069	395.776493	-129.827358
-323.032066	297.647400	-72.867967
-330.265841	352.739723	-25.784479
-331.516734	355.066155	-19.441226
-310.970651	331.744984	-22.025359
-332.336097	355.074464	-22.427635
-330.182499	354.060628	-24.271151
