2091.249194	-109.985831	-103.091889
2043.525284	-18.409580	-19.508415
1984.422154	126.503984	37.953489
1956.456660	-99.644974	-66.587573
7535.116131	-1785.077036	-1815.523383
1831.472191	85.530185	29.770281
1821.168977	252.788843	127.932956
1958.356159	190.648226	259.826340
2274.177916	-12.756033	-103.685216
1955.246144	-101.135245	-67.194236
2027.210391	-183.531542	-245.166769
738.865246	872.125112	-314.979125
2209.057115	18.025150	-57.196198
2325.929440	1114.043866	1138.241053
2090.616305	4.694656	4.016030
1942.385821	92.476315	109.744348
1867.580373	67.575566	43.065741
2147.318764	356.787728	272.662583
1662.569269	335.899802	227.177698
-34823.787171	240472.347552	240472.179499
1923.154543	-66.060139	-45.760703
2029.207104	138.820479	76.750230
2031.182108	140.071316	78.432996
1954.347763	322.255859	135.372497
1697.348242	298.812293	234.079739
1588.184556	-812.255041	-864.056399
3440.927270	1764.036269	1706.756192
2245.052323	413.553577	403.138295
2162.432363	612.691175	469.494221
3689.386277	-520.672231	-701.824275
1968.419832	-33.877535	-191.195585
2035.985407	-111.978398	-76.228855
423.353332	6780.010376	6757.672232
2233.294678	-303.575017	-305.162525
1400.470740	-132.669977	114.081960
2046.070111	-50.184257	-83.168035
1440.187753	22.859490	63.756231
2307.143787	-439.199387	-243.912316
1682.158904	94.844316	-480.146153
-578.938038	-645.603100	-675.334654
1995.628553	-258.199257	-220.873240
2237.703129	223.287203	194.941046
2137.917257	-229.411540	-210.239827
1745.752875	74.676772	55.892959
2180.095463	-465.590636	-520.361926
3227.263993	120.173003	88.066084
1666.529542	-82.859169	-37.364106
2096.344779	-139.282011	-147.795796
1949.784470	-159.925711	-134.886200
2344.704843	43.220200	-133.132530
2375.688772	432.301702	159.971186
1787.752808	27.005402	50.409065
1637.474061	182.508289	168.201037
2144.319179	333.205486	286.546102
1752.951453	-451.035108	-476.773176
1935.126115	-58.258651	-27.126805
1630.290327	112.310792	88.374641
1034.430745	-477.365547	985.576663
2003.726226	-197.540686	-111.626375
2400.927269	7.975345	-127.481389
2832.756069	976.533694	1620.524321
1927.990372	-24.724390	-8.162866
1755.176954	-222.796614	-177.000058
2189.812986	-146.805363	-179.840995
1947.352447	-310.846794	-238.415942
2138.617626	453.468042	319.728762
2215.807206	182.642830	167.266751
952.377541	1453.476241	1397.099700
2518.283338	-751.772875	2186.957530
2110.765594	-170.488187	-224.242793
1706.876562	-366.533645	-166.153378
1933.324715	-995.406530	85.747711
3350.624009	-6884.437705	-6032.647457
1978.050527	-246.927706	-202.092626
2069.303711	444.705161	338.323806
2184.200942	287.154036	2.447383
1983.843808	-242.844193	-209.248631
2010.900240	162.878868	32.440640
2010.276672	890.433477	619.427432
1806.856222	517.247450	406.518852
1349.300540	-352.694310	-386.064153
2262.907311	343.343158	62.670160
3654.601218	2011.711546	1945.917382
2017.810740	-268.443818	-228.690609
2780.772051	-673.524278	-877.154332
1749.826382	73.569393	56.985402
2204.539708	-129.636930	-137.461417
2122.447268	-203.013354	-186.183667
1968.063039	-300.346469	-251.176266
1832.315040	85.748514	28.894035
2921.373783	-516.711821	-592.219783
2328.043919	151.313129	-36.273167
2005.815449	-244.601930	-210.000569
2222.116644	280.014840	199.454560
4642.386137	-1216.849154	-1243.042163
1546.294942	-64.376613	130.872370
1583.427738	118.140882	122.379503
2221.514357	33.957825	-57.087923
1938.600092	-59.013033	-29.617784
1917.889654	104.246140	11.933461
5465.537574	-1034.002683	-1083.244448
1755.909829	64.944183	58.522737
3154.638266	282.330453	217.084849
1443.044074	438.646423	256.165846
1899.197333	166.850613	106.767509
1905.284144	-184.471170	-333.497922
1904.388454	-6.524966	12.175479
2119.339860	-194.375420	-222.665535
638.829219	5534.455534	4615.104111
2141.548370	482.616472	516.045660
-13072.307154	-5716.279465	11509.300619
4747.960956	184.203449	121.256404
1900.338249	11.450940	27.397086
2747.650628	1401.420667	1310.978754
1822.478432	41.828369	26.408166
1560.388432	-297.791673	-402.842922
2213.144428	-4.473118	-47.188318
1819.547653	373.143333	213.643291
2094.885193	-49.176482	-33.773492
1822.204041	250.898313	129.729821
1771.341892	798.042164	689.599854
2569.577047	-164.094619	-192.350792
1820.543144	-255.449583	-199.263364
1729.953779	-319.109694	-186.064340
2123.673837	-206.271662	-182.595440
2056.620200	-38.437913	-22.143683
1992.478191	-251.149590	-217.766876
1784.083912	293.742328	143.810566
5689.942978	-17342.387107	-17344.891651
2203.948416	-271.765783	-293.871719
1814.054137	366.867486	153.237568
2211.526830	-272.300997	-288.317720
-6931.611573	-5432.757998	-5452.484063
1692.309207	134.914825	103.381595
634.296696	1853.117205	436.922611
2039.789156	-61.217127	-10.016167
1838.305039	779.804194	720.228265
2721.913510	252.130954	258.140889
2035.422703	-204.155020	-264.252876
1663.261572	320.900078	287.262808
-78917.850867	110956.870317	110956.684183
2097.591708	-34.976714	-56.268941
486.384522	-169.769958	-207.889539
2086.656125	-119.522335	-147.681851
2046.828892	242.023317	184.770774
1185.757827	739.678012	702.866385
-9177.826878	829.608420	-4242.062417
-10417.797219	-1277.069501	-1482.052593
2009.106977	45.611153	27.420531
2206.818161	-131.840311	-143.116655
2031.737681	772.081173	627.266441
2742.843557	988.961725	1298.898016
918.492672	-396.589921	-426.922927
2032.171900	-133.110135	-115.094673
1931.419439	-58.615349	-29.774369
1754.262382	64.962756	58.786881
2090.346305	10.228391	16.040175
1703.276727	-370.845410	-170.374463
3005.525352	574.840472	-742.089467
1604.795699	-305.350473	-217.671946
2498.169275	419.385026	-126.538648
2507.834092	247.833886	185.222589
2540.232130	-95.531528	-175.067475
1992.266369	672.174290	617.969857
1994.976711	-130.007590	-94.537307
2138.784523	28.214102	-62.414231
2057.363693	-21.283954	-21.670262
2181.500108	-1146.855530	-1095.039198
2045.926279	29.080001	31.568562
4179.459567	116.505382	89.666728
2312.376284	-243.006879	-230.401687
1846.594964	-112.621958	-39.408002
1879.890076	105.406918	58.160666
1382.005200	-902.524151	-868.339160
8471.919074	-9639.034275	-10356.464566
1688.693763	66.042632	107.882611
2129.897692	212.139363	204.618159
2279.911549	234.951105	148.978293
1750.694693	550.379518	457.749270
1815.537716	-732.266857	-311.527507
2044.647142	-10.328260	-23.432988
2137.814756	453.278450	311.393444
2147.544736	452.086263	271.634614
1237.024815	711.272658	665.507675
1351.296900	471.083219	403.606532
1283.710203	-12.269575	-184.516342
2359.212702	-109.869902	-147.149817
310.805633	491.740740	455.630821
1932.991663	128.773608	99.396790
2368.054785	-134.995766	-136.803612
1378.990720	96.882185	84.836850
980.667401	19.554984	69.830305
1928.059080	11.141748	19.009323
2016.380688	-208.061274	-207.678594
10364.776961	-4470.030972	-4574.156284
2246.303719	626.043485	683.988808
2144.471690	-244.513732	-232.485657
2313.766581	273.244182	121.710731
1977.578331	438.760695	192.036797
1461.403635	174.854846	162.148900
2189.771301	-4.732522	-30.691656
7215.333148	-693.940885	-740.898284
1772.303741	-32.948748	-180.726423
1548.498635	-131.913444	93.960422
-2371.309610	3199.009516	446.409306
-2762.046162	2817.273308	-73.403123
-2947.205093	3124.791295	-588.583192
-2825.827600	3005.448919	-190.082231
-2851.048340	3052.915944	-186.925239
-2571.724999	2899.381533	-125.099755
-2833.126329	2963.878461	-299.542271
-2813.913038	3002.611782	-182.146197
-2881.484948	3074.797548	-168.029877
-2905.176925	3112.354746	-165.515447
-2878.997964	3092.991772	-182.525183
-2846.212061	3012.997964	-211.878563
-4087.314962	2470.764974	-1320.240642
-2798.309552	2995.017756	-159.387290
-2871.480588	3300.152799	-118.382075
-2735.297638	2671.477727	-463.690485
-2605.920339	2814.517373	-607.958591
-2773.509963	2971.175047	-465.843388
-2467.782594	2877.409149	-118.948109
-2949.181718	3222.689792	-192.780004
-2947.473270	3072.992987	-230.099381
-2779.488845	2787.581873	-428.030149
-2835.288473	3022.478510	-168.401743
-2487.196157	2987.086935	-44.533569
-2632.334905	2809.604755	-142.071105
-2869.608291	3049.962874	-175.891013
-4119.579790	2518.354719	-1791.043361
-2954.662080	3312.782428	-153.961236
-2884.909582	2779.118630	-2490.718526
-2840.855640	3003.271141	-207.925973
-2921.629656	3131.443132	-157.202046
-1581.012617	5874.696253	-6327.897319
-2900.087140	3043.391729	-181.885199
-2608.469346	3040.660699	-163.467949
-2916.409060	3336.286423	-158.833235
-2950.573728	3112.742521	-156.889372
-2734.666931	2795.562133	-604.444231
-2899.685763	3155.018985	-120.212595
-2266.593046	3052.095243	113.389091
-2740.544240	2729.448342	-529.485960
4925.963483	17061.947296	8221.189783
-2395.037913	2538.267447	-891.216789
-2663.361770	2851.409241	-108.260738
-2900.164627	3113.476328	-162.799033
-2875.285736	3085.804121	-168.117608
-2918.573206	3123.371471	-172.761592
-2396.746036	4422.486492	1468.130501
-2875.264765	2803.587598	-413.120203
-2854.961560	3025.875594	-186.733365
2621.508090	-5000.797544	-7624.360550
-2832.037850	2777.210565	-359.194932
-3928.770541	4133.984318	-114.877459
-2838.206846	3156.739417	-185.146264
-2212.214848	2895.850742	-371.551661
-2824.787386	2731.906564	-677.335361
-2908.084806	2976.654037	-497.115804
-2902.848180	3023.629184	-199.759292
-2667.720361	2675.069602	-225.140672
-2918.863716	2983.188700	-508.888649
-3014.981013	2993.739025	332.129980
-2591.495018	2959.907059	-104.805496
-2902.475623	3106.693332	-167.215616
-2819.340390	3065.309225	-178.718536
-2883.180886	3067.894177	-175.650332
-3126.944482	2975.539684	-1948.889936
-2954.210947	2990.103122	-278.406297
-2837.386583	3184.658404	-183.927891
-2681.764940	2963.038258	-61.934085
-2873.780188	3097.365892	-154.581374
-2821.857477	2813.053807	-429.720130
-2812.613700	2574.343304	-1253.073253
-2854.282639	3028.312835	-193.692769
-2798.884240	2710.704270	-407.616556
-2921.364061	3112.616992	-165.617981
-2871.865196	2799.786436	-415.516598
-2867.778453	3068.425623	-186.060632
-2901.745833	3068.929856	-190.189157
-2874.917703	2806.997218	-429.530807
-509.783605	1946.510014	-679.849971
-2915.621947	3114.076172	-193.488990
-2725.775445	2997.630215	-200.189162
-2883.637004	2836.267286	-383.554742
-2911.927180	3042.208652	-173.407543
-2875.514405	2925.496432	-113.820081
-2869.080052	3091.769062	-157.398577
-3257.444570	2986.234113	-119.177154
-2860.798129	3035.783421	-189.913742
-2704.018064	2948.120571	-8.769048
-2885.235769	3085.045049	-171.967874
-2220.334826	2790.763890	-525.457292
-2817.236775	3023.966219	-175.752918
-2812.345702	2806.759652	-434.643629
-2867.073553	3008.441634	-174.071532
-5069.221841	3126.052236	-5791.225442
-3218.751523	2718.501572	-644.082047
-2869.743647	3047.261300	-176.121853
-2865.842850	2891.039071	-224.099430
-2721.157364	2670.816549	-552.351600
-2890.516632	3081.769688	-163.058727
-2408.324747	2939.668365	-72.402829
-2927.398632	3119.993947	-160.848425
-1797.942024	5168.980289	922.242903
-2856.941021	3052.646906	-181.769725
-2875.232963	3058.267825	-177.731769
-2875.256602	3544.681131	-252.701016
-2750.359793	2767.723159	-449.487116
-2695.609416	2963.955199	-153.985431
-2847.665378	3025.162871	-179.041134
-2814.541068	3077.240254	-133.731961
-2908.132791	2985.500708	-219.339128
-2788.923550	3035.716892	-159.127206
-2664.508963	2607.392068	-459.817091
-2732.738409	2908.356952	-162.846348
-2863.476508	3063.942161	-183.481383
-2866.974862	3044.455196	-184.696334
-2918.398298	3175.307882	-197.328571
-2871.262826	3340.237536	-182.676828
-2865.093867	3081.396055	-205.841447
-2219.172550	2179.493412	-734.949851
-2817.845258	2804.240775	-426.863608
-2907.071310	3102.310917	-172.345387
-2721.401666	2738.352370	-465.793840
-2867.511886	3052.634917	-179.582098
-2724.973108	3164.933539	-208.329280
-2875.377238	2807.357787	-429.924086
-2923.388986	3095.573684	-186.917237
-2924.579692	3214.143667	-186.636504
-2688.415921	2652.610246	-502.135176
-2934.718501	3044.725879	-323.212018
-2980.665806	2845.857740	-297.921969
-2874.623417	2978.981757	-174.767296
-2904.542824	3069.823486	-155.543780
-2713.543564	2735.728270	-464.162434
-4471.360790	5248.964541	-10097.744813
-2818.316332	2821.265404	-431.041825
-2763.424128	2764.198475	-259.492847
-2789.530660	2178.425812	-397.394702
-2799.554327	3309.194846	-425.382170
-2759.172393	2865.210531	-430.029891
-2763.036173	3481.437736	-35.474219
-2892.024402	3093.481585	-167.593572
-2784.928170	2786.579959	-426.852561
-2798.015679	2811.170377	-338.249159
-3811.571415	1932.636649	-1103.371108
-2945.195536	3120.288430	-604.106771
-2418.548599	1861.358270	-1153.855356
-2835.825802	3104.811140	-154.531667
-2817.734793	3026.174928	-222.353295
2025.373173	1435.851240	-131.911046
-2857.978145	3018.794861	-190.211443
-2877.993512	2857.191289	-445.611300
-2589.982943	3013.433146	-408.318660
-2569.364491	2046.008699	-1263.950887
-2868.584517	3053.252165	-174.056674
-2862.138797	3060.980135	-180.421123
-2915.677759	3080.853950	-163.540833
-2653.138738	2893.626343	-324.493202
-2862.881672	3046.925690	-188.104489
-2833.021639	3016.014784	-200.501631
-2862.887336	3050.935698	-175.956381
-2733.027886	2734.395674	-475.390341
-2904.990463	3094.303346	-170.199578
-2876.663130	3106.267846	-164.875787
-2543.545567	2876.175522	-286.399341
-2851.120817	3051.064335	-165.264201
-2709.826592	929.378119	329.547679
-2872.293711	3054.365288	-184.028709
-2842.756087	3002.072079	-207.714957
11004.053202	10981.968089	-114426.792699
-2862.225307	2919.619732	-260.666623
-2826.577822	2844.625515	-76.865838
-3644.649183	2524.417782	-451.485855
-2750.494979	2825.194883	-576.749690
-2728.175212	2670.744283	-463.607581
-2822.456349	3020.662743	-199.699874
-2825.692912	2918.222397	-333.220066
-2874.679873	3050.157808	-193.953873
-2892.098726	3097.675683	-168.627864
-2880.526259	3064.402128	-175.957633
-2902.383649	3119.487976	-173.149736
-2692.374742	3488.764270	208.003828
-2869.792032	3180.408568	-159.332230
-2873.038848	3069.557133	-175.632868
-2995.590100	3121.001890	-109.113852
-2883.294357	3127.503855	-160.847192
-2724.175803	2690.754846	-545.545230
-2824.773963	2979.170801	-237.419592
-2825.706070	2924.431950	-335.492342
-2815.935171	2794.402581	-390.847538
-2846.055741	2811.926159	134.700709
-2651.877365	2888.446546	-229.175679
-2901.596782	3134.448539	-158.746504
-2926.483902	3015.010853	-175.145403
-2472.300437	3099.950203	108.060818
-2874.059392	3056.568305	-186.988217
-2569.546056	2897.768168	-459.758173
-2938.993347	3186.521528	-300.216741
-1807.428869	3458.693756	-1132.431151
-2822.752100	2648.695427	-584.776323
-2865.676901	3059.938556	-178.909447
-2876.946247	3124.102774	-153.300649
-2695.365871	2963.385267	-154.082747
-2861.752979	3039.122511	-184.029051
-2901.163909	3104.303494	-174.192941
