2103.187430	-110.593226	-103.692184
2055.290103	-18.443049	-19.670077
1995.763408	127.211379	38.167101
1967.627354	-100.427254	-66.983676
7578.188216	-1795.284370	-1825.904988
1842.221287	85.924336	30.020705
1831.584154	254.118701	128.551708
1969.553077	191.731365	261.284256
2287.138495	-12.842597	-104.263112
1966.499926	-101.508259	-67.477290
2038.869793	-184.537919	-246.556330
743.066030	877.130526	-316.772770
2221.646137	18.128240	-57.498757
2339.235641	1120.409597	1144.744645
2102.570110	4.699038	4.043260
1953.486584	93.012476	110.323687
1878.240220	67.964250	43.270282
2159.590834	358.782892	274.194002
1672.082224	337.785422	228.471184
-35022.836040	241846.874670	241846.705656
1934.225296	-66.345760	-46.027638
2040.858624	139.434758	77.097791
2042.812772	140.877579	78.658077
1965.486614	324.103367	136.128914
1707.054604	300.523070	235.409545
1597.253742	-816.903776	-869.000428
3460.593165	1774.137988	1716.529699
2257.863020	415.922788	405.424290
2174.782710	616.182014	472.170332
3710.500288	-523.648136	-705.838980
1979.354615	-34.096166	-193.180738
2047.628947	-112.611175	-76.664960
425.763566	6818.783846	6796.317725
2246.000032	-305.267790	-306.871235
1408.486375	-133.410377	114.718085
2057.775036	-50.455232	-83.618717
1448.437713	22.984029	64.125213
2320.337038	-441.698400	-245.319121
1691.743956	95.380203	-482.937526
-582.253024	-649.286409	-679.189050
2007.002763	-259.565924	-222.060983
2250.457683	224.566023	196.004027
2149.953922	-230.658722	-211.297432
1755.691531	75.077806	56.084362
2192.563881	-468.233348	-523.314907
3245.702849	120.848065	88.563256
1676.073534	-83.341480	-37.570277
2108.260978	-140.047127	-148.614070
1960.992555	-160.829556	-135.620020
2358.078800	43.441089	-133.883241
2389.400587	434.928232	160.858335
1798.003623	27.211008	50.631475
1646.832708	183.539569	169.147821
2156.586217	335.132745	288.162512
1762.960887	-453.593662	-479.476932
1946.272666	-58.498963	-27.482698
1639.639310	112.937942	88.892381
1040.315838	-480.106871	991.225243
2015.195740	-198.656988	-112.300841
2414.597628	8.012259	-128.215489
2848.951536	982.127181	1629.804957
1939.078594	-24.866079	-8.181976
1765.254029	-224.071243	-178.005629
2202.274047	-147.620203	-180.808535
1958.538257	-312.556445	-239.748157
2150.757802	456.040971	321.463975
2228.450659	183.678786	168.233534
957.825935	1461.798581	1405.097989
2532.692253	-756.085510	2199.529524
2122.839003	-171.527758	-225.533821
1716.548734	-368.666234	-167.099266
1944.371016	-1001.100663	86.233405
3369.788207	-6923.882163	-6067.213467
1989.433526	-248.225385	-203.244792
2081.154247	447.225796	340.230852
2196.708013	288.795606	2.419773
1995.113918	-244.278397	-210.512313
2022.379794	163.745688	32.652646
2021.767275	895.538017	622.991887
1817.176319	520.206655	408.840615
1357.028925	-354.711812	-388.271695
2275.850402	345.356235	62.898475
3675.499120	2023.230723	1957.060179
2029.674023	-270.160439	-230.099524
2796.680459	-677.382495	-882.179687
1759.830468	74.030318	57.430519
2217.135045	-130.392194	-138.224011
2134.584424	-204.177801	-187.377424
1979.289038	-301.988617	-252.561586
1842.515101	86.276366	29.034398
2938.071593	-519.659815	-595.600523
2341.322043	152.168486	-36.478708
2017.153164	-245.998780	-211.212800
2234.778002	281.599921	200.613047
4668.914054	-1223.800221	-1250.143256
1555.151692	-64.739948	131.605627
1592.516250	118.813006	123.078947
2234.117827	34.109123	-57.420571
1949.601498	-59.284515	-29.737129
1928.867782	104.807944	12.042510
5496.773428	-1039.919555	-1089.443212
1765.891998	65.324783	59.072408
3172.654190	283.955790	218.332651
1451.293001	441.153666	257.632144
1910.086315	167.773206	107.331414
1916.116656	-185.461848	-335.509506
1915.350377	-6.536492	12.236866
2131.432442	-195.489030	-223.875279
642.463668	5566.141906	4641.525735
2153.790934	485.382769	518.990961
-13147.159167	-5749.008271	11575.178331
4775.084182	185.254894	121.947529
1911.228201	11.465267	27.510394
2763.350150	1409.447003	1318.487392
1832.942989	42.117381	26.582215
1569.310137	-299.503648	-405.135649
2225.773630	-4.472495	-47.428256
1829.957137	375.251259	214.840250
2106.776467	-49.455207	-33.985157
1832.701453	252.420465	130.537550
1781.477858	802.620875	693.562971
2584.236414	-165.004351	-193.425852
1830.978305	-256.909951	-200.390803
1739.842829	-320.921500	-187.099653
2135.889111	-207.405045	-183.650310
2068.296548	-38.599736	-22.321093
2004.006464	-252.652671	-219.071860
1794.271856	295.398809	144.626075
5722.462848	-17441.535696	-17444.054567
2216.545016	-273.359748	-295.511735
1824.422420	368.925913	154.129224
2224.129694	-273.851891	-290.003374
-6971.236949	-5463.830158	-5483.669074
1702.015832	135.670770	103.944377
637.883053	1863.743506	439.425696
2051.283568	-61.601021	-9.879824
1848.816933	784.266706	724.343900
2737.455809	253.583024	259.623184
2047.572980	-204.944980	-266.173502
1672.786652	322.734649	288.882617
-79368.937267	111591.094125	111590.906927
2109.881831	-35.215427	-56.801933
489.169762	-170.738496	-209.077170
2098.546607	-120.238461	-148.498483
2058.507971	243.416236	185.811445
1192.540954	743.903734	706.870501
-9230.439011	834.370637	-4266.355584
-10477.386906	-1284.374999	-1490.530255
2020.210290	46.004439	27.636091
2219.332896	-132.524923	-143.948185
2043.353179	776.505595	630.865923
2758.543398	994.647216	1306.358779
923.722228	-398.863643	-429.375680
2043.787247	-133.835665	-115.755362
1942.422756	-59.061281	-29.887171
1764.467063	65.368331	58.957082
2102.216603	10.233757	16.035898
1713.060620	-372.925400	-171.287910
3022.724026	578.130599	-746.348811
1614.001386	-307.093394	-218.914923
2512.466412	421.791654	-127.262486
2522.144000	249.259882	186.290577
2554.750445	-96.086494	-176.071156
2003.641931	676.020907	621.499382
2006.409441	-130.715311	-95.037757
2150.972962	28.357048	-62.764305
2069.044643	-21.204835	-21.650050
2193.968530	-1153.422731	-1101.313028
2057.641024	29.189699	31.857341
4203.346345	117.186188	90.193703
2325.557089	-244.391806	-231.717612
1857.183524	-113.253036	-39.652432
1890.647655	105.973242	58.457481
1389.884190	-907.685583	-873.306093
8520.358099	-9694.176613	-10415.710425
1698.393610	66.426825	108.485523
2142.089015	213.342366	205.784135
2292.920568	236.313885	149.824184
1760.712210	553.511536	460.349527
1825.909009	-736.443617	-313.306305
2056.280618	-10.468891	-23.612731
2150.024676	455.861323	313.222858
2159.790347	454.644386	273.223983
1244.091738	715.320824	669.303108
1359.028131	473.765674	405.900561
1291.044360	-12.351793	-185.565529
2372.668936	-110.519186	-147.999145
312.580959	494.564915	458.247056
1944.040897	129.478706	99.969848
2381.572052	-135.738191	-137.605300
1386.912164	97.439708	85.328614
986.280757	19.664168	70.225218
1939.065905	11.192296	19.129488
2027.919049	-209.273372	-208.899776
10424.028916	-4495.595027	-4600.315801
2259.127133	629.623377	687.898320
2156.609914	-245.958402	-233.833489
2326.958503	274.804592	122.405191
1988.882514	441.259965	193.135557
1469.783667	175.858943	163.081623
2202.267080	-4.752199	-30.905827
7256.582224	-697.899754	-745.125775
1782.452134	-33.156983	-181.746214
1557.373816	-132.654243	94.492621
-2384.918403	3217.303441	448.947817
-2777.911584	2833.447625	-73.875815
-2964.547874	3142.993686	-591.951482
-2842.143569	3022.704051	-191.107884
-2867.347422	3070.510709	-188.138753
-2586.470135	2915.986172	-125.786549
-2849.386319	2980.832888	-301.155624
-2830.213418	3019.930715	-183.167972
-2898.082814	3092.516187	-169.253564
-2921.875185	3129.813292	-166.442008
-2895.597641	3110.854600	-183.546618
-2862.508893	3030.247473	-212.823986
-4110.727768	2484.876529	-1327.792301
-2814.489508	3012.282177	-160.438250
-2887.942971	3318.939181	-119.100267
-2750.925925	2686.763516	-466.368807
-2620.913366	2830.597956	-611.413352
-2789.453615	2988.131207	-468.451689
-2482.006700	2893.866847	-119.653417
-2966.010138	3240.995346	-193.841324
-2964.409942	3090.489979	-231.556439
-2795.506745	2803.501273	-430.347219
-2851.577272	3040.039629	-169.369441
-2501.503950	3004.167175	-44.814567
-2647.444164	2825.680824	-142.884302
-2885.746021	3067.574708	-177.237937
-4143.185352	2532.747699	-1801.277086
-2971.572389	3331.654990	-154.869497
-2901.454025	2794.997076	-2505.032910
-2857.269370	3020.758661	-208.906805
-2938.221076	3149.251245	-158.268608
-1590.084993	5908.280533	-6364.098535
-2916.788207	3060.647200	-182.971383
-2623.521857	3058.009330	-164.409175
-2933.125220	3355.271078	-159.748507
-2967.294745	3130.436012	-157.869697
-2750.350257	2811.545513	-607.832542
-2916.456139	3172.936462	-120.957885
-2279.630665	3069.550959	114.039404
-2756.241928	2745.088873	-532.473741
4954.073342	17159.489623	8268.192941
-2408.789890	2552.772510	-896.312239
-2678.695337	2867.736710	-108.906549
-2916.844912	3131.142194	-163.442078
-2892.059663	3103.549615	-169.257343
-2935.631493	3141.421828	-173.747219
-2410.497858	4447.767324	1476.532212
-2891.607081	2819.697623	-415.505681
-2871.253904	3043.400197	-187.572517
2636.445195	-5029.377362	-7667.930365
-2848.253728	2793.159018	-361.276913
-3951.283878	4157.597178	-115.544394
-2854.532619	3174.628654	-186.154917
-2224.946658	2912.406669	-373.658394
-2840.978299	2747.539214	-681.172388
-2924.732838	2993.687062	-499.951398
-2919.595900	3041.372327	-201.050869
-2683.026641	2690.436716	-226.425558
-2935.564859	3000.211373	-511.713393
-3032.290353	3010.863431	334.028626
-2606.413822	2976.820284	-105.440737
-2918.720558	3124.235225	-168.100598
-2835.768696	3082.830694	-179.656556
-2899.831272	3085.226780	-176.865230
-3144.863851	2992.531346	-1960.040527
-2971.055997	3007.239681	-279.930613
-2853.793363	3202.850663	-184.933721
-2697.233760	2980.011820	-62.345664
-2890.511536	3114.915835	-155.417299
-2838.371270	2829.184700	-432.132597
-2828.746057	2589.048848	-1260.233763
-2870.747353	3045.705326	-194.733158
-2814.937970	2726.291455	-409.961094
-2937.811939	3130.229229	-166.549726
-2888.346912	2815.900981	-417.980839
-2884.391861	3085.881214	-187.192513
-2918.104053	3086.525450	-191.128302
-2891.477567	2823.246245	-432.216603
-512.761388	1957.635670	-683.727656
-2932.472270	3131.936251	-194.729187
-2741.549476	3014.743088	-201.285206
-2900.134880	2852.502480	-385.781238
-2928.884053	3059.520133	-174.611350
-2891.977995	2942.325298	-114.558406
-2885.733435	3109.219752	-158.473705
-3276.072499	3003.306689	-119.850309
-2877.244746	3053.424908	-190.868742
-2719.574956	2964.956276	-8.891794
-2902.023401	3103.051057	-172.878980
-2233.084728	2806.717186	-528.459943
-2833.653638	3041.298135	-176.809605
-2828.504026	2822.715028	-436.934667
-2883.608833	3025.789132	-175.183209
-5098.288489	3143.922934	-5824.410381
-3237.192975	2734.034921	-647.755211
-2886.126169	3064.859195	-176.978636
-2882.301763	2907.672348	-225.348882
-2736.767315	2686.168004	-555.450762
-2907.326501	3099.767104	-163.873669
-2422.202635	2956.465132	-72.828287
-2943.843416	3137.868953	-161.796421
-1808.277366	5198.539742	927.527348
-2873.144909	3070.013484	-183.034303
-2891.862652	3076.098326	-178.668103
-2891.739178	3564.902622	-254.125147
-2766.177813	2783.570470	-452.028900
-2710.985435	2980.706623	-154.504889
-2864.183853	3042.579496	-179.844820
-2830.495427	3094.605292	-134.497093
-2924.724008	3002.697750	-220.507881
-2805.146600	3053.032647	-160.059969
-2679.824640	2622.349652	-462.446501
-2748.514957	2925.035662	-163.781274
-2879.951430	3081.734659	-185.030635
-2883.601117	3061.560919	-185.860146
-2935.044348	3193.299584	-198.393817
-2887.769720	3359.264913	-183.736658
-2881.640203	3098.994565	-207.115013
-2231.915668	2191.956498	-739.144556
-2833.999047	2820.437908	-429.276231
-2923.409063	3119.846447	-173.245662
-2737.048721	2754.145587	-468.447336
-2884.085724	3070.157422	-180.857443
-2740.677035	3182.949347	-209.481882
-2890.871253	2823.115336	-431.985752
-2940.242445	3113.309503	-188.184287
-2941.327956	3232.365175	-187.678225
-2703.858387	2667.801848	-504.971878
-2952.094004	3061.999936	-326.275400
-2997.669056	2862.150318	-299.603591
-2890.976726	2996.154250	-175.785573
-2921.309004	3087.500401	-156.414525
-2728.904285	2751.412784	-466.809724
-4496.966140	5278.965405	-10155.474425
-2834.767681	2837.567906	-433.517863
-2779.308100	2780.061671	-261.022056
-2805.525292	2190.896871	-399.657456
-2815.612395	3328.052797	-427.794078
-2775.030526	2881.557849	-432.448759
-2778.903207	3501.316228	-35.686779
-2908.526667	3110.889364	-168.547655
-2800.944840	2802.547891	-429.370379
-2814.088906	2827.305947	-340.228729
-3833.408542	1943.664573	-1109.693716
-2962.511098	3138.469848	-607.590884
-2432.413551	1871.999138	-1160.443465
-2852.320361	3122.416898	-155.543114
-2834.039827	3043.459672	-223.484292
2036.945584	1444.036334	-132.661198
-2874.391311	3036.315146	-191.506575
-2894.477070	2873.500056	-448.118069
-2604.874912	3030.633190	-410.612786
-2584.095748	2057.699184	-1271.180330
-2885.093079	3070.557784	-174.894387
-2878.862732	3078.491516	-181.475631
-2932.684926	3098.490849	-164.577248
-2668.404171	2910.167910	-326.311622
-2879.387055	3064.263692	-189.504980
-2849.122845	3033.425433	-201.644013
-2879.238507	3068.453314	-177.056279
-2748.698663	2750.040944	-478.029885
-2921.481166	3111.795266	-171.084126
-2893.135757	3123.768713	-165.852238
-2558.171261	2892.647331	-288.015866
-2867.292134	3068.542832	-166.316145
-2725.361820	934.671608	331.435255
-2888.883358	3071.550665	-185.118141
-2859.138052	3019.511192	-209.075250
11066.922199	11044.741908	-115080.999596
-2878.697337	2936.410065	-262.143130
-2842.772755	2860.956711	-77.382973
-3665.530146	2538.838987	-454.068489
-2766.284508	2841.336718	-580.005053
-2743.901636	2686.142227	-466.268638
-2838.836058	3038.165303	-200.745031
-2841.869502	2934.885803	-335.119050
-2891.254742	3067.608975	-194.952270
-2908.454831	3115.336537	-169.631094
-2897.058442	3081.872200	-177.489554
-2918.987746	3137.056802	-174.185035
-2707.821949	3508.706487	209.182450
-2886.394458	3198.494338	-160.240888
-2889.626980	3087.343237	-176.548946
-3012.845116	3138.928769	-109.790849
-2899.677858	3145.304153	-161.793419
-2739.817925	2706.139531	-548.613519
-2841.056131	2996.321789	-238.646179
-2841.929606	2941.167809	-337.266218
-2832.136427	2810.437842	-393.128782
-2862.390344	2828.010329	135.412627
-2667.159094	2905.023949	-230.467239
-2918.233247	3152.155421	-159.757289
-2943.572194	3032.617946	-176.110264
-2486.518992	3117.667299	108.660983
-2890.828317	3073.677777	-188.226199
-2584.338038	2914.332189	-462.362480
-2955.804865	3204.691288	-301.847779
-1817.787232	3478.482575	-1138.922510
-2838.903641	2663.577920	-588.419603
-2882.186731	3077.572146	-180.206476
-2893.524145	3141.854078	-154.275198
-2710.995737	2980.083961	-155.198058
-2878.372409	3056.882622	-185.153326
-2917.675564	3122.004792	-175.400262
