238.761454	-12.147497	-12.007166
235.320046	-0.642601	-3.254307
226.825585	14.146429	4.273165
222.396289	-16.506151	-8.340722
861.441691	-204.146680	-207.632085
215.370921	8.820127	2.540353
208.462598	26.363410	12.658110
223.938451	21.662495	29.156155
259.208662	-1.731395	-11.556858
225.981587	-6.826574	-5.354741
233.189099	-20.132353	-27.788508
84.015840	100.108173	-35.872834
251.782235	2.061169	-6.047876
266.123956	127.314462	130.071674
239.070323	0.092437	0.557512
222.014525	10.724893	11.582660
213.195737	7.774835	4.089103
245.440420	39.899513	30.629809
190.261036	37.710361	25.869932
-3980.977380	27490.542349	27490.523136
221.428995	-5.705118	-5.322724
233.290721	12.483358	7.155768
232.335748	15.888184	4.254200
222.776875	36.948404	15.128205
194.127249	34.215763	26.595359
181.383760	-92.974493	-98.880341
393.317851	202.034350	195.470105
256.212894	47.383831	45.718789
247.006594	69.815918	53.521771
422.280073	-59.518045	-80.294054
218.696699	-4.374268	-39.699899
232.869510	-12.653633	-8.724229
48.204691	775.469394	772.909860
254.103744	-33.851498	-34.171515
160.313894	-14.807409	12.722191
234.098649	-5.420521	-9.009260
165.000446	2.491033	7.379762
263.864061	-49.978859	-28.135826
191.701529	10.717408	-55.826559
-66.299665	-73.666137	-77.087901
227.468855	-27.278361	-23.726829
255.089583	25.576398	21.257620
240.729652	-24.939040	-21.152283
198.946772	7.959595	3.884668
249.368092	-52.853539	-59.058769
368.776742	13.501278	9.943458
190.881697	-9.645414	-4.123075
238.319450	-15.296172	-16.364276
224.165029	-18.075375	-14.675010
267.477506	4.416466	-15.013261
274.235256	52.529594	17.742832
205.018074	4.116934	4.446988
187.174454	20.624599	18.934383
245.340797	38.548530	32.324966
200.189040	-51.170409	-54.074339
222.961087	-4.865148	-7.310161
186.982062	12.542631	10.355433
117.701997	-54.826382	112.971430
229.390854	-22.322056	-13.490975
273.404593	0.738084	-14.681668
323.909255	111.869702	185.612572
221.765289	-2.835865	-0.383571
201.543414	-25.492316	-20.110992
249.218587	-16.296143	-19.347401
223.722196	-34.186923	-26.644655
242.798793	51.456136	34.654953
252.868348	20.720286	19.335293
108.967916	166.446738	159.965681
288.178274	-86.252661	251.439800
241.468658	-20.798000	-25.815857
193.410452	-42.691649	-18.959463
220.926028	-113.882188	9.713777
383.283939	-788.889146	-691.320194
227.691612	-25.941433	-23.075593
237.012046	50.411837	38.139544
250.140770	32.829966	-0.551389
225.405794	-28.708032	-25.260900
229.589863	17.331604	4.242313
229.811992	102.090047	71.288874
206.401953	59.183566	46.434895
154.568297	-40.349738	-44.150487
258.860881	40.259991	4.566830
417.957985	230.383484	222.855881
237.256321	-34.322218	-28.171934
318.167983	-77.164183	-100.506882
199.956540	9.208682	8.855245
251.929124	-15.130351	-15.320852
242.773490	-23.365232	-23.788037
224.518990	-32.839596	-27.700739
204.070588	9.621589	5.366044
333.955911	-58.959726	-67.614647
265.560780	17.106122	-4.110623
226.733389	-27.944370	-24.254174
253.226411	31.699799	23.168732
530.558297	-139.021321	-142.021839
177.136187	-7.266391	14.664231
181.773023	13.442260	13.987974
252.061125	3.015847	-6.652162
219.789337	-5.383188	-2.268325
219.562357	11.233178	2.183372
624.717028	-118.337414	-123.975266
197.946840	7.709224	10.696062
360.318132	32.506619	24.955936
164.979247	50.144332	29.325797
217.780854	18.448668	11.276170
216.651575	-19.813553	-40.229043
219.243683	-0.225615	1.229161
241.849387	-22.269769	-24.188859
72.688982	633.727426	528.432466
244.851052	55.325634	58.904980
-1497.040251	-654.576106	1317.554232
542.464434	21.028893	13.822495
217.804908	0.282884	2.259783
313.990358	160.526599	150.172653
209.293097	5.783519	3.482849
178.434809	-34.239183	-45.853786
252.577507	0.018325	-4.799661
208.189953	42.156807	23.937551
237.819213	-5.569178	-4.236612
209.809089	30.696769	15.851164
202.719998	91.573708	79.262192
293.185908	-18.193869	-21.500823
208.704474	-29.206085	-22.547926
197.781506	-36.236153	-20.705377
244.276978	-22.585857	-21.195342
233.522619	-3.219904	-3.548309
230.583939	-30.086889	-26.098739
203.760955	33.127420	16.309668
650.397385	-1982.971776	-1983.258315
251.961048	-31.880671	-32.776895
207.366133	41.166315	17.833666
252.025793	-31.015690	-33.734818
-792.507518	-621.443189	-623.700215
194.134024	15.116877	11.254712
71.727163	212.525944	50.061679
229.890432	-7.669904	2.721453
210.237609	89.250027	82.312013
310.845272	29.041277	29.645661
243.003970	-15.797504	-38.404625
190.502845	36.690712	32.393846
-9021.727999	12684.476148	12684.454867
245.797027	-4.776264	-10.653829
55.705026	-19.370724	-23.752588
237.810957	-14.328644	-16.329672
233.581368	27.857228	20.812308
135.663241	84.514006	80.081763
-1052.242643	95.244328	-485.863345
-1191.793736	-146.109959	-169.553237
222.067275	7.863249	4.309651
250.267026	-13.666254	-16.560682
232.309740	88.487931	71.989244
313.996705	113.709757	149.215131
104.591424	-45.474294	-49.054919
232.306435	-14.508401	-13.211448
220.247461	-8.903208	-2.191182
205.357180	8.117500	3.593295
237.402151	0.097495	-0.106153
195.714443	-41.557133	-18.228928
343.973270	65.802422	-85.186739
184.115244	-34.857865	-24.858999
285.942031	48.131965	-14.476410
286.197012	28.519697	21.359392
290.365041	-11.099625	-20.073430
227.511326	76.932216	70.590039
228.656690	-14.151642	-10.008560
243.767173	2.855677	-6.999579
233.594371	1.580902	0.404361
249.368408	-131.343855	-125.476441
234.293471	2.191771	5.771278
477.735432	13.616118	10.539488
263.613827	-27.697556	-26.317882
211.774610	-12.619256	-4.888798
215.151781	11.322806	5.934064
157.579962	-103.228423	-99.338477
968.780516	-1102.846752	-1184.917168
193.999739	7.685062	12.056078
243.825976	24.059883	23.318090
260.178501	27.255610	16.917660
200.350993	62.639644	52.004325
207.426012	-83.534431	-35.575776
232.676805	-2.861161	-3.574871
244.203503	51.657260	36.632586
244.910967	51.160928	31.790302
141.338219	80.963391	75.908787
154.625149	53.648785	45.880220
146.683937	-1.644356	-20.983412
269.123729	-12.988591	-16.984765
35.506653	56.483475	52.324640
220.984594	14.099144	11.458947
270.342053	-14.844393	-16.035071
158.430362	11.150156	9.835228
112.267625	2.183698	7.898207
220.131254	1.007610	2.401298
230.765915	-24.245912	-24.424323
1185.039086	-511.281084	-523.190348
256.467932	71.597559	78.189683
242.761032	-28.887397	-26.951125
263.836171	31.206939	13.889538
226.083763	49.983808	21.975045
167.601987	20.081453	18.653982
249.916406	-0.392120	-4.288247
824.981490	-79.177382	-84.549826
202.969610	-4.165025	-20.394187
177.504687	-14.814702	10.643765
-272.176268	365.878309	50.769567
-317.309684	323.490498	-9.456840
-346.853340	364.043416	-67.374892
-326.345001	345.147590	-20.518049
-326.159414	351.874339	-24.184209
-294.906484	332.094487	-13.736930
-325.201542	339.091181	-32.259019
-326.049893	346.412836	-20.448265
-331.938561	354.365130	-24.554076
-333.833006	349.081179	-18.563279
-332.020671	357.198375	-20.359576
-325.920632	344.983211	-18.845701
-468.255953	282.231145	-151.033082
-323.620288	345.306148	-21.033990
-329.248598	375.722146	-14.366809
-312.500451	305.715630	-53.565681
-299.862471	321.611776	-69.093028
-318.874513	339.121715	-52.162204
-284.484800	329.155113	-14.106720
-336.558486	366.099201	-21.223974
-338.713087	349.939573	-29.124609
-320.464822	318.374329	-46.323068
-325.811881	351.249804	-19.399813
-286.158283	341.604417	-5.621500
-302.188048	321.524905	-16.264857
-322.646736	352.180218	-26.999100
-472.111140	287.859619	-204.674378
-338.202292	377.446480	-18.166248
-330.888847	317.568919	-286.287540
-328.809992	349.460363	-19.658602
-331.795792	356.098661	-21.365828
-181.447518	671.685590	-724.024309
-333.968683	345.146235	-21.714081
-301.055356	346.971158	-18.824966
-334.322246	379.686907	-18.306087
-334.376985	353.862674	-19.618549
-313.667837	319.668545	-67.761579
-335.404219	358.329754	-14.926697
-260.753482	349.114198	13.005613
-313.953484	312.810625	-59.750801
562.197170	1950.846528	940.063152
-275.039922	290.101588	-101.908446
-306.673745	326.552242	-12.918869
-333.678287	353.221852	-12.982091
-335.547824	354.867462	-22.820247
-341.119889	360.942556	-19.677343
-275.036453	505.616558	168.034138
-326.778422	322.137857	-47.776058
-325.871779	350.556907	-16.830499
298.742093	-571.596345	-871.396294
-324.315468	318.975433	-41.644252
-450.266567	472.257029	-13.338719
-326.528977	357.768731	-20.168443
-254.637437	331.118574	-42.134465
-323.817658	312.653818	-76.737792
-332.965975	340.663851	-56.715575
-334.921187	354.893615	-25.808188
-306.127016	307.345127	-25.698491
-334.014340	340.448680	-56.483540
-346.186298	342.488213	37.971486
-298.380111	338.264409	-12.706829
-324.911570	350.837166	-17.764046
-328.613799	350.412798	-18.761586
-332.795783	346.521256	-24.325837
-358.387335	339.833233	-223.011611
-336.892516	342.735798	-30.479029
-328.144744	363.825582	-20.114170
-309.380351	339.472115	-8.235588
-334.638674	350.939119	-16.810108
-330.233122	322.614208	-48.248804
-322.647108	294.111030	-143.209710
-329.342964	347.880642	-20.690772
-321.073749	311.749910	-46.891429
-328.889996	352.250683	-18.647261
-329.685882	322.369238	-49.267221
-332.247854	348.928566	-22.502882
-327.102428	351.914771	-18.736993
-327.661791	328.157567	-49.193335
-59.555707	222.513122	-77.553675
-336.976489	357.170649	-24.751019
-315.490975	342.258961	-21.918761
-329.952175	324.702359	-44.532710
-339.078790	346.257948	-24.094132
-329.269655	336.586836	-14.773754
-333.147983	349.012808	-21.553899
-372.556099	341.451846	-13.463653
-328.949627	352.934944	-18.985073
-311.139943	336.715568	-2.460176
-335.736449	360.102555	-18.185530
-254.999022	319.066174	-60.052546
-328.384680	346.641986	-21.151437
-323.203509	319.118089	-45.778735
-330.687659	347.007231	-22.260038
-581.332940	357.413964	-663.698758
-368.828054	310.667487	-73.462493
-327.524958	352.535683	-17.315557
-329.176659	332.675604	-24.989493
-312.200952	307.038764	-61.976856
-336.146615	359.974971	-16.388757
-277.560369	335.935523	-8.509969
-328.817854	357.468744	-18.997014
-206.706877	591.188986	105.688874
-324.263082	347.339240	-25.290935
-332.445193	356.582626	-18.802368
-329.651439	404.427812	-28.482324
-316.363664	316.946989	-50.833710
-307.497915	332.690390	-12.846770
-330.425010	348.383244	-16.125329
-319.110117	347.293950	-15.324681
-331.810360	343.959441	-23.364276
-324.489470	346.314991	-18.667111
-306.315802	299.155467	-52.588240
-315.534653	333.580210	-18.700130
-329.624253	355.645674	-30.807447
-332.418450	342.269839	-23.230669
-332.914093	359.815509	-21.296733
-330.139374	380.541974	-21.195556
-330.945168	351.931523	-25.406633
-254.862629	249.262071	-83.893904
-323.069279	323.985659	-48.285957
-326.602979	350.728606	-17.966050
-312.916091	315.849702	-53.068585
-331.547288	350.422011	-25.340412
-314.085571	360.310771	-23.050767
-303.875630	313.213136	-48.676347
-337.011756	354.719960	-25.306300
-334.964218	364.416904	-20.834202
-308.852875	303.836099	-56.732041
-347.505385	345.480586	-61.258346
-340.060926	325.854949	-33.631651
-327.057294	343.483475	-20.373560
-335.277471	353.567786	-17.470531
-307.259417	313.704188	-52.954707
-512.106999	600.017281	-1154.592230
-329.039974	325.991587	-49.510410
-317.680640	317.267924	-30.585495
-319.892621	249.422030	-45.255001
-321.161957	377.156620	-48.236149
-317.166573	326.943993	-48.374583
-317.341168	397.567884	-4.251969
-330.026599	348.261752	-19.144631
-320.232647	319.390623	-50.375816
-321.466830	322.713473	-39.594440
-436.742391	220.558619	-126.452051
-346.312238	363.630854	-69.668728
-277.299115	212.817594	-131.762010
-329.924058	352.091530	-20.244888
-326.131050	345.694032	-22.585249
231.448172	163.701636	-15.002969
-328.236400	350.527138	-25.872827
-329.667140	326.171315	-50.129649
-297.842119	343.999896	-45.880670
-294.625140	233.809880	-144.588598
-330.177608	345.926504	-17.213795
-334.858030	350.098946	-21.081617
-340.071884	352.757905	-20.751705
-305.312256	330.832328	-36.366829
-330.205368	346.776453	-27.819171
-322.045123	348.228338	-22.826526
-327.280947	350.441904	-22.162367
-313.403019	312.911692	-52.777424
-329.737800	349.906566	-17.698442
-329.498131	349.948118	-19.534465
-292.517303	329.437109	-32.329888
-323.509408	349.579905	-21.131828
-310.704529	105.869902	37.751478
-331.701726	343.796424	-21.729587
-327.200647	349.312376	-27.117084
1257.379958	1255.476376	-13084.137951
-329.439001	335.814916	-29.525559
-323.898112	326.628531	-10.346361
-417.618731	288.424378	-51.652586
-315.790691	322.835088	-65.104458
-314.588181	307.971421	-53.222828
-327.659153	350.044696	-20.884085
-323.533693	333.340336	-37.998691
-331.411882	349.079760	-19.786225
-327.158482	353.024958	-20.036940
-330.570679	349.452963	-30.652969
-332.085788	351.271349	-20.646211
-308.944433	398.843433	23.571590
-332.052396	361.693220	-18.178233
-331.797806	355.602756	-18.377709
-345.088187	358.534108	-13.547823
-327.682234	355.938308	-18.920177
-312.842897	307.690349	-61.363381
-325.652489	343.036447	-24.516060
-324.475174	334.643069	-35.445765
-324.026314	320.709605	-45.630900
-326.691879	321.684723	14.236035
-305.638626	331.550397	-25.830660
-332.725392	354.069579	-20.240169
-341.736079	352.165432	-19.303063
-284.372399	354.341452	12.001949
-335.179828	342.078087	-24.460390
-295.842283	331.280446	-52.084464
-336.227097	363.389434	-32.614151
-207.167440	395.776258	-129.827004
-323.029589	297.652309	-72.863236
-330.064301	352.630008	-26.099456
-331.599759	354.986503	-19.541844
-313.060148	335.553073	-21.106738
-332.449561	355.337188	-22.546819
-330.279828	353.985015	-24.016607
