-0.040267	0.021734	0.021729
0.000141	-0.000806	-0.000815
0.001665	0.000022	0.000018
0.001339	0.000450	0.000443
-0.000125	0.000466	0.000461
-0.009322	0.000939	0.000909
0.000231	0.001107	0.001101
0.000770	-0.000096	-0.000100
-0.001034	0.002178	0.002173
0.000418	-0.000990	-0.000995
0.001073	-0.000226	-0.000230
0.001171	0.001947	0.001932
-0.007044	-0.002001	-0.002008
0.016944	0.011754	0.011751
0.000761	0.000694	0.000685
0.001506	0.000773	0.000767
-0.001008	-0.001966	-0.001969
-0.004977	0.002545	0.002499
-0.002177	0.000875	0.000855
-0.010637	0.000828	0.000820
-0.000208	-0.000146	-0.000156
0.055159	0.050070	0.050064
0.000755	0.001730	0.001720
-0.000399	0.000699	0.000693
-0.001092	0.001911	0.001904
0.031485	-0.007274	-0.007278
0.000567	0.000703	0.000698
-0.001678	0.003273	0.003228
-0.020284	-0.002064	-0.002069
-0.000988	-0.000573	-0.000589
-0.000029	-0.008587	-0.008597
-0.114119	-0.040696	-0.040736
-0.000335	-0.001409	-0.001412
-0.010070	0.000504	0.000479
0.000798	-0.001618	-0.001652
-0.003597	-0.002136	-0.002139
0.000321	-0.000345	-0.000354
0.000328	0.001560	0.001556
0.000679	-0.000191	-0.000212
-0.000121	0.000052	0.000040
-0.003066	-0.001967	-0.001973
0.000312	-0.000697	-0.000704
0.000855	0.000913	0.000909
0.003522	-0.000093	-0.000100
-0.076283	-0.004810	-0.004813
0.000471	-0.000102	-0.000118
0.002926	-0.000422	-0.000430
-0.000332	-0.000196	-0.000207
-0.008851	0.007108	0.007097
0.002332	-0.001372	-0.001400
-0.000626	-0.000455	-0.000502
-0.005331	-0.007481	-0.007498
-0.012330	-0.008478	-0.008489
-0.000375	-0.000949	-0.000974
0.007274	-0.000413	-0.000416
-0.000630	0.000007	0.000002
0.014305	0.001850	0.001847
-0.000502	0.000045	0.000038
-0.000735	-0.000763	-0.000766
0.003012	0.000140	0.000120
-0.002045	-0.001083	-0.001088
-0.007035	0.006620	0.006584
-0.000170	0.001324	0.001315
0.002015	0.000418	0.000414
-0.001693	0.000248	0.000239
-0.001392	0.000706	0.000702
0.001302	0.001246	0.001241
0.000156	-0.000784	-0.000801
0.004002	-0.001413	-0.001417
-0.000356	-0.001364	-0.001369
-0.001116	-0.001344	-0.001369
-0.011039	0.005049	0.005045
0.000295	-0.000424	-0.000447
0.002005	0.000101	0.000091
0.002254	0.000738	0.000725
-0.002424	-0.003763	-0.003767
-0.000637	0.000423	0.000408
-0.001204	0.000458	0.000450
0.000466	0.000140	0.000126
0.000949	0.000145	0.000141
0.015489	-0.001153	-0.001157
-0.001292	-0.000544	-0.000550
0.000339	0.001325	0.001320
0.000771	0.001495	0.001488
-0.000968	-0.001126	-0.001132
-0.001247	0.001488	0.001478
-0.002263	0.002598	0.002592
0.001068	-0.000808	-0.000812
-0.002606	-0.002819	-0.002824
-0.000987	0.000028	0.000017
-0.018090	0.006637	0.006633
0.002037	0.000604	0.000581
-0.000099	0.002721	0.002718
0.000163	-0.000655	-0.000666
0.003270	0.000785	0.000781
-0.001052	-0.002334	-0.002344
-0.001261	-0.000851	-0.000890
0.003147	-0.000230	-0.000234
0.000142	0.000223	0.000213
0.002832	-0.000932	-0.000935
0.004895	-0.003780	-0.003785
-0.005212	-0.002101	-0.002104
-0.023126	0.009376	0.009372
-0.000213	-0.000653	-0.000681
0.008495	-0.002429	-0.002460
-0.000963	-0.000773	-0.000777
0.007399	0.000250	0.000247
0.002102	-0.000181	-0.000184
-0.000007	-0.000836	-0.000839
0.008783	0.002991	0.002967
-0.000630	-0.001503	-0.001550
0.007737	-0.002358	-0.002387
-0.003798	0.000036	0.000002
0.001838	-0.002642	-0.002646
0.002928	0.000707	0.000698
-0.001620	-0.002088	-0.002104
-0.016425	-0.022127	-0.022166
0.007291	0.006289	0.006282
-0.004205	0.002302	0.002297
-0.000290	0.002325	0.002321
-0.005246	-0.000641	-0.000653
-0.001047	0.000918	0.000913
0.004270	0.001961	0.001957
0.000072	-0.000280	-0.000298
-0.000429	-0.010716	-0.010723
0.005616	0.003537	0.003502
0.001444	0.002173	0.002168
-0.002913	0.002077	0.002069
0.110985	0.039352	0.039313
-0.047005	-0.047237	-0.047243
0.000456	0.000479	0.000466
0.001418	0.001168	0.001165
0.005436	0.016727	0.016685
0.001430	-0.003119	-0.003122
-0.000640	-0.001050	-0.001054
0.000334	0.001118	0.001108
-0.000429	-0.000061	-0.000067
0.001595	0.001435	0.001431
0.010041	0.005341	0.005331
0.000864	0.002305	0.002300
-0.000142	-0.000405	-0.000415
0.001602	0.000120	0.000112
0.002891	0.005970	0.005967
-0.000019	-0.000576	-0.000592
0.005425	-0.000090	-0.000093
-0.000081	0.001093	0.001079
0.001712	0.000233	0.000228
0.015456	0.004913	0.004909
0.025032	0.014421	0.014383
-0.045628	-0.010987	-0.010991
0.000502	0.000388	0.000384
-0.000806	-0.000403	-0.000449
0.000864	0.001045	0.001009
-0.000283	-0.001052	-0.001056
-0.004369	-0.005310	-0.005356
-0.002409	0.000138	0.000132
0.000000	0.000072	0.000069
0.007642	-0.000898	-0.000907
0.004428	-0.000982	-0.000985
0.005693	-0.003372	-0.003376
0.007976	0.001946	0.001921
0.008659	-0.001008	-0.001011
-0.004086	0.002578	0.002574
-0.004859	-0.007710	-0.007714
-0.000310	0.000377	0.000370
-0.001332	-0.001189	-0.001196
0.001662	-0.001672	-0.001716
-0.000749	0.001608	0.001595
-0.001591	0.001800	0.001790
0.005791	-0.014368	-0.014372
0.000880	-0.000620	-0.000624
-0.016996	0.010975	0.010971
0.000867	0.000372	0.000367
0.060192	0.008728	0.008724
0.007796	-0.006352	-0.006355
0.001328	-0.000446	-0.000478
-0.000288	0.000050	0.000029
0.000988	0.001542	0.001535
0.000492	-0.000757	-0.000767
0.001483	0.000303	0.000297
0.005446	0.006895	0.006879
-0.006718	0.004589	0.004561
0.000068	0.000266	0.000261
-0.019795	-0.004883	-0.004886
-0.001630	0.002670	0.002653
-0.002061	-0.000535	-0.000541
0.004339	0.004592	0.004586
0.000153	-0.000432	-0.000446
-0.000150	0.000731	0.000723
0.005180	-0.000556	-0.000559
-0.024711	-0.012965	-0.013009
0.001335	-0.000275	-0.000278
0.038719	-0.022379	-0.022383
0.016486	0.000784	0.000778
-0.000083	0.000140	0.000135
-0.000536	-0.000305	-0.000308
0.080799	0.005233	0.005230
0.001190	0.001614	0.001610
0.000572	0.000642	0.000639
-0.000477	-0.000288	-0.000294
-0.002512	-0.008906	-0.008912
0.000816	-0.000892	-0.000896
-0.000444	0.000421	0.000412
0.002460	-0.005033	-0.005037
-84.000032	83.999227	-0.000768
-83.998987	83.999952	-0.000045
-84.002524	83.998521	-0.001484
-83.999465	83.997964	-0.002029
-83.994579	84.001664	0.001682
-84.001868	84.002212	0.002215
-83.990706	84.006696	0.006701
-84.002949	84.001681	0.001685
-83.978675	83.987739	-0.012328
-83.997220	84.001648	0.001662
-83.996769	84.002361	0.002366
-83.996162	84.001740	0.001732
-84.002595	84.003150	0.003182
-84.003262	84.003719	0.003730
-84.001013	83.999944	-0.000052
-83.998249	83.995882	-0.004113
-83.997271	84.001600	0.001604
-84.000140	83.998971	-0.001027
-83.998730	83.999817	-0.000174
-83.996975	84.000094	0.000055
-83.998855	84.000630	0.000651
-83.988168	84.006364	0.006407
-83.999027	83.998560	-0.001431
-84.001780	83.998771	-0.001226
-84.011132	84.002267	0.002272
-84.001621	83.999987	-0.000011
-84.000881	84.002487	0.002490
-83.994943	83.994454	-0.005533
-84.002759	84.001599	0.001604
-84.003943	83.996578	-0.003418
-84.001069	84.001839	0.001846
-83.997250	83.999316	-0.000676
-84.001806	83.998720	-0.001274
-83.998976	83.999517	-0.000437
-84.016225	84.014298	0.014301
-83.999634	84.000150	0.000155
-83.997280	84.001432	0.001476
-84.002584	84.001514	0.001522
-84.004581	83.999990	0.000001
-84.002828	83.997452	-0.002546
-83.999173	84.000820	0.000825
-84.000349	83.999949	-0.000044
-83.998559	83.999284	-0.000711
-84.135496	84.131187	0.131184
-84.011913	83.997734	-0.002261
-83.999673	84.005100	0.005104
-83.956359	84.054490	0.054531
-84.001479	84.000710	0.000714
-84.005283	83.997861	-0.002128
-83.986267	83.994670	-0.005332
-83.999852	84.001008	0.001014
-84.007813	83.996253	-0.003749
-83.998515	84.002115	0.002118
-83.999917	84.000706	0.000717
-83.997267	83.999746	-0.000239
-84.000168	83.999833	-0.000159
-84.000522	84.000721	0.000726
-83.997593	84.000806	0.000825
-83.997812	83.996329	-0.003669
-84.002001	84.004203	0.004212
-84.000516	83.999383	-0.000600
-83.996745	83.999160	-0.000838
-83.999447	83.998245	-0.001748
-84.001815	83.998504	-0.001488
-83.997578	84.001541	0.000793
-83.996840	83.998552	-0.001403
-84.001611	83.999580	-0.000416
-84.000667	83.999677	-0.000317
-84.000334	83.999099	-0.000896
-84.000240	84.001556	0.001592
-84.000408	84.000073	0.000075
-102.643779	102.415489	-1.099861
-83.991238	83.995531	-0.004426
-83.999839	83.999518	-0.000477
-83.999460	84.000124	0.000131
-84.001440	84.000586	0.000594
-83.999472	83.999976	-0.000015
-84.000296	83.998872	-0.001094
-84.006179	84.000132	0.000124
-84.007509	83.999937	-0.000090
-84.002464	83.999878	-0.000097
-83.997893	84.001033	0.001049
-84.005730	83.994338	-0.005625
-84.008975	83.997588	-0.002417
-84.002338	84.001186	0.001187
-83.998218	84.003593	0.003605
-84.408387	83.940725	-0.059296
-103.597277	93.643177	-53.787294
-84.001153	83.999892	-0.000102
-84.035872	84.013204	0.013224
-84.002694	83.999532	-0.000461
-84.001190	84.000380	0.000383
-84.000295	83.999968	-0.000015
-83.999458	83.999916	-0.000093
-84.006457	83.926328	-0.073766
-83.985586	84.003649	-0.018497
-83.998535	84.003223	0.003248
-84.004699	84.003908	0.003909
-84.000707	83.999337	-0.000631
-83.999145	83.998218	-0.001775
-83.998237	83.998980	-0.001016
-84.002253	83.997690	-0.002303
-83.998982	83.997035	-0.002980
-84.003771	83.994392	-0.005586
-84.001757	84.000123	0.000123
-83.999278	83.997740	-0.002211
-84.003615	83.997251	-0.002747
-83.995735	83.999362	-0.000628
-83.999531	83.999668	-0.000313
-84.002527	83.999466	-0.000528
-83.999578	83.994452	-0.005511
-84.018855	84.002848	0.002743
-84.001882	83.998915	-0.001082
-84.002923	83.996203	-0.003794
-84.003028	83.997973	-0.002152
-84.004508	83.995235	-0.004737
-84.004881	83.997638	-0.002349
-83.998522	84.000602	0.000651
-84.005124	84.000264	0.000275
-83.988409	84.002829	0.002828
-83.999030	84.001523	0.001524
-84.001061	83.999210	-0.000781
-83.999722	83.999706	-0.000275
-83.997035	84.005077	0.005102
-84.006372	83.997572	-0.002413
-83.999131	84.001277	0.001301
-84.001633	83.999466	-0.000537
-84.000966	84.000933	0.000958
-83.998955	83.999816	-0.000236
-83.995467	83.998594	-0.001397
-84.001312	84.001600	0.001603
-84.009719	84.018602	0.018175
-83.997397	84.002352	0.002349
-83.996725	84.000900	0.000909
-84.005870	83.999347	-0.000647
-83.996368	83.986580	-0.013417
-84.000522	83.999502	-0.000495
-83.999047	84.000226	0.000240
-83.998824	83.999201	-0.000764
-83.999930	84.001295	0.001300
-83.999695	83.999587	-0.000398
-83.991227	83.998277	-0.001719
-83.992803	84.003738	0.003750
-83.998283	84.000372	0.000399
-84.005543	83.998678	-0.001322
-84.000148	83.998547	-0.001448
-83.995916	83.998999	-0.000987
-83.999558	84.000660	0.000676
-84.001348	83.998554	-0.001445
-83.997652	84.001878	0.001883
-83.994691	84.001158	0.001161
-83.999762	84.000021	0.000022
-84.001048	84.000372	0.000380
-84.000306	84.000514	0.000517
-83.998041	84.000953	0.000959
-83.997514	83.998434	-0.001563
-84.000189	83.998040	-0.001952
-83.593204	84.059477	0.058310
-83.998673	83.998996	-0.000997
-84.001516	84.000300	0.000302
-83.997788	83.998873	-0.001106
-84.000439	84.000533	0.000549
-84.000365	83.996535	-0.003463
-84.001102	83.999082	-0.000969
-84.000210	83.999601	-0.000394
-84.004502	84.000078	0.000079
-84.000064	84.000632	0.000632
-83.997748	83.998105	-0.001884
-84.000063	83.998898	-0.001087
-83.999586	83.998409	-0.001634
-83.999079	84.000017	0.000027
-84.000721	84.001921	0.001929
-84.001999	84.002340	0.002343
-84.004334	84.000651	0.000658
-84.002372	83.997444	-0.002545
-84.010445	84.012796	0.012786
-84.001951	84.000089	0.000091
-84.004568	83.997979	-0.002020
-83.996555	83.980754	-0.019523
-83.998767	84.000548	0.000558
-84.001941	84.001194	0.001220
-84.000296	83.999357	-0.000640
-83.998364	84.001655	0.001664
-83.997260	83.999918	-0.000104
-84.000263	84.000869	0.000874
-83.990030	83.990197	-0.009816
-84.000808	84.000137	0.000144
-84.002078	84.000250	0.000253
-84.000334	83.999163	-0.000823
-84.004021	84.005654	0.005664
-83.994660	84.002984	0.003019
-84.001549	83.996896	-0.003070
-84.000582	84.005587	0.005592
-83.998677	84.008887	0.008878
-83.999864	83.999684	-0.000290
-84.003517	83.994195	-0.005797
-83.873965	83.870748	-0.129725
-83.995614	84.008624	0.008627
-83.999902	84.009885	0.009921
-83.999660	83.999749	-0.000247
-83.997644	83.995364	-0.004625
-84.000223	84.000720	0.000732
-84.006899	84.004622	0.004654
-83.997248	84.002215	0.002222
