238.745048	-12.145601	-12.013662
235.438329	-0.477539	-3.381507
226.828297	14.138947	4.277844
220.283631	-7.884061	-7.325161
861.441590	-204.146640	-207.632052
210.315332	10.385075	0.875269
209.314474	25.997706	14.274681
223.938909	21.661067	29.145283
259.193988	-1.731962	-11.551569
225.075577	-14.447173	-8.142596
233.194996	-20.154457	-27.774864
84.016563	100.107628	-35.872503
251.791934	2.058860	-6.031409
266.123672	127.313719	130.070828
239.037898	0.120060	0.628546
222.010769	10.733432	11.561854
213.189451	7.780751	4.080532
245.435500	39.880296	30.637336
190.270778	37.700119	25.871029
-3980.977380	27490.542349	27490.523136
221.500139	-5.668726	-5.237763
234.534923	14.225557	7.705577
231.084941	13.861410	3.590496
222.776126	36.939550	15.127571
194.127308	34.216830	26.591550
181.383991	-92.973418	-98.879082
393.317605	202.034168	195.469901
256.207716	47.381862	45.713211
247.004890	69.811652	53.519491
422.279338	-59.517795	-80.293766
218.701963	-4.382440	-39.684248
232.862963	-12.644168	-8.734978
48.204680	775.469351	772.909800
254.086758	-33.831402	-34.157916
160.319844	-14.804430	12.720592
234.099387	-5.425608	-8.987354
165.006703	2.492289	7.380394
263.859248	-49.971805	-28.134497
191.703966	10.715789	-55.822049
-66.299380	-73.665884	-77.087782
227.369410	-26.893368	-23.552964
255.082138	25.576315	21.247665
240.710794	-24.913618	-21.151719
199.650838	7.745380	4.253866
249.366659	-52.850012	-59.054520
368.774919	13.501467	9.943510
190.891064	-9.641433	-4.121284
238.296282	-15.264280	-16.358221
224.181833	-18.067690	-14.667960
267.469336	4.409933	-15.008483
274.230037	52.524587	17.742131
205.027153	4.141246	4.441126
187.182097	20.619651	18.927864
245.341021	38.565683	32.308461
200.190808	-51.167067	-54.070396
224.883457	-6.165528	-7.963293
186.994193	12.540840	10.358519
117.702641	-54.825822	112.970562
229.393737	-22.302071	-13.499190
273.391552	0.737073	-14.679955
323.908830	111.869514	185.611812
221.769269	-2.846103	-0.390715
201.552975	-25.490989	-20.108816
249.205409	-16.292747	-19.330266
223.752662	-34.155824	-26.646702
242.782350	51.444260	34.356879
252.864787	20.726240	19.333441
108.968075	166.446411	159.965220
288.178121	-86.252444	251.439338
241.471256	-20.831821	-25.791731
193.219013	-42.953535	-19.236320
220.926044	-113.879829	9.713253
383.283925	-788.889103	-691.320164
227.850120	-25.887283	-23.258468
237.018766	50.407505	38.132557
250.137529	32.822841	-0.547352
225.426572	-28.819032	-25.170230
229.583866	17.307228	4.253461
229.811680	102.086254	71.287743
206.402071	59.180902	46.433076
154.571360	-40.348172	-44.148784
258.856116	40.252159	4.569455
417.957705	230.383244	222.855620
237.213662	-34.274135	-28.142622
318.167103	-77.163377	-100.505827
199.521799	9.069159	8.522810
252.022832	-15.240352	-15.702300
242.935574	-23.667365	-23.364372
224.513815	-32.823061	-27.671963
208.426766	8.505674	6.547400
333.954426	-58.958971	-67.613890
265.552237	17.100998	-4.109699
226.623329	-27.987579	-24.307456
253.222626	31.690707	23.163599
530.558037	-139.021172	-142.021710
177.142168	-7.264882	14.659629
181.786969	13.441106	13.983432
252.018845	2.963627	-6.647688
216.382510	-3.944071	-1.762823
219.561325	11.218566	2.195396
624.716787	-118.337339	-123.975203
199.388870	8.443779	3.937586
360.316445	32.506097	24.955430
164.982766	50.141617	29.324943
217.786919	18.432595	11.266518
216.658192	-19.813519	-40.215856
219.269750	-0.200294	1.237087
241.838087	-22.257388	-24.158444
72.688953	633.727353	528.432374
244.849999	55.324090	58.899768
-1497.040240	-654.576099	1317.554221
542.463958	21.028881	13.822468
217.835364	0.264153	2.227162
313.989975	160.526000	150.172198
209.302995	5.800175	3.492196
178.438380	-34.237516	-45.850009
252.544197	0.048072	-4.804423
208.191241	42.148205	23.929286
237.789036	-5.543546	-4.252140
209.020342	31.105063	14.079305
202.723488	91.571182	79.261426
293.178644	-18.189943	-21.498909
208.710735	-29.199750	-22.543596
197.783994	-36.236218	-20.701047
244.118931	-22.258697	-21.674984
233.500896	-3.138436	-3.546382
230.701585	-30.312061	-26.123322
203.771304	33.116448	16.307037
650.397383	-1982.971770	-1983.258308
252.123165	-31.884024	-32.653023
207.368520	41.155133	17.836440
251.850789	-31.008704	-33.851190
-792.507490	-621.443156	-623.700191
194.141686	15.106733	11.249999
71.727283	212.525555	50.061558
229.900610	-7.631307	2.694260
210.236229	89.248932	82.308587
310.841751	29.040664	29.644384
242.995901	-15.790604	-38.365795
190.509091	36.687177	32.382155
-9021.727999	12684.476148	12684.454867
245.769647	-4.785154	-10.625443
55.706141	-19.370459	-23.752416
237.818078	-14.360307	-16.314786
233.580308	27.851457	20.806762
135.666773	84.511796	80.078969
-1052.242579	95.244341	-485.863310
-1191.793680	-146.109936	-169.553231
222.071312	7.851416	4.302026
250.149125	-13.553498	-16.175957
232.308560	88.485296	71.987247
313.996185	113.709449	149.214546
104.592943	-45.473579	-49.054245
232.304044	-14.497424	-13.199591
221.180352	-8.686697	-2.071893
203.298028	7.858862	10.243077
237.386326	0.044619	-0.215743
195.927370	-41.283197	-17.962202
343.972262	65.801867	-85.185945
184.122780	-34.855121	-24.856359
285.938478	48.128979	-14.474681
286.191333	28.518586	21.357579
290.358654	-11.101190	-20.072466
227.511730	76.931553	70.587658
228.667236	-14.137640	-10.006492
243.759126	2.839367	-6.990043
233.450799	1.577988	0.394541
249.368202	-131.342987	-125.475664
234.286959	2.180680	5.749433
477.734825	13.616123	10.539456
263.602381	-27.692552	-26.314804
211.791795	-12.607662	-4.889727
215.152801	11.304200	5.922815
157.580814	-103.227288	-99.337550
968.780505	-1102.846739	-1184.917155
194.013833	7.691085	12.045197
243.823580	24.058972	23.310890
260.169030	27.255586	16.916848
200.354205	62.635953	52.000201
207.426727	-83.530633	-35.574778
232.734640	-3.135974	-3.444898
244.224118	51.656319	36.905401
244.904535	51.153280	31.805041
141.336985	80.963788	75.909458
154.627902	53.647250	45.878385
146.687865	-1.644334	-20.981781
269.119089	-13.003387	-16.975618
35.507371	56.483384	52.324377
220.984231	14.084857	11.447768
270.325378	-14.823494	-16.041803
158.437757	11.148624	9.834959
112.270173	2.183836	7.898001
220.104251	0.990391	2.390963
230.759182	-24.265601	-24.427341
1185.039052	-511.281065	-523.190332
256.466162	71.596060	78.186807
242.744022	-28.857872	-26.924435
263.824787	31.200654	13.891227
226.084251	49.975821	21.974260
167.608774	20.079009	18.651510
249.920985	-0.384835	-4.312652
824.981352	-79.177363	-84.549815
202.978449	-4.166682	-20.385971
177.510053	-14.808278	10.642713
-272.178325	365.877324	50.766227
-317.315918	323.511350	-9.471927
-346.841730	364.021688	-67.419897
-326.467899	345.381225	-20.541923
-327.051289	351.698445	-23.731178
-294.925325	332.103110	-13.742199
-325.210558	339.104760	-32.218577
-326.268469	346.588789	-20.515908
-331.802241	354.335019	-24.888660
-333.235426	348.730089	-18.714435
-332.177507	356.903804	-19.987360
-325.806713	344.872523	-18.525487
-468.255128	282.231377	-151.032530
-323.729457	345.397354	-21.108873
-329.253384	375.694563	-14.381721
-312.088128	305.741358	-53.554606
-299.872210	321.612367	-69.082021
-318.881889	339.114272	-52.142966
-284.498314	329.160887	-14.109542
-336.508286	366.038843	-21.211720
-338.611032	349.938174	-29.041279
-321.085451	318.318362	-46.325364
-325.998520	351.382963	-19.634976
-286.170399	341.602557	-5.629330
-302.202506	321.542644	-16.269476
-322.888669	352.614437	-27.110531
-472.110599	287.859732	-204.673762
-338.182690	377.422528	-18.171431
-330.888785	317.568930	-286.286854
-330.284716	348.653470	-21.289822
-331.636255	355.752165	-21.546531
-181.447518	671.685538	-724.024225
-333.706573	345.334676	-21.680108
-301.081234	346.963760	-18.827238
-334.317440	379.655752	-18.309388
-334.156408	353.825514	-19.679958
-313.674553	319.673278	-67.738147
-335.386388	358.229609	-15.032469
-260.759000	349.113540	13.002328
-313.952132	312.810611	-59.726576
562.197165	1950.846513	940.063143
-275.041849	290.103237	-101.905596
-306.685903	326.566676	-12.932123
-333.871822	352.754991	-13.590641
-335.924955	354.687387	-22.914056
-340.891362	360.642000	-19.490932
-275.036504	505.616144	168.033669
-326.437919	321.745789	-48.197765
-326.019921	350.882531	-17.043761
298.742082	-571.596313	-871.396249
-324.305025	319.007643	-41.668019
-450.265697	472.256155	-13.338809
-326.598400	357.685758	-20.145727
-254.643669	331.118786	-42.133540
-323.814646	312.657904	-76.723962
-332.994934	340.681287	-56.735300
-334.747441	355.050105	-25.679373
-306.134147	307.359444	-25.702346
-333.969316	340.424014	-56.425221
-346.183820	342.488655	37.964277
-298.400325	338.263928	-12.716943
-325.070590	350.718150	-18.083536
-328.861191	350.325767	-18.772033
-331.692138	346.050969	-24.674128
-358.387077	339.833136	-223.010615
-336.849839	342.759190	-30.442026
-328.190481	363.727376	-20.102183
-309.400288	339.476463	-8.255759
-334.730686	350.680951	-17.305337
-330.025748	322.602237	-48.237910
-322.646961	294.111796	-143.207261
-329.564679	348.034643	-20.151614
-321.069506	311.781276	-46.894841
-328.526474	352.259053	-18.711498
-329.911056	322.829317	-49.103785
-331.927192	348.004604	-21.902366
-326.764944	351.924104	-18.497481
-327.049680	327.817937	-49.016767
-59.555910	222.513133	-77.553531
-336.826122	357.014142	-24.498625
-315.543215	342.266794	-21.908368
-329.924630	324.694875	-44.546770
-338.787238	346.393540	-24.174475
-329.258969	336.634925	-14.810279
-333.551472	348.997146	-21.832137
-372.543676	341.453443	-13.466453
-329.223322	353.647538	-18.432357
-311.150436	336.723057	-2.486609
-335.763363	360.170112	-17.914985
-255.004040	319.067476	-60.050158
-328.630904	346.664300	-21.244108
-323.412094	319.172372	-45.553057
-330.594106	347.300972	-22.389128
-581.332882	357.413951	-663.698655
-368.823135	310.670025	-73.458477
-326.828071	354.882251	-18.343274
-329.168625	332.726218	-24.991853
-312.211066	307.088305	-61.944125
-335.905473	360.214372	-16.914166
-277.573533	335.936422	-8.514036
-328.439034	357.330280	-19.188749
-206.707003	591.188571	105.688685
-325.079833	347.383483	-25.311833
-332.042054	356.597134	-19.298197
-329.651037	404.417738	-28.480879
-316.379939	316.950963	-50.823758
-308.866831	332.462711	-15.815048
-330.691379	348.664481	-16.427345
-319.224698	347.260326	-15.434610
-331.739535	344.054916	-23.309819
-324.635100	346.315331	-18.728348
-306.327189	299.174584	-52.588495
-315.553036	333.610588	-18.708194
-330.430046	354.952302	-30.037803
-331.582520	343.055509	-23.042990
-332.879117	359.720470	-21.255307
-330.146887	380.513907	-21.190284
-331.035631	351.734478	-25.075557
-254.863965	249.263810	-83.892980
-323.022003	324.168731	-48.484775
-325.908340	350.827609	-17.826054
-312.831622	315.785745	-53.073445
-331.538807	349.980253	-24.196130
-314.121022	360.283634	-23.044395
-304.314987	313.468229	-48.588550
-336.730374	354.729744	-25.135183
-334.958806	364.349922	-20.833211
-308.870743	303.856574	-56.722040
-347.482572	345.477752	-61.214202
-340.040434	325.872014	-33.627745
-327.013692	343.654911	-20.414725
-335.046332	353.721592	-17.750665
-307.449713	313.761582	-52.987820
-512.106985	600.017267	-1154.592185
-329.092945	325.727036	-49.453049
-317.686714	317.288060	-30.592194
-319.892515	249.426317	-45.254641
-321.164900	377.144509	-48.225989
-317.186382	326.932084	-48.360597
-317.343626	397.558071	-4.255872
-329.775628	348.457266	-19.460453
-319.623784	319.546429	-50.365858
-321.478512	322.723841	-39.609870
-436.741670	220.559307	-126.451539
-346.317232	363.642984	-69.601464
-277.299509	212.818808	-131.761222
-330.094264	351.970760	-20.328037
-326.289446	345.691764	-22.404443
231.448014	163.700386	-15.002695
-328.106818	351.126517	-25.700261
-329.646021	326.150819	-50.100611
-297.855889	343.994970	-45.871451
-294.625187	233.810780	-144.587308
-329.964364	345.109175	-19.691823
-339.733095	352.412073	-26.336864
-339.706693	352.857666	-20.858222
-305.330354	330.837280	-36.358868
-330.567305	346.771760	-26.801094
-322.140328	348.330791	-22.707027
-328.711067	350.736173	-22.965375
-313.340463	312.946360	-52.711675
-329.305587	350.234334	-17.744507
-329.761876	349.573103	-19.575642
-292.534495	329.441796	-32.326832
-323.919076	349.612745	-21.573000
-310.704427	105.870510	37.751270
-331.021052	344.221966	-21.445448
-326.207510	351.180323	-25.281640
1257.379958	1255.476376	-13084.137951
-329.430893	335.856559	-29.502542
-323.895416	326.651733	-10.364772
-417.616094	288.425730	-51.652083
-315.791196	322.826935	-65.090359
-314.964697	308.016003	-53.238437
-328.014658	349.986920	-20.800260
-323.555815	333.721115	-38.060717
-330.964628	349.451711	-18.697734
-327.350689	352.260625	-19.974462
-330.090924	349.461718	-30.306737
-332.080426	350.747100	-20.360651
-308.945917	398.838862	23.567226
-332.071610	361.580869	-18.204271
-331.992892	355.067462	-18.682649
-345.027398	358.516465	-13.587051
-327.737121	355.578098	-18.870829
-312.844735	307.672466	-61.351858
-325.698768	343.121921	-24.436949
-324.483219	334.247961	-35.324801
-324.032854	320.732043	-45.662072
-326.690964	321.691469	14.224397
-305.658962	331.562104	-25.827959
-332.710504	353.721489	-20.358214
-341.582993	352.284388	-19.332895
-284.378950	354.339030	11.995130
-334.126248	341.760995	-23.417039
-295.855568	331.280580	-52.076096
-336.210659	363.360252	-32.580724
-207.168371	395.775667	-129.826116
-323.023541	297.664554	-72.851461
-327.250914	353.678757	-18.138999
-331.820606	354.797169	-19.821540
-312.152395	336.287911	-18.005837
-332.947236	355.996317	-22.916915
-330.425157	353.698199	-23.310830
