0.008470	0.012759	0.012679
-0.112397	-0.060382	-0.060506
-0.000901	-0.000918	-0.001224
0.004081	0.001974	0.001789
-0.006261	0.000262	0.000072
0.020625	0.001421	0.001291
0.001296	0.002127	0.001626
0.001293	0.000946	-0.000605
0.839457	-0.663523	-0.664536
0.061834	-0.033134	-0.033250
0.001273	0.003428	0.003269
-0.003452	-0.005974	-0.006468
0.003270	0.004759	0.004471
0.012855	-0.000312	-0.000745
-0.008701	-0.001396	-0.003159
0.001674	0.015108	0.015039
0.012035	-0.001058	-0.001134
-0.001864	0.001155	0.000579
0.003348	-0.002964	-0.003124
0.003030	-0.002842	-0.003261
-0.101519	-0.002561	-0.003668
0.008064	-0.015154	-0.015251
0.023214	-0.322196	-0.324472
-0.034004	-0.000557	-0.000683
0.001703	-0.006079	-0.006192
0.000226	0.001579	0.001448
0.003959	0.000905	0.000544
0.004980	0.007672	0.006346
0.003389	0.001929	0.001773
0.012879	-0.001595	-0.001674
-0.008493	0.009505	0.009367
-0.052264	0.048962	0.048874
0.004397	-0.000302	-0.000659
-0.002328	0.005161	0.005061
0.004534	0.000479	0.000339
0.003798	0.001047	0.000896
0.009447	-0.007882	-0.008059
-0.002432	0.000055	-0.000112
-0.003005	-0.011738	-0.011826
-0.004350	-0.002345	-0.002426
0.013724	-0.013109	-0.013240
0.000732	-0.009523	-0.009716
0.003785	-0.000194	-0.000338
-0.002007	0.000988	0.000841
0.003286	-0.002003	-0.002145
-0.003079	-0.006272	-0.006440
0.002723	0.001979	0.001879
-0.033213	-0.013016	-0.014292
0.003905	0.003183	0.001494
0.003020	0.000195	0.000053
0.000972	0.000762	-0.000073
0.038131	-0.011075	-0.011185
0.003399	0.016454	0.016084
-0.000509	-0.001309	-0.001518
0.009197	0.003648	0.003462
0.017146	0.959062	0.958676
0.001261	0.001475	0.001039
0.004944	-0.015867	-0.016103
0.050878	-0.015253	-0.017141
0.025568	-0.003851	-0.003928
-0.007057	0.000870	0.000773
0.003421	0.013310	0.013163
-0.002002	0.008210	0.007994
-0.014797	0.002158	0.002071
-0.000290	-0.005911	-0.006150
0.005142	0.006674	0.006570
-0.001153	-0.023009	-0.023853
-0.020187	0.017391	0.017321
-0.062950	-0.048245	-0.048823
0.000593	0.005329	0.004856
0.074276	-0.016210	-0.018307
-0.002347	-0.008836	-0.008955
-0.000647	0.006008	0.005922
0.032506	-0.013178	-0.013247
-0.039051	0.026734	0.026515
0.035484	0.045508	0.045424
-0.003881	0.007384	0.006191
-0.000824	0.003529	0.002660
0.005933	-0.006294	-0.006861
0.008580	-0.001319	-0.001399
0.005237	-0.004865	-0.005486
-0.881326	0.705633	0.704613
-0.008030	-0.028882	-0.029001
0.001457	-0.001828	-0.002054
0.006193	-0.007570	-0.007650
-0.006395	0.011139	0.011011
-0.003407	-0.015294	-0.015382
0.039403	-0.012415	-0.013199
0.037636	0.016138	0.015267
0.118077	0.074338	0.074215
0.013314	0.000783	0.000715
-0.005980	0.047965	0.047848
-0.013785	-0.004502	-0.004596
0.000567	0.001774	0.000618
-0.011233	0.005209	0.004635
-0.002341	-0.001236	-0.001483
-0.016443	0.019869	0.017662
0.017611	0.011295	0.011101
0.007440	0.020950	0.020883
0.017882	-0.000216	-0.000292
0.043642	0.022568	0.022503
0.025117	-0.007750	-0.007832
0.093954	-0.104770	-0.104856
0.013191	0.002532	0.002468
0.029044	-0.041268	-0.041524
-0.001093	0.001958	0.001833
-0.006988	-0.007844	-0.008046
-0.003608	0.000813	0.000702
-0.010766	-0.025636	-0.025832
0.000953	0.000080	-0.000097
0.007730	0.001854	0.001782
-0.012346	0.007354	0.007104
0.051191	-0.336620	-0.336704
-0.003808	-0.002462	-0.002615
-0.005423	-0.005843	-0.007316
-0.002340	0.004119	0.003887
0.011076	0.001692	0.001609
0.011856	0.001142	0.000116
0.004657	0.012964	0.012882
-0.002566	-0.006393	-0.006463
-0.000042	-0.001645	-0.001758
-0.009158	0.004902	0.004653
0.015967	-0.057101	-0.057189
-0.003847	0.007856	0.007783
0.007002	-0.007180	-0.007291
0.006534	0.008231	0.008138
0.002671	0.000669	0.000502
-0.020753	0.010034	0.009866
0.057050	-0.048345	-0.049286
0.008790	-0.005874	-0.006050
-0.005115	0.003939	0.003676
-0.004295	0.018283	0.018084
-0.004100	0.005197	0.004053
-0.043545	-0.009895	-0.009962
-0.000705	-0.001706	-0.001813
0.006981	0.023472	0.023363
0.001656	-0.001524	-0.002257
-0.060727	0.001450	0.001331
0.058218	0.062099	0.061543
-0.005536	0.001384	0.000684
0.002231	0.007381	0.006382
0.054358	0.000803	-0.000367
0.007164	-0.001711	-0.001796
0.009363	0.021697	0.021590
0.010191	0.002657	0.002554
0.023431	0.012098	0.012020
-0.004694	0.008791	0.008700
0.018546	-0.007231	-0.007309
0.002245	-0.001823	-0.002484
0.003648	0.001466	0.001365
0.014263	0.000821	0.000611
0.001680	-0.004990	-0.005447
-0.069443	0.268020	0.267936
-0.009335	0.013717	0.011515
-0.008259	0.016979	0.016867
0.007127	0.006826	0.005392
-0.002181	-0.000277	-0.000444
-0.168339	0.310205	0.307920
0.000950	-0.001563	-0.001946
-0.009096	-0.001070	-0.003106
0.002705	-0.003548	-0.003751
0.375105	0.421289	0.421183
-0.031883	0.042993	0.042738
0.004021	0.002615	0.002261
-0.007420	0.013810	0.013721
-0.003238	-0.007842	-0.008458
-0.003996	-0.004560	-0.004863
0.011040	-0.002590	-0.003320
0.001488	-0.007870	-0.007967
-0.004966	0.004722	0.004608
-0.024441	0.024922	0.024833
-0.008846	0.006349	0.004715
0.036513	-0.043363	-0.043429
0.011367	0.016345	0.016261
0.035743	-0.017877	-0.018090
-0.002929	-0.001351	-0.001635
-0.002438	-0.006668	-0.006811
0.002937	-0.022252	-0.022363
0.001547	0.001602	0.000991
-0.013825	-0.953336	-0.953722
0.003227	0.001555	0.001204
0.001738	0.003174	0.003058
0.011674	-0.003887	-0.003988
0.002917	-0.000101	-0.001234
-0.011820	-0.005691	-0.006090
0.026798	-0.022112	-0.022222
0.015270	0.008132	0.008059
0.002800	0.003318	0.002693
0.000363	0.001290	0.001129
0.005835	0.001097	0.000619
0.083034	-0.035987	-0.036073
0.004986	0.000830	0.000745
-0.002164	0.006519	0.006431
-0.002109	-0.003528	-0.005503
-0.011355	0.001635	0.001543
-0.004602	0.010591	0.009009
0.028623	-0.000910	-0.000977
-0.001475	-0.006730	-0.007017
-0.009610	0.010558	0.008552
-0.379912	-0.416506	-0.416612
-0.000536	-0.002710	-0.002795
-0.081750	0.113723	0.113636
-0.028069	-0.002318	-0.002456
-0.024605	0.004940	0.004734
-83.974458	84.017288	0.019025
-83.997075	83.978635	-0.021295
-84.007911	84.009418	0.009495
-84.007695	84.000452	0.000904
-84.021884	83.979100	-0.020774
-83.993718	84.002897	0.003019
-84.001491	83.998962	-0.000868
-84.007770	84.006220	0.006406
-83.999967	83.990787	-0.008044
-101.917760	102.398628	1.426981
-84.006764	84.000177	0.000262
-83.989629	83.996996	-0.002936
-84.038742	84.044187	0.042234
-84.002447	84.001634	0.001711
-83.982325	84.018701	0.018824
-84.015560	83.994451	-0.004680
-83.992277	83.997183	-0.002715
-83.997275	83.996415	-0.003346
-83.973074	84.004191	0.004285
-84.015215	83.980972	-0.018940
-84.014194	84.012011	0.012102
-84.006710	83.991473	-0.007410
-84.032395	83.960853	-0.039063
-84.002895	83.994869	-0.004955
-83.999806	83.998496	-0.001012
-84.021264	83.990732	-0.009083
-83.999492	83.999532	-0.000170
-84.011559	84.009668	0.010113
-84.005103	83.994554	-0.005359
-83.990402	84.007719	0.007829
-84.009621	84.002474	0.002699
-83.999029	83.996018	-0.003837
-84.033171	83.979542	-0.020257
-83.990805	84.009187	0.009712
-84.006505	83.990787	-0.008919
-84.009991	84.002456	0.002529
-84.003402	83.996547	-0.002851
-84.003508	83.995268	-0.003917
-83.984968	83.994829	-0.005082
-84.015192	83.999859	-0.000012
-83.989219	83.993768	-0.006115
-83.963512	83.963680	-0.036225
-68.076732	138.225653	0.517026
-84.000268	84.008289	0.009800
-84.026276	84.001933	0.002602
-84.015428	84.003723	0.003777
-84.005842	83.993170	-0.005599
-84.004781	83.998322	-0.001576
-84.013220	84.007334	0.007413
-83.972078	83.999933	-0.000008
-84.008554	83.992447	-0.007488
-83.996803	84.002474	0.002579
-84.002196	83.993916	-0.005372
-84.002126	83.980337	-0.019560
-83.994253	83.995043	-0.004635
-83.997013	83.972397	-0.055244
-83.999432	83.997251	-0.002567
-83.991543	84.014213	0.014316
-83.994040	84.000444	0.001097
-84.009295	84.001556	0.001628
-84.011970	84.001849	0.001927
-84.059628	84.019338	0.019421
-84.003225	84.000333	0.000462
-83.988646	84.014717	0.016661
-83.995210	83.988411	-0.011130
-84.074237	84.041708	0.041776
-83.986081	84.008689	0.008924
-83.996012	83.992974	-0.006931
-84.002639	83.999689	0.000301
-83.996315	83.994612	-0.004990
-83.958198	84.068064	0.068143
-84.030364	83.995170	-0.004751
-84.004072	84.003775	0.004737
-84.007619	84.005106	0.005272
-84.010212	84.000919	0.001003
-83.990566	83.995470	-0.004452
-84.017095	83.996721	-0.002295
-83.984311	83.997255	-0.002637
-83.997086	83.995797	-0.004092
-83.995588	83.999171	-0.000619
-83.992234	84.008081	0.008228
-84.001518	84.005691	0.005841
-83.990742	83.995116	-0.004378
-83.995712	83.994985	-0.004932
-83.999427	84.001196	0.001775
-84.013165	84.006309	0.006832
-83.999897	83.999611	-0.000233
-84.009883	84.006565	0.006657
-84.045446	84.103746	0.104519
-84.021662	84.025973	0.026026
-83.997522	83.999633	-0.000272
-83.994988	83.986447	-0.013412
-83.994010	84.004796	0.004898
-84.008272	84.000264	0.001844
-83.987650	83.996372	-0.003548
-83.995675	83.993205	-0.005782
-84.028447	84.004792	0.006031
-83.990974	84.006713	0.008001
-84.014923	83.983441	-0.016494
-84.009928	84.006114	0.006173
-84.000836	83.999063	-0.000843
-83.982508	84.008552	0.008619
-84.008907	83.997696	-0.001510
-84.004771	83.995272	-0.004169
-84.013641	83.996755	-0.003156
-83.998730	84.001511	0.001708
-84.029871	84.024173	0.024234
-84.001494	83.997761	-0.001983
-84.005850	83.997682	-0.002242
-84.003223	83.990478	-0.009449
-84.015440	84.022324	0.022392
-83.993718	84.001904	0.002009
-84.001114	84.001428	0.001536
-84.008357	83.999532	-0.000372
-84.003663	83.999845	-0.000065
-83.992307	84.001966	0.002321
-84.001435	83.991868	-0.007795
-83.996200	83.992134	-0.007767
-84.013096	84.005999	0.006066
-84.001147	84.003812	0.003908
-83.993991	83.999118	-0.000764
-84.038011	83.996439	-0.003482
-106.946444	89.780897	-59.018896
-84.035338	84.012961	0.013038
-84.012217	84.003170	0.003240
-83.999107	83.999117	-0.000676
-83.999323	84.002342	0.002559
-83.989277	84.000492	0.000640
-84.002162	83.989778	-0.010120
-83.998287	84.000096	0.000202
-84.009845	84.005523	0.006015
-84.078845	84.018933	0.018999
-84.004521	83.997258	-0.002399
-83.993879	84.010959	0.011091
-83.975409	84.008682	0.008813
-83.994580	83.982521	-0.016993
-83.968639	83.971858	-0.028107
-84.001022	84.002571	0.002871
-83.988191	84.008820	0.008948
-83.912481	83.907265	-0.092052
-113.079786	98.575988	-7.965007
-102.663187	102.536067	0.961492
-84.005230	84.000382	0.000615
-84.017870	83.995832	-0.002660
-83.985143	84.034679	0.034756
-83.999951	83.999034	-0.000650
-83.996807	83.998049	-0.001849
-84.029519	84.020997	0.022192
-84.000423	83.996726	-0.003044
-84.043291	84.001342	0.001445
-96.211160	111.439916	8.084695
-84.043725	83.989702	-0.010247
-84.011991	83.981054	-0.017712
-84.006870	83.995348	-0.004586
-83.988944	83.985711	-0.014109
-84.003834	83.993732	-0.006042
-84.007764	84.000247	0.000328
-84.000982	84.002711	0.002780
-83.998400	84.005923	0.006103
-104.548517	102.171883	0.052094
-83.993409	83.995600	-0.004245
-83.998323	83.998660	-0.001207
-83.999306	84.004643	0.004877
-83.999297	84.002260	0.002396
-84.002731	84.004552	0.004660
-83.977497	84.007624	0.008889
-83.997037	83.992397	-0.007524
-84.025490	84.002325	0.002778
-84.010328	83.985198	-0.012983
-83.994399	83.999090	-0.000823
-83.985578	84.009011	0.009201
-83.995835	83.955984	-0.042362
-83.987424	84.000808	0.000984
-83.988382	84.002257	0.004033
-84.008428	83.994596	-0.005329
-83.998037	83.995143	-0.004717
-98.890143	112.647418	-78.583364
-83.981461	84.032236	0.032268
-83.996537	83.987628	-0.012348
-84.014596	84.002019	0.002083
-83.997619	83.999528	-0.000225
-84.014463	84.010570	0.010679
-83.951956	83.989904	-0.008753
-84.002299	83.997516	-0.002289
-83.940297	83.932970	-0.067034
-83.912822	84.039195	0.039219
-84.003823	84.007441	0.007747
-83.996994	84.001026	0.001123
-84.002884	84.005627	0.005721
-83.993187	84.001230	0.001391
-84.015011	83.989724	-0.009541
-83.999824	83.994752	-0.004998
-84.007282	84.009969	0.010032
-84.013938	84.010542	0.011737
-83.997362	83.996924	-0.001747
-84.008317	84.008320	0.008377
-84.005000	83.999807	0.000152
-83.992408	83.995926	-0.002976
-84.000340	83.999481	-0.000380
-84.004429	83.969182	-0.030777
-84.042318	83.931569	-0.068427
-83.998978	84.001845	0.002108
-83.950196	84.001292	0.003314
-84.000372	84.001607	0.001734
