-303690.608598	-535255.698070	-535255.796440
-121892.610004	554697.375167	554697.232222
117714.333294	56928.904505	56928.557647
111168.327799	-462640.241467	-462640.468099
177956.065805	-532655.013651	-532655.247326
-203175.141302	287232.197081	287232.045342
431487.674226	-370573.002049	-370573.603538
542215.887740	166677.534356	166675.909315
501378.656901	314070.695319	314069.646448
-134164.579360	595058.518285	595058.384381
123586.568540	-570474.861885	-570475.059078
275440.899177	-17662.042254	-17662.596425
135018.885868	304116.043490	304115.721778
239335.112563	-35286.500885	-35286.990933
605636.065058	-126761.256195	-126763.250900
-534666.200749	-246327.574716	-246327.657921
-482042.990893	322438.872169	322438.781357
313933.395061	130083.966264	130083.336863
103019.007591	-544102.408620	-544102.606142
229344.043234	183413.073057	183412.610324
521348.312154	313909.488509	313908.343448
-257640.710792	554098.513384	554098.400449
616666.148365	26919.871461	26917.366766
-98345.020959	582266.452190	582266.307439
-244428.293258	-258796.996293	-258797.132132
-139617.647736	-329330.780626	-329330.938390
296840.992559	-336444.592797	-336445.023269
513577.058919	7113.715161	7112.271139
-122068.313983	-140571.032346	-140571.217122
-501157.851498	129935.858611	129935.765601
-130324.124538	434442.605194	434442.447263
-346745.525558	484800.607718	484800.504601
171785.097533	135908.422896	135908.024676
-248031.653753	532206.235642	532206.118585
-199147.555364	76796.993605	76796.830311
-113645.649526	360156.610217	360156.436880
31396.233347	515511.843398	515511.642618
-60627.954187	376232.898200	376232.707167
-289573.127321	-458182.349609	-458182.457604
-462792.912921	-108097.420037	-108097.518059
-145885.647913	450338.992403	450338.841231
31147.454307	443585.712432	443585.494462
-175191.506514	190509.318231	190509.150723
-171916.103409	-9965.433213	-9965.605723
-14560.385583	-472924.788479	-472924.962009
70362.913134	614523.448814	614523.258072
-267453.167333	-357750.425297	-357750.547046
502174.119460	35810.686208	35809.304626
568567.492801	-27552.441800	-27554.301680
26742.119645	-528538.514891	-528538.689507
407032.856474	123988.403612	123987.505418
-160735.743617	595561.623656	595561.495843
403185.398915	-462732.523700	-462732.975869
-11450.045021	204138.309336	204138.070195
-24321.108938	-208832.649371	-208832.869693
352651.383094	-383572.934674	-383573.398024
265736.123606	-137335.569248	-137336.070068
172622.993481	538117.658732	538117.394770
580878.306687	31146.725276	31144.669330
-456451.232987	415567.274782	415567.184491
-377780.636897	2906.377597	2906.261835
98742.775964	-591914.234099	-591914.416010
262831.612602	-557287.880337	-557288.147188
-422535.376262	-126014.774882	-126014.879381
28727.239547	35557.057245	35556.782888
-335084.538072	213363.798506	213363.676601
476974.298495	350246.067614	350245.183371
-472517.281060	-380147.997934	-380148.083363
400367.321735	-256850.106340	-256850.780458
270369.837213	-61810.142552	-61810.677486
601344.532314	27424.619546	27422.322869
-33156.163925	-571553.647632	-571553.795429
-286370.293319	-490804.802090	-490804.907514
-488601.318007	-370740.366848	-370740.450661
51553.755155	-230682.520619	-230682.779051
-406004.719059	409150.451796	409150.353448
513439.763060	-92870.411654	-92871.742541
437510.680613	242718.425463	242717.510118
381696.593248	-230286.541589	-230287.200380
-352160.992994	-459449.339983	-459449.437449
414507.550231	383814.642562	383813.981066
502414.828931	313281.353708	313280.292063
-12306.495322	-596917.245603	-596917.393695
8249.657318	107624.310021	107624.050949
-476422.635787	-79671.811909	-79671.908306
43228.723892	-616605.661350	-616605.819901
-440701.297109	26864.070023	26863.966331
445733.231660	326406.052791	326405.228878
466212.768256	314843.029178	314842.117981
-129259.310103	550290.102918	550289.961256
-582030.110937	-85096.641684	-85096.722774
-12147.500939	-608608.917881	-608609.063610
-240774.473171	-480897.083293	-480897.198000
530111.433850	-159284.891549	-159286.202605
476809.519136	-373626.839914	-373627.530427
77505.516307	-166563.674433	-166563.963550
617804.730145	-17328.999168	-17331.450709
22134.598722	417278.307466	417278.087734
-599075.677735	2488.863614	2488.783841
-499572.811431	-113716.197371	-113716.289428
-609608.903566	21622.349078	21622.270552
-475067.499789	20634.459341	20634.361602
-445533.471454	-2440.587329	-2440.689990
-598669.573832	-154433.946902	-154434.024661
267442.672023	-476768.601993	-476768.915426
-248525.387431	-11185.302732	-11185.450301
132960.697358	-442026.982621	-442027.227279
-297337.489802	241592.819248	241592.689852
78827.212863	513880.434267	513880.212017
-76340.457200	-90883.189247	-90883.397591
-543130.794339	-27511.531415	-27511.618433
186551.600228	520369.009535	520368.729686
-399724.462580	423639.177247	423639.078776
-155632.866986	95375.546862	95375.368350
558899.340083	265471.926862	265470.413245
19606.507162	932.850789	932.583351
-317313.388590	-482114.664306	-482114.765385
476453.021287	-81126.620269	-81127.762776
-457537.314084	-138737.340819	-138737.438897
-526615.200992	-214128.723613	-214128.808987
-108683.191863	-512586.704226	-512586.843433
305842.679640	-533722.472670	-533722.779479
-335117.140181	516916.032482	516915.929949
-493732.716562	-262379.807169	-262379.895318
-279437.181617	312763.464252	312763.334781
-189023.607919	-567724.482033	-567724.596223
83550.677591	-494475.596812	-494475.801365
155365.125621	-575768.177930	-575768.385756
487675.763597	320777.537661	320776.557194
4230.516136	469503.555755	469503.355666
68689.600867	-15076.123096	-15076.425379
76491.067823	498282.401866	498282.176297
568454.887642	-243511.598185	-243512.924756
-589090.863931	27732.711934	27732.630809
-278710.370310	377824.334640	377824.209813
-71979.716948	-592203.189641	-592203.324207
388480.352066	-51069.542525	-51070.359361
-121281.220879	591491.215978	591491.078435
393080.627386	-263701.471384	-263702.121381
497757.925384	-325351.561146	-325352.391526
510455.791558	-191334.170594	-191335.312311
484157.911215	33494.224331	33492.955656
-444835.500511	203892.891780	203892.791045
-59515.054281	-615538.536283	-615538.669553
-283124.323099	-288865.300534	-288865.424723
-351355.101750	-491981.721941	-491981.816891
-412027.838599	-33489.502404	-33489.610911
-376876.833391	-441786.579242	-441786.674283
356850.098256	184054.888214	184054.176462
-163543.844946	-529460.748091	-529460.872348
-19686.160173	4392.780047	4392.536995
359438.701013	446392.893059	446392.397789
-399150.918724	420213.319256	420213.220426
613963.394892	2122.052276	2119.619441
-305720.399701	30414.667920	30414.535467
540902.507581	-50765.769846	-50767.354054
-111746.166971	184787.143640	184786.951639
617787.645073	23663.358863	23660.840026
218721.296462	259657.210779	259656.788094
593367.736667	172559.069694	172556.936450
3031.868554	-175410.130228	-175410.370102
-320647.197773	-93049.247247	-93049.373700
274160.986954	-486122.696496	-486123.009438
207559.731515	-164074.196504	-164074.607707
-258047.692608	-508124.651795	-508124.760395
436749.215902	425334.357564	425333.702152
281251.004878	549405.560806	549405.226665
402520.064855	264436.594728	264435.820209
-379402.228947	45086.368011	45086.252433
-227388.143118	-288675.326588	-288675.464165
-331604.584192	506369.866931	506369.762934
569617.325574	240788.671675	240786.989812
-610228.869865	35291.729236	35291.650764
-411803.842866	385075.904167	385075.805391
38324.553673	-222786.189753	-222786.441759
181494.834331	426335.020123	426334.704328
-15174.506548	606754.462700	606754.298973
-310433.606036	46441.284838	46441.153554
374697.913999	-165691.127564	-165691.827434
352667.741906	-382557.802776	-382558.268096
248639.276066	-271087.011931	-271087.424808
-263389.011428	285866.022070	285865.886828
-347039.985550	247522.018146	247521.900271
481878.296851	184424.207793	184423.017710
415518.698358	-444337.720205	-444338.207624
-78785.340271	-578682.330014	-578682.465360
-522572.552096	-139074.637265	-139074.725344
356013.508266	-89025.100854	-89025.805760
-29512.143758	-347864.866235	-347865.059872
261766.789413	131216.997732	131216.470852
-356240.481774	491050.507006	491050.405983
-428166.696025	300694.427275	300694.327081
-409664.264005	-179050.229552	-179050.334531
584494.737636	99406.433759	99404.316010
-352212.394829	403410.605885	403410.497889
594052.152150	-153088.303021	-153090.098625
-554281.677915	-230701.432605	-230701.513811
143677.367585	332735.847145	332735.527107
608535.426632	-56492.828024	-56495.067756
-318911.042153	-91123.116923	-91123.244029
-455012.044734	137940.272652	137940.172244
-441240.398883	-7802.839817	-7802.943231
-179277.064000	288972.739206	288972.580237
50534.546418	423021.266146	423021.033524
715750.789264	427014.846443	102768.428473
1899097.787982	128299.061111	-195949.255395
1834962.259141	173747.751639	-150500.555521
902571.016390	693011.789962	368763.939002
1573474.848645	160357.767285	-163890.484196
1336301.779217	877847.106625	553598.858469
1190815.767789	839428.530709	515180.340920
1116615.629680	870047.092560	545798.923541
748462.196721	541167.385905	216920.346697
1906090.422123	533633.435680	207072.932151
1776671.564104	75049.055516	-249199.243853
1836012.127032	609242.952332	284994.636523
733444.720989	178583.529024	-145667.822460
1705410.922508	729326.395270	405078.090974
1444236.662254	-283026.467804	-607274.724114
862998.329941	438288.679988	114041.273420
1653436.120359	-17479.129769	-341727.409223
1014054.589933	849362.157010	525114.054551
1710614.507170	404861.584997	80613.298060
1711715.976966	-96487.898423	-420736.193841
1660036.436519	-190367.127039	-514615.419656
833458.013613	112836.806002	-211410.403967
1703974.172830	-117248.825072	-441497.129453
1288717.811517	682672.727425	358424.540870
939422.720775	603925.251743	279677.436149
1326170.818717	563333.341067	239085.163228
1114880.083402	596977.640174	272729.596732
1068107.773465	357880.160398	33632.271350
1525698.302428	894254.803533	570006.512262
1643830.206296	212766.883303	-111481.386365
1165339.125633	-242587.668472	-566835.808561
1506322.077797	239170.783623	-85077.445236
972336.009868	-103103.302591	-427351.315992
851022.573595	694896.611875	370648.849783
1154510.012409	526274.462108	202026.410193
1842400.261996	-13007.574104	-337255.886394
948285.300857	467796.552582	143548.847152
911550.101926	140053.508963	-184194.006634
1655455.253009	-167676.433203	-491924.730946
1448176.675000	-228926.792292	-553175.042325
1319782.972870	926631.299699	602383.044807
1441815.344186	929369.001094	605120.719582
845051.000817	-50426.612652	-376236.907449
771079.650629	286657.039688	-37589.645756
904172.119649	-7470.156577	-331717.807957
1857957.884616	515257.384614	191009.067185
799096.856828	388249.832533	64002.824730
1676065.131573	104300.555109	-219947.724398
1815506.109031	305451.812416	-18796.491505
1832780.479079	516317.727283	192069.399604
1851411.760089	649520.670775	325272.349939
1620159.887263	-56603.428024	-380851.704019
931135.188738	75410.864218	-248836.761405
1381213.968657	938808.875969	614560.603226
1072918.371534	617694.092836	293446.078349
720206.008116	202065.587198	-122216.648559
1382942.589892	35229.517756	-289018.671184
1580412.992927	-200196.706271	-524444.985290
815805.468872	657061.853663	332814.240753
1861171.855607	43024.401333	-281223.912708
1788577.460816	-62624.011752	-386872.319016
1698531.071190	-139639.595426	-463887.901816
1554251.771782	82972.556927	-241275.692459
722185.616665	319444.976016	-4801.205906
1052486.073380	376042.685458	51794.807870
1778576.755789	740974.975307	416726.658913
1132773.817841	-251733.466334	-575981.596725
1719038.421615	270088.115480	-54160.171173
958896.942811	43720.889460	-280526.838090
894567.741770	753922.896246	429674.984998
1748893.245525	584962.149613	260713.846670
1732300.803256	407953.397375	83705.083401
846271.516344	39967.593374	-284279.779520
1409554.711415	-21427.458095	-345675.666018
1552554.669485	870273.281264	546024.985077
1812050.304218	411024.898575	86776.592455
855979.956646	361187.952558	36940.662310
1572090.016699	-160453.228877	-484701.503672
1542330.099699	637922.795348	313674.530683
1321383.745402	38780.462825	-285467.695351
1351456.059169	-278472.036914	-602720.266402
1444534.700684	-55272.426029	-379520.652372
1024099.773978	74921.459662	-249326.380103
1707713.952700	624384.143784	300135.845219
993352.108466	348355.606249	24107.863359
994693.512270	27492.192133	-296755.627222
1452353.576728	39577.839928	-284670.379222
1688203.212696	-29556.097471	-353804.390449
854048.028512	-23711.876651	-347959.413128
1906080.343350	114793.660191	-209454.686882
1662575.737980	550542.338335	226294.053404
1405067.671079	-214825.190651	-539073.428177
1372017.895429	918833.194514	594584.917078
758240.367203	342073.661956	17827.047054
1787853.350493	318965.437175	-5282.869354
826627.137782	436709.629393	112462.381376
805720.625563	86757.540008	-237489.551956
802284.848758	329798.070278	5551.117417
1941223.827550	327813.441622	3565.119671
1884774.309269	484075.154165	159826.832627
1537879.230414	811207.111250	486958.827118
1893978.882477	415875.491316	91627.173061
887718.440777	34237.819018	-290009.724494
1008370.076008	132981.664353	-191266.117766
1713101.822129	-4102.286268	-328350.582011
1271722.553531	-162564.064996	-486812.237173
1880339.399819	597749.865236	273501.540617
1257397.575969	99261.773099	-224986.333942
1826014.992553	199409.658400	-124838.652286
1710224.257144	789620.988069	465372.677683
1452999.730204	920522.530411	596274.196075
1653295.857489	384831.543809	60583.268124
1567882.642098	603371.303626	279123.034383
1693565.476508	46255.827266	-277992.459844
1744281.167771	243615.894516	-80632.400311
1101187.056847	493712.387988	169464.403640
928133.807085	784051.291924	459803.308358
1661660.196278	471480.529286	147232.248716
1926304.298086	224828.900225	-99419.419992
1601729.940311	-172277.315440	-496525.607439
1534438.355353	-126629.389466	-450877.651788
1477099.121956	920256.270929	596007.960631
1905398.311372	531912.804100	198809.162840
1683589.020336	-177550.501383	-501798.817393
1843272.511523	403312.696102	79064.376950
1352135.279444	243567.550522	-80680.608831
1269234.619382	-74432.113211	-398680.262800
1493305.342696	150495.088920	-173753.138067
1660440.656674	231866.224744	-92382.057785
1639335.289853	51728.816349	-272519.459796
957751.717284	-34527.477769	-358775.297788
1718759.463023	-141938.706362	-466187.042313
974296.678609	726571.498383	402323.516019
1406386.897162	-236092.671916	-560340.923838
1538952.272351	141111.306217	-183136.941736
854477.885585	714501.086885	390253.276359
1694632.204265	-127873.868591	-452122.267995
1134752.524805	-70505.638319	-394753.692623
1409696.755987	-277717.486063	-601965.741474
850188.130813	-17520.643803	-341768.390857
665736.296248	216570.158974	-153182.735333
879060.988995	-95655.010567	-439952.710822
1217442.623803	584393.062728	260144.941617
746428.833549	418651.681620	94404.992134
1646493.167901	-202789.157656	-527037.478036
1177296.642808	87300.950740	-236947.090645
1551013.137068	718593.650501	394345.374503
818806.695919	317429.319541	-6817.748342
1143341.478975	720040.433038	395792.312280
1463849.349564	-278577.806123	-602826.097879
699823.425594	242587.449068	-120750.035393
1912971.808984	421805.007832	97556.659344
806542.130509	347229.325317	22982.304235
1822851.116981	683997.868250	359749.548123
1100041.523974	887291.142149	563042.963762
1303172.526700	369041.365270	44793.230059
1790344.437695	229816.782246	-94431.522110
1899381.776621	256302.435470	-67945.883467
1244403.431488	-288149.838878	-612398.031814
843980.348642	-51472.758199	-376250.308536
1471142.324349	186264.139712	-137984.079528
1537284.782598	346506.785729	22258.544082
1291610.902587	339683.421291	15435.293267
1516085.310251	54685.152097	-269563.090134
1398098.347142	880251.298063	556003.029795
786718.335774	40498.201644	-283748.869528
1671978.944654	750130.850725	425882.545676
1051529.961436	70327.055563	-253920.844992
728421.167395	349400.512521	25154.175309
1627728.547381	732137.483689	407889.188345
1304814.467291	552842.347430	228594.168093
718389.080844	439694.989193	115448.458246
1377296.461525	-11097.129702	-335345.329800
720884.292217	395155.803147	70909.421873
1824335.020701	341678.094038	17429.782702
1213200.262360	929223.895775	604975.669519
883363.655720	-84111.383103	-530732.811408
961734.217899	-113476.204637	-437724.341853
1876839.318806	547528.970244	223280.636101
1931121.141681	277406.705324	-46841.619764
1143796.296961	-199163.263767	-523411.377650
1561841.447036	146121.272219	-178127.015852
787166.352374	90697.013353	-233549.987770
1266312.393783	637901.810165	313653.644156
1771019.558521	747377.119118	423128.663663
1685869.640424	-143305.101984	-467553.523553
1144539.382631	503629.888555	179381.844628
1669151.619470	442503.224302	118254.938709
1713715.012511	210371.561947	-113876.728263
1331788.188115	-224242.748041	-548490.962147
874154.042378	-9076.017613	-333323.618690
1175377.874677	606078.620160	281830.518621
1779953.628623	717825.499732	393577.173101
757747.183325	161778.047710	-162469.054832
738212.735930	507100.670241	182853.801051
1936453.496475	309139.382289	-15108.955433
1149248.032389	363030.970807	38782.968694
820038.663299	52591.052305	-271656.192458
1457399.111709	568050.171705	243801.938875
1873595.994139	610133.518636	285885.154167
1753562.331933	592564.631418	268316.184980
1226321.689807	20587.105599	-303660.993966
708362.691184	344917.462031	20671.359867
1532527.151969	-22663.734369	-346911.986162
