-303690.266249	-535255.182359	-535255.283997
-121897.156400	554694.932447	554694.784412
117714.297024	56928.867541	56928.508125
111168.492775	-462640.161557	-462640.395796
177955.812750	-532655.002962	-532655.244397
-203174.307546	287232.254579	287232.097468
431487.726591	-370572.915828	-370573.537838
542215.940218	166677.573256	166675.884370
501414.089136	314042.743443	314041.652775
-134162.079378	595057.178930	595057.040266
123586.619975	-570474.723246	-570474.926960
275440.759843	-17662.283466	-17662.857912
135019.018224	304116.235938	304115.902374
239335.632295	-35286.513264	-35287.021107
605635.713384	-126761.311914	-126763.378922
-534666.133064	-246326.964057	-246327.050071
-482042.504415	322438.829451	322438.735487
313933.319990	130084.013195	130083.360095
103019.142918	-544102.528308	-544102.732385
229344.165932	183412.958370	183412.478392
521344.209107	313909.385758	313908.195067
-257640.384801	554097.900930	554097.784016
616667.109035	26906.787892	26904.189900
-98346.395173	582266.429696	582266.279784
-244428.224375	-258797.241910	-258797.382379
-139617.638562	-329330.716746	-329330.879869
296841.152616	-336444.556006	-336445.001278
513577.260360	7114.025818	7112.527321
-122068.176933	-140570.954290	-140571.145475
-501157.330941	129935.794166	129935.697949
-130324.467717	434442.989385	434442.825821
-346747.638717	484802.587248	484802.480518
171785.275435	135908.410833	135907.997971
-248031.747749	532206.444263	532206.323077
-199147.372012	76797.013036	76796.844009
-113645.495920	360156.652560	360156.473030
31396.615285	515511.524873	515511.316827
-60628.052351	376232.900487	376232.702592
-289573.248744	-458182.823952	-458182.935557
-462793.088675	-108097.514758	-108097.616127
-145885.093125	450338.462595	450338.306040
31147.484040	443585.327569	443585.101694
-175191.353443	190509.310460	190509.137024
-171916.184454	-9965.393199	-9965.571742
-14560.252760	-472924.869354	-472925.048696
70362.788809	614523.195348	614522.997706
-267453.057241	-357750.345233	-357750.471092
502172.777098	35810.160693	35808.726656
568567.650686	-27552.312453	-27554.241668
26742.241716	-528538.506947	-528538.687373
407032.896041	123988.434807	123987.502240
-160734.202435	595561.176058	595561.043712
403185.536265	-462731.858510	-462732.325782
-11450.065459	204138.256532	204138.008781
-24320.737164	-208832.501822	-208832.729771
352652.104818	-383532.387577	-383532.866728
265736.174717	-137335.509405	-137336.028130
172623.193482	538117.017478	538116.743814
580880.363051	31146.109536	31143.976080
-456450.199566	415567.119164	415567.025732
-377780.922067	2906.412816	2906.293057
98742.914237	-591913.696071	-591913.883984
262831.531655	-557287.548423	-557287.824084
-422535.974252	-126014.687601	-126014.795671
28727.227972	35556.818454	35556.534289
-335084.330183	213364.068282	213363.942115
476974.252185	350245.137961	350244.218907
-472518.096995	-380147.294979	-380147.383272
400364.776561	-256852.056922	-256852.754719
270369.861337	-61809.926932	-61810.481273
601347.535666	27423.964612	27421.581884
-33156.258771	-571554.004677	-571554.157369
-286370.319465	-490804.559206	-490804.668146
-488600.004101	-370740.899468	-370740.986091
51552.176712	-230681.439876	-230681.707266
-406003.285164	409152.291212	409152.189432
513439.606335	-92870.112696	-92871.492545
437510.647623	242718.568455	242717.617303
381696.833138	-230286.795661	-230287.477729
-352160.646196	-459449.393250	-459449.493971
414507.762176	383814.446133	383813.759025
502377.705594	313311.008050	313309.904410
-12306.819834	-596918.413093	-596918.566076
8249.716330	107624.236239	107623.967869
-476422.385451	-79672.117817	-79672.217510
43228.465410	-616605.211081	-616605.374853
-440701.434736	26863.451918	26863.344654
445734.824507	326405.551272	326404.695076
466214.289715	314843.681671	314842.734578
-129254.533994	550293.109720	550292.963015
-582029.572802	-85096.610019	-85096.693868
-12147.742649	-608606.978963	-608607.129498
-240775.030288	-480897.265198	-480897.383736
530111.456830	-159284.819316	-159286.177809
476809.065097	-373626.629115	-373627.343133
77505.421774	-166563.724257	-166564.023504
617804.065485	-17328.195331	-17330.737373
22135.310647	417278.764041	417278.536345
-599075.376987	2489.710381	2489.627884
-499572.088659	-113716.206049	-113716.301244
-609607.139557	21623.261397	21623.180189
-475066.484590	20634.146148	20634.045049
-445529.670236	-2444.826588	-2444.932780
-598669.040655	-154433.844538	-154433.924931
267443.846167	-476770.270149	-476770.594067
-248525.431548	-11185.223531	-11185.376232
132960.414928	-442027.299553	-442027.552448
-297337.635543	241592.852142	241592.718207
78826.777879	513879.398150	513879.167814
-76340.418609	-90883.185902	-90883.401531
-543130.481880	-27511.456433	-27511.546425
186551.101416	520369.306839	520369.016674
-399722.385017	423625.514357	423625.412447
-155633.020807	95375.447446	95375.262638
558899.121205	265471.691277	265470.116956
19606.412702	933.017391	932.740435
-317312.940901	-482114.595880	-482114.700332
476453.500627	-81126.573638	-81127.758263
-457537.125834	-138736.816823	-138736.918245
-526615.304658	-214128.981948	-214129.070211
-108683.193541	-512586.770640	-512586.914487
305842.309487	-533722.274441	-533722.591401
-335116.494689	516913.724284	516913.618156
-493732.871994	-262379.489634	-262379.580761
-279436.898536	312763.174084	312763.040056
-189023.343819	-567724.149321	-567724.267295
83550.785562	-494475.569658	-494475.781046
155364.286850	-575767.772292	-575767.986981
487678.069127	320775.584175	320774.564909
4230.871535	469503.318405	469503.111086
68689.394261	-15075.963770	-15076.276848
76490.894395	498283.140920	498282.907141
568454.721944	-243511.387636	-243512.761077
-589092.624037	27732.312048	27732.228148
-278710.398741	377824.265724	377824.136502
-71979.434841	-592202.240847	-592202.379862
388480.419171	-51069.603768	-51070.450712
-121283.675939	591491.274819	591491.132382
393082.981418	-263698.960275	-263699.633064
497757.701642	-325351.504881	-325352.363912
510455.881792	-191333.871817	-191335.054495
484160.108595	33494.257358	33492.940570
-444835.210894	203892.822670	203892.718440
-59514.675841	-615537.659289	-615537.796953
-283123.911170	-288865.193103	-288865.321507
-351354.154750	-491981.232955	-491981.331069
-412028.028260	-33489.147043	-33489.259283
-376876.083817	-441786.871461	-441786.969680
356850.189266	184054.814823	184054.075869
-163543.697513	-529460.688787	-529460.817177
-19685.583597	4392.813340	4392.561667
359438.769147	446392.691517	446392.177388
-399153.733540	420224.209522	420224.107240
613963.017482	2122.607429	2120.084304
-305720.733449	30415.354263	30415.217209
540902.795737	-50765.493360	-50767.136440
-111746.255005	184787.132496	184786.933662
617780.817410	23675.960040	23673.347526
218721.335085	259657.147760	259656.709293
593367.369136	172559.027263	172556.810328
3031.977961	-175410.273496	-175410.521722
-320631.869091	-93032.033563	-93032.164370
274159.698062	-486120.958312	-486121.281704
207559.894124	-164074.090607	-164074.516366
-258047.992494	-508124.093595	-508124.205811
436749.085300	425334.040797	425333.360012
281250.843545	549405.376559	549405.029964
402520.511341	264436.490324	264435.685729
-379402.168725	45086.049987	45085.930410
-227388.343795	-288675.135668	-288675.277924
-331605.572026	506370.874541	506370.766897
569616.968282	240788.928940	240787.179755
-610227.393986	35289.976508	35289.895355
-411803.383384	385076.564793	385076.462571
38325.998560	-222786.912274	-222787.173019
181494.716114	426334.965595	426334.638110
-15174.604962	606754.193228	606754.023625
-310433.487237	46440.385509	46440.249662
374697.976632	-165691.062489	-165691.787457
352667.154418	-382598.118439	-382598.599578
248639.406573	-271086.948897	-271087.376135
-263388.941083	285866.150402	285866.010398
-347039.513636	247521.861076	247521.739080
481878.415052	184424.204196	184422.967464
415518.220622	-444337.950019	-444338.453776
-78784.257125	-578683.223739	-578683.363565
-522571.934897	-139074.308552	-139074.399627
356013.621589	-89024.966424	-89025.697007
-29512.129047	-347864.814013	-347865.014235
261767.025474	131217.042296	131216.495761
-356237.124838	491049.051964	491048.947403
-428166.494458	300694.460869	300694.357187
-409664.351440	-179049.966040	-179050.074596
584494.652456	99406.291940	99404.093092
-352212.853702	403410.672010	403410.560231
594051.966174	-153087.874319	-153089.734776
-554280.521029	-230701.469334	-230701.553282
143677.308161	332735.575238	332735.243394
608535.038189	-56492.400562	-56494.722541
-318926.565021	-91140.137167	-91140.268648
-455012.066321	137940.163142	137940.059261
-441243.706769	-7798.238625	-7798.345595
-179278.198410	288972.645545	288972.480938
50533.552104	423021.465848	423021.224766
712391.821637	430375.544618	102769.197864
1895737.906184	131658.197516	-195950.116138
1831601.939366	177108.132244	-150500.171736
899210.705392	696371.807994	368763.975552
1570113.964028	163716.922488	-163891.323829
1332942.033097	881207.223636	553598.980480
1187455.707513	842788.488668	515180.305825
1113255.315627	873407.343864	545799.182440
745102.198062	544527.013045	216920.021738
1902013.693993	537729.362900	207129.925625
1773311.290670	78409.062638	-249199.233264
1832652.546163	612602.830866	284994.517811
730083.172886	181945.297149	-145666.131302
1702050.823602	732686.461248	405078.160135
1440877.376616	-279665.711980	-607273.963235
859637.700941	441648.455280	114041.084395
1650076.432424	-14119.243656	-341727.518920
1010694.700082	852722.011979	525113.919299
1707255.595441	408221.754353	80613.471258
1708355.361950	-93128.667486	-420736.959277
1656675.862753	-187006.641633	-514614.930515
830097.742229	116196.460803	-211410.703181
1700612.863436	-113890.407449	-441498.708388
1285357.694486	686032.519956	358424.340593
936062.728571	607285.190703	279677.395253
1322809.959228	566692.966373	239084.796124
1111520.103879	600337.621077	272729.589867
1064747.306107	361240.550916	33632.680168
1522338.096174	897614.583355	570006.295661
1640470.594137	216127.195219	-111481.069944
1161978.736618	-239227.568531	-566835.699388
1502962.116946	242530.622600	-85077.600300
968974.669900	-99744.129298	-427352.134532
847662.945255	698256.982932	370649.242328
1151149.749402	529634.089569	202026.049713
1839039.858145	-9647.474885	-337255.784157
944925.163255	471156.412736	143548.731967
908189.959937	143413.317337	-184194.164715
1652095.860491	-164316.642238	-491924.936316
1444816.060910	-225566.798011	-553175.042757
1316423.408615	929991.047766	602382.797638
1438456.819151	932727.532966	605119.255345
842324.143966	-44901.245002	-376216.264758
767719.639534	290017.374116	-37589.249399
900811.057302	-4110.078627	-331717.702529
1854597.261451	518617.535383	191009.219668
795736.620588	391609.555959	64002.598648
1672704.938274	107660.487262	-219947.788068
1812145.574656	308812.108779	-18796.191870
1829421.607757	519677.724609	192069.399214
1848051.414349	652880.365489	325272.047285
1616800.016410	-53243.328084	-380851.599739
927775.099718	78770.618027	-248836.978269
1377853.882707	942168.081207	614559.812659
1069558.603780	621053.892299	293445.891035
716846.128209	205424.481319	-122218.861368
1379582.612714	38589.406592	-289018.774870
1577053.334654	-196836.131852	-524444.406630
812445.709767	660421.871306	332814.285137
1857811.479893	46384.464197	-281223.846882
1785216.976985	-59263.937062	-386872.241110
1695168.660463	-136278.813953	-463887.116955
1550891.641359	86332.570350	-241275.673769
718826.075511	322805.570058	-4800.532221
1049126.266823	379402.216847	51794.358079
1775213.754172	744336.662014	416728.348399
1129414.380243	-248373.115201	-575981.235936
1715678.582744	273447.831476	-54160.451283
955536.835857	47080.876677	-280526.825683
891207.890740	757282.678303	429674.783316
1745534.935773	588324.901763	260716.602058
1728939.575913	411313.202125	83704.891366
842911.351417	43327.745562	-284279.587737
1406194.403374	-18067.251773	-345675.452899
1549194.256726	873633.318348	546025.025623
1808690.685476	414384.715470	86776.412524
852619.265563	364547.819574	36940.569737
1568730.650711	-157093.339845	-484701.610228
1538970.217433	641282.625414	313674.365303
1318023.923580	42140.429234	-285467.720309
1348096.372927	-275111.710336	-602719.933785
1441174.639241	-51912.196063	-379520.416261
1020740.147925	78281.262088	-249326.556880
1704354.125975	627743.941031	300135.645873
989992.131468	351715.654289	24107.935170
991332.979944	30852.446949	-296755.350878
1448993.580770	42937.824142	-284670.388617
1684842.813186	-26195.832165	-353804.121352
850686.189278	-20347.680458	-347955.185375
1902719.467773	118154.709973	-209453.634900
1659215.838106	553902.323437	226294.042391
1401707.873558	-211465.738466	-539073.970217
1368658.137519	922193.388295	594585.115030
754880.032748	345433.671969	17827.121858
1784493.849591	322325.290491	-5283.012760
823267.312461	440069.354291	112462.147836
802359.475406	90117.733108	-237489.307795
798925.213391	333158.341025	5551.441053
1937863.224362	331172.772320	3564.453012
1881413.907949	487435.401499	159827.082141
1534519.196607	814567.073318	486958.793034
1890619.589493	419235.836957	91627.521444
884358.080441	37597.725613	-290009.785240
1005009.882942	136341.473011	-191266.286085
1709741.270722	-742.417471	-328350.709536
1268362.604723	-159204.003989	-486812.168070
1876978.192383	601110.842352	273502.520150
1254037.515453	102621.682507	-224986.414023
1822654.756074	202769.564665	-124838.742894
1706864.126857	792980.603180	465372.295773
1449639.105940	923883.432752	596275.101197
1649936.111321	388191.620721	60583.349305
1564522.597050	606731.361277	279123.096465
1690205.138672	49615.808309	-277992.474859
1740921.019669	246975.888225	-80632.402945
1097827.367687	497072.467260	169464.497447
924773.749118	787410.963083	459802.993327
1658300.349819	474840.211307	147231.934800
1922943.768739	228189.142658	-99419.174834
1598369.893856	-168917.161404	-496525.449464
1531078.598135	-123269.425157	-450877.682621
1473737.585655	923616.126975	596007.819910
1901120.451086	535504.057184	196448.494415
1680227.592020	-174189.977588	-501798.290400
1839912.017707	406672.824208	79064.507896
1348775.315441	246927.514751	-80680.636116
1265874.646623	-71072.018636	-398680.159293
1489945.775972	153855.108758	-173753.112158
1657080.569224	235225.811544	-92382.466810
1635975.359011	55088.820202	-272519.451593
954391.319122	-31167.254525	-358775.054387
1715396.276165	-138577.941129	-466186.274354
970936.495891	729931.387392	402323.419050
1403027.144450	-232732.229025	-560340.475530
1535593.266189	144471.657071	-183136.585488
851118.104674	717860.380182	390252.589573
1691273.471638	-124515.006235	-452123.404164
1131392.483345	-67145.534470	-394753.576461
1406337.233190	-274357.129595	-601965.379776
846831.669615	-14164.395540	-341772.114556
661213.109858	220513.197053	-153501.331537
874954.462562	-91553.564770	-439914.246829
1214082.412351	587753.078025	260144.966472
743068.111271	422011.512563	94404.884905
1643133.768338	-199427.756052	-527036.073252
1173936.644629	90660.911560	-236947.116822
1547653.266108	721953.571607	394345.299759
815445.502647	320790.167669	-6816.851148
1139981.461853	723400.300597	395792.189226
1460487.599700	-275217.751933	-602826.039440
695974.981023	247045.039798	-120426.647105
1909610.041636	425164.591574	97556.245153
803181.645698	350588.559009	22981.588567
1819490.839301	687357.680215	359749.362769
1096681.970862	890650.564519	563042.393517
1299812.371642	372401.111836	44792.985895
1786984.123864	233176.792181	-94431.508835
1896021.736903	259662.545018	-67945.771122
1241043.496033	-284789.599526	-612397.785084
839802.089256	-47382.185882	-376248.170707
1467782.590637	189623.961808	-137984.251063
1533924.850309	349866.731500	22258.495323
1288250.930533	343043.608839	15435.490420
1512725.338554	58045.243400	-269562.993254
1394738.236765	883611.481994	556003.218117
783359.244928	43858.509269	-283748.509821
1668619.064373	753490.543407	425882.241567
1048168.930963	73687.149353	-253920.732574
725060.749879	352759.913538	25153.650869
1624368.773741	735497.446871	407889.155057
1301455.050153	556202.711543	228594.539956
715029.249184	443053.209378	115446.746247
1373936.969694	-7737.097091	-335345.289990
717524.761782	398515.893691	70909.585205
1820974.680015	345037.875593	17429.567340
1209840.341687	932583.699413	604975.478850
879408.050492	-79605.485670	-533876.141358
958374.968923	-110114.901440	-437723.037421
1873479.458658	550888.470292	223280.136013
1927760.551705	280766.786897	-46841.535584
1140436.393046	-195803.282889	-523411.386645
1558480.862402	149481.699396	-178126.584224
783808.294047	94056.604590	-233550.341209
1262952.300810	641261.709668	313653.551619
1767661.972695	750734.408902	423125.953302
1682513.164680	-139943.517442	-467551.938002
1141179.228039	506990.189139	179382.157731
1665791.740897	445863.265737	118254.984107
1710354.895873	213731.789341	-113876.497022
1328428.463371	-220882.698371	-548490.905852
870793.435196	-5716.433207	-333324.004106
1172017.881720	609438.407909	281830.316622
1776593.334275	721185.902586	393577.578547
754386.621676	165138.471633	-162468.581497
734852.842579	510460.545362	182853.730636
1933093.160278	312499.718543	-15108.616851
1145887.830190	366390.962827	38782.974858
816678.969793	55950.887157	-271656.312366
1454039.097917	571410.150653	243801.923511
1870235.815171	613492.272953	285883.910132
1750200.620746	595921.864336	268313.418096
1222961.730963	23947.180076	-303660.908673
705004.704243	348277.513508	20671.494153
1529167.136827	-19303.669454	-346911.916025
