0.000000	0.000000	0.000000
0.000000	0.000000	0.000000
3.000000	0.000000	-0.000000
-3.000000	-0.000000	0.000000
3.000000	0.000000	0.000000
3.464102	3.464102	0.000000
-0.000000	-1.732051	-1.732051
-0.000000	-0.000000	-1.732051
-1.732051	-0.000000	0.000000
3.464102	3.464102	0.000000
0.000000	3.535534	5.000000
3.535534	0.000000	0.000000
0.000000	0.000000	0.000000
0.000000	-0.000000	-3.535534
-5.000000	-3.535534	-0.000000
-0.000000	-0.000000	-0.000000
-0.000000	-0.000000	0.000000
3.535534	5.000000	3.535534
0.000000	0.000000	3.526711
5.706339	5.706339	3.526711
0.000000	0.000000	1.089814
1.763356	1.763356	1.089814
0.000000	-0.000000	-2.853169
-4.616525	-4.616525	-2.853169
-0.000000	-0.000000	-2.853169
-4.616525	-4.616525	-2.853169
-0.000000	0.000000	1.089814
1.763356	1.763356	1.089814
0.000000	0.000000	3.526711
5.706339	5.706339	3.526711
0.000000	0.000000	3.500000
6.062178	7.000000	6.062178
3.500000	0.000000	0.000000
1.750000	3.031089	3.500000
3.031089	1.750000	0.000000
-0.000000	-1.750000	-3.031089
-3.500000	-3.031089	-1.750000
-0.000000	-0.000000	-3.500000
-6.062178	-7.000000	-6.062178
-3.500000	-0.000000	-0.000000
-1.750000	-3.031089	-3.500000
-3.031089	-1.750000	-0.000000
0.000000	1.750000	3.031089
3.500000	3.031089	1.750000
0.000000	0.000000	3.500000
6.062178	7.000000	6.062178
3.500000	0.000000	0.000000
3.471070	6.254652	7.799423
7.799423	6.254652	3.471070
0.000000	0.000000	2.164177
3.899712	4.862861	4.862861
3.899712	2.164177	0.000000
-0.000000	-0.772386	-1.391791
-1.735535	-1.735535	-1.391791
-0.772386	-0.000000	-0.000000
-3.127326	-5.635247	-7.027038
-7.027038	-5.635247	-3.127326
-0.000000	-0.000000	-3.127326
-5.635247	-7.027038	-7.027038
-5.635247	-3.127326	-0.000000
-0.000000	-0.772386	-1.391791
-1.735535	-1.735535	-1.391791
-0.772386	-0.000000	0.000000
2.164177	3.899712	4.862861
4.862861	3.899712	2.164177
0.000000	0.000000	3.471070
6.254652	7.799423	7.799423
6.254652	3.471070	0.000000
0.000000	3.444151	6.363961
8.314916	9.000000	8.314916
6.363961	3.444151	0.000000
0.000000	2.435382	4.500000
5.879533	6.363961	5.879533
4.500000	2.435382	0.000000
0.000000	0.000000	0.000000
0.000000	0.000000	0.000000
0.000000	0.000000	0.000000
-0.000000	-2.435382	-4.500000
-5.879533	-6.363961	-5.879533
-4.500000	-2.435382	-0.000000
-0.000000	-3.444151	-6.363961
-8.314916	-9.000000	-8.314916
-6.363961	-3.444151	-0.000000
-0.000000	-2.435382	-4.500000
-5.879533	-6.363961	-5.879533
-4.500000	-2.435382	-0.000000
-0.000000	-0.000000	-0.000000
-0.000000	-0.000000	-0.000000
-0.000000	-0.000000	-0.000000
0.000000	2.435382	4.500000
5.879533	6.363961	5.879533
4.500000	2.435382	0.000000
0.000000	3.444151	6.363961
8.314916	9.000000	8.314916
6.363961	3.444151	0.000000
0.000000	3.420202	6.427876
8.660254	9.848078	9.848078
8.660254	6.427876	3.420202
0.000000	0.000000	2.620026
4.924039	6.634140	7.544065
7.544065	6.634140	4.924039
2.620026	0.000000	0.000000
0.593912	1.116189	1.503837
1.710101	1.710101	1.503837
1.116189	0.593912	0.000000
-0.000000	-1.710101	-3.213938
-4.330127	-4.924039	-4.924039
-4.330127	-3.213938	-1.710101
-0.000000	-0.000000	-3.213938
-6.040228	-8.137977	-9.254166
-9.254166	-8.137977	-6.040228
-3.213938	-0.000000	-0.000000
-3.213938	-6.040228	-8.137977
-9.254166	-9.254166	-8.137977
-6.040228	-3.213938	-0.000000
-0.000000	-1.710101	-3.213938
-4.330127	-4.924039	-4.924039
-4.330127	-3.213938	-1.710101
-0.000000	0.000000	0.593912
1.116189	1.503837	1.710101
1.710101	1.503837	1.116189
0.593912	0.000000	0.000000
2.620026	4.924039	6.634140
7.544065	7.544065	6.634140
4.924039	2.620026	0.000000
0.000000	3.420202	6.427876
8.660254	9.848078	9.848078
8.660254	6.427876	3.420202
0.000000	100.000000	100.000000
100.000000	100.000000	100.000000
100.000000	103.000000	100.000000
100.000000	97.000000	100.000000
100.000000	103.000000	100.000000
100.000000	103.464104	103.464104
100.000000	100.000000	98.267952
98.267952	100.000000	100.000000
98.267952	98.267952	100.000000
100.000000	103.464104	103.464104
100.000000	100.000000	103.535538
105.000000	103.535538	100.000000
100.000000	100.000000	100.000000
100.000000	100.000000	100.000000
96.464462	95.000000	96.464462
100.000000	100.000000	100.000000
100.000000	100.000000	100.000000
100.000000	103.535538	105.000000
103.535538	100.000000	100.000000
103.526711	105.706337	105.706337
103.526711	100.000000	100.000000
101.089813	101.763359	101.763359
101.089813	100.000000	100.000000
97.146828	95.383476	95.383476
97.146828	100.000000	100.000000
97.146828	95.383476	95.383476
97.146828	100.000000	100.000000
101.089813	101.763359	101.763359
101.089813	100.000000	100.000000
103.526711	105.706337	105.706337
103.526711	100.000000	100.000000
103.500000	106.062180	107.000000
106.062180	103.500000	100.000000
100.000000	101.750000	103.031090
103.500000	103.031090	101.750000
100.000000	100.000000	98.250000
96.968910	96.500000	96.968910
98.250000	100.000000	100.000000
96.500000	93.937820	93.000000
93.937820	96.500000	100.000000
100.000000	98.250000	96.968910
96.500000	96.968910	98.250000
100.000000	100.000000	101.750000
103.031090	103.500000	103.031090
101.750000	100.000000	100.000000
103.500000	106.062180	107.000000
106.062180	103.500000	100.000000
100.000000	103.471069	106.254654
107.799423	107.799423	106.254654
103.471069	100.000000	100.000000
102.164177	103.899712	104.862862
104.862862	103.899712	102.164177
100.000000	100.000000	99.227615
98.608208	98.264465	98.264465
98.608208	99.227615	100.000000
100.000000	96.872673	94.364754
92.972961	92.972961	94.364754
96.872673	100.000000	100.000000
96.872673	94.364754	92.972961
92.972961	94.364754	96.872673
100.000000	100.000000	99.227615
98.608208	98.264465	98.264465
98.608208	99.227615	100.000000
100.000000	102.164177	103.899712
104.862862	104.862862	103.899712
102.164177	100.000000	100.000000
103.471069	106.254654	107.799423
107.799423	106.254654	103.471069
100.000000	100.000000	103.444153
106.363960	108.314919	109.000000
108.314919	106.363960	103.444153
100.000000	100.000000	102.435379
104.500000	105.879532	106.363960
105.879532	104.500000	102.435379
100.000000	100.000000	100.000000
100.000000	100.000000	100.000000
100.000000	100.000000	100.000000
100.000000	100.000000	97.564621
95.500000	94.120468	93.636040
94.120468	95.500000	97.564621
100.000000	100.000000	96.555847
93.636040	91.685081	91.000000
91.685081	93.636040	96.555847
100.000000	100.000000	97.564621
95.500000	94.120468	93.636040
94.120468	95.500000	97.564621
100.000000	100.000000	100.000000
100.000000	100.000000	100.000000
100.000000	100.000000	100.000000
100.000000	100.000000	102.435379
104.500000	105.879532	106.363960
105.879532	104.500000	102.435379
100.000000	100.000000	103.444153
106.363960	108.314919	109.000000
108.314919	106.363960	103.444153
100.000000	100.000000	103.420204
106.427879	108.660255	109.848076
109.848076	108.660255	106.427879
103.420204	100.000000	100.000000
102.620026	104.924042	106.634140
107.544067	107.544067	106.634140
104.924042	102.620026	100.000000
100.000000	100.593910	101.116188
101.503838	101.710098	101.710098
101.503838	101.116188	100.593910
100.000000	100.000000	98.289902
96.786064	95.669876	95.075958
95.075958	95.669876	96.786064
98.289902	100.000000	100.000000
96.786064	93.959770	91.862022
90.745834	90.745834	91.862022
93.959770	96.786064	100.000000
100.000000	96.786064	93.959770
91.862022	90.745834	90.745834
91.862022	93.959770	96.786064
100.000000	100.000000	98.289902
96.786064	95.669876	95.075958
95.075958	95.669876	96.786064
98.289902	100.000000	100.000000
100.593910	101.116188	101.503838
101.710098	101.710098	101.503838
101.116188	100.593910	100.000000
100.000000	102.620026	104.924042
106.634140	107.544067	107.544067
106.634140	104.924042	102.620026
100.000000	100.000000	103.420204
106.427879	108.660255	109.848076
109.848076	108.660255	106.427879
103.420204	100.000000	0.000000
0.000000	0.000000	-0.000000
-0.000000	0.000000	0.000000
0.000000	0.000000	0.000000
0.000000	-0.000000	-0.000000
-0.000000	0.000000	0.000000
0.000000	0.000000	0.000000
3.000000	3.000000	0.000000
-0.000000	-3.000000	-3.000000
-0.000000	-0.000000	-0.000000
-0.000000	-0.000000	0.000000
0.000000	0.000000	0.000000
0.000000	0.000000	3.535534
5.000000	3.535534	0.000000
0.000000	0.000000	0.000000
0.000000	0.000000	-0.000000
-3.535534	-5.000000	-3.535534
-0.000000	-0.000000	-0.000000
-0.000000	-0.000000	-0.000000
0.000000	0.000000	0.000000
0.000000	0.000000	0.000000
0.000000	3.354102	5.427051
5.427051	3.354102	0.000000
0.000000	2.072949	3.354102
3.354102	2.072949	0.000000
-0.000000	-2.072949	-3.354102
-3.354102	-2.072949	-0.000000
-0.000000	-3.354102	-5.427051
-5.427051	-3.354102	-0.000000
-0.000000	-0.000000	-0.000000
-0.000000	-0.000000	-0.000000
0.000000	0.000000	0.000000
0.000000	0.000000	0.000000
0.000000	0.000000	3.031089
5.250000	6.062178	5.250000
3.031089	0.000000	0.000000
3.031089	5.250000	6.062178
5.250000	3.031089	0.000000
0.000000	0.000000	0.000000
0.000000	0.000000	0.000000
0.000000	-0.000000	-3.031089
-5.250000	-6.062178	-5.250000
-3.031089	-0.000000	-0.000000
-3.031089	-5.250000	-6.062178
-5.250000	-3.031089	-0.000000
-0.000000	-0.000000	-0.000000
-0.000000	-0.000000	-0.000000
-0.000000	0.000000	0.000000
0.000000	0.000000	0.000000
0.000000	0.000000	0.000000
0.000000	2.713792	4.890084
6.097835	6.097835	4.890084
2.713792	0.000000	0.000000
3.384043	6.097835	7.603876
7.603876	6.097835	3.384043
0.000000	0.000000	1.506041
2.713792	3.384043	3.384043
2.713792	1.506041	0.000000
-0.000000	-1.506041	-2.713792
-3.384043	-3.384043	-2.713792
-1.506041	-0.000000	-0.000000
-3.384043	-6.097835	-7.603876
-7.603876	-6.097835	-3.384043
-0.000000	-0.000000	-2.713792
-4.890084	-6.097835	-6.097835
-4.890084	-2.713792	-0.000000
-0.000000	-0.000000	-0.000000
-0.000000	-0.000000	-0.000000
-0.000000	-0.000000	0.000000
0.000000	0.000000	0.000000
0.000000	0.000000	0.000000
0.000000	0.000000	0.000000
2.435382	4.500000	5.879533
6.363961	5.879533	4.500000
2.435382	0.000000	0.000000
3.444151	6.363961	8.314916
9.000000	8.314916	6.363961
3.444151	0.000000	0.000000
2.435382	4.500000	5.879533
6.363961	5.879533	4.500000
2.435382	0.000000	0.000000
0.000000	0.000000	0.000000
0.000000	0.000000	0.000000
0.000000	0.000000	-0.000000
-2.435382	-4.500000	-5.879533
-6.363961	-5.879533	-4.500000
-2.435382	-0.000000	-0.000000
-3.444151	-6.363961	-8.314916
-9.000000	-8.314916	-6.363961
-3.444151	-0.000000	-0.000000
-2.435382	-4.500000	-5.879533
-6.363961	-5.879533	-4.500000
-2.435382	-0.000000	-0.000000
-0.000000	-0.000000	-0.000000
-0.000000	-0.000000	-0.000000
-0.000000	-0.000000	0.000000
0.000000	0.000000	0.000000
0.000000	0.000000	0.000000
0.000000	0.000000	0.000000
0.000000	2.198463	4.131759
5.566704	6.330222	6.330222
5.566704	4.131759	2.198463
0.000000	0.000000	3.368241
6.330222	8.528686	9.698463
9.698463	8.528686	6.330222
3.368241	0.000000	0.000000
2.961981	5.566704	7.500000
8.528686	8.528686	7.500000
5.566704	2.961981	0.000000
0.000000	1.169778	2.198463
2.961981	3.368241	3.368241
2.961981	2.198463	1.169778
0.000000	-0.000000	-1.169778
-2.198463	-2.961981	-3.368241
-3.368241	-2.961981	-2.198463
-1.169778	-0.000000	-0.000000
-2.961981	-5.566704	-7.500000
-8.528686	-8.528686	-7.500000
-5.566704	-2.961981	-0.000000
-0.000000	-3.368241	-6.330222
-8.528686	-9.698463	-9.698463
-8.528686	-6.330222	-3.368241
-0.000000	-0.000000	-2.198463
-4.131759	-5.566704	-6.330222
-6.330222	-5.566704	-4.131759
-2.198463	-0.000000	-0.000000
-0.000000	-0.000000	-0.000000
-0.000000	-0.000000	-0.000000
-0.000000	-0.000000	-0.000000
0.000000	0.000000	0.000000
-0.000000	-0.000000	0.000000
0.000000	0.000000	0.000000
0.000000	0.000000	-0.000000
-0.000000	-0.000000	0.000000
0.000000	0.000000	0.000000
0.000000	3.000000	3.000000
0.000000	-0.000000	-3.000000
-3.000000	-0.000000	-0.000000
-0.000000	-0.000000	-0.000000
0.000000	0.000000	0.000000
0.000000	0.000000	0.000000
3.535534	5.000000	3.535534
0.000000	0.000000	0.000000
0.000000	0.000000	0.000000
-0.000000	-3.535534	-5.000000
-3.535534	-0.000000	-0.000000
-0.000000	-0.000000	-0.000000
-0.000000	0.000000	0.000000
0.000000	0.000000	0.000000
0.000000	0.000000	3.354102
5.427051	5.427051	3.354102
0.000000	0.000000	2.072949
3.354102	3.354102	2.072949
0.000000	-0.000000	-2.072949
-3.354102	-3.354102	-2.072949
-0.000000	-0.000000	-3.354102
-5.427051	-5.427051	-3.354102
-0.000000	-0.000000	-0.000000
-0.000000	-0.000000	-0.000000
-0.000000	0.000000	0.000000
0.000000	0.000000	0.000000
0.000000	0.000000	0.000000
3.031089	5.250000	6.062178
5.250000	3.031089	0.000000
0.000000	3.031089	5.250000
6.062178	5.250000	3.031089
0.000000	0.000000	0.000000
0.000000	0.000000	0.000000
0.000000	0.000000	-0.000000
-3.031089	-5.250000	-6.062178
-5.250000	-3.031089	-0.000000
-0.000000	-3.031089	-5.250000
-6.062178	-5.250000	-3.031089
-0.000000	-0.000000	-0.000000
-0.000000	-0.000000	-0.000000
-0.000000	-0.000000	0.000000
0.000000	0.000000	0.000000
0.000000	0.000000	0.000000
0.000000	0.000000	2.713792
4.890084	6.097835	6.097835
4.890084	2.713792	0.000000
0.000000	3.384043	6.097835
7.603876	7.603876	6.097835
3.384043	0.000000	0.000000
1.506041	2.713792	3.384043
3.384043	2.713792	1.506041
0.000000	-0.000000	-1.506041
-2.713792	-3.384043	-3.384043
-2.713792	-1.506041	-0.000000
-0.000000	-3.384043	-6.097835
-7.603876	-7.603876	-6.097835
-3.384043	-0.000000	-0.000000
-2.713792	-4.890084	-6.097835
-6.097835	-4.890084	-2.713792
-0.000000	-0.000000	-0.000000
-0.000000	-0.000000	-0.000000
-0.000000	-0.000000	-0.000000
0.000000	0.000000	0.000000
0.000000	0.000000	0.000000
0.000000	0.000000	0.000000
0.000000	2.435382	4.500000
5.879533	6.363961	5.879533
4.500000	2.435382	0.000000
0.000000	3.444151	6.363961
8.314916	9.000000	8.314916
6.363961	3.444151	0.000000
0.000000	2.435382	4.500000
5.879533	6.363961	5.879533
4.500000	2.435382	0.000000
0.000000	0.000000	0.000000
0.000000	0.000000	0.000000
0.000000	0.000000	0.000000
-0.000000	-2.435382	-4.500000
-5.879533	-6.363961	-5.879533
-4.500000	-2.435382	-0.000000
-0.000000	-3.444151	-6.363961
-8.314916	-9.000000	-8.314916
-6.363961	-3.444151	-0.000000
-0.000000	-2.435382	-4.500000
-5.879533	-6.363961	-5.879533
-4.500000	-2.435382	-0.000000
-0.000000	-0.000000	-0.000000
-0.000000	-0.000000	-0.000000
-0.000000	-0.000000	-0.000000
0.000000	0.000000	0.000000
0.000000	0.000000	0.000000
0.000000	0.000000	0.000000
0.000000	0.000000	2.198463
4.131759	5.566704	6.330222
6.330222	5.566704	4.131759
2.198463	0.000000	0.000000
3.368241	6.330222	8.528686
9.698463	9.698463	8.528686
6.330222	3.368241	0.000000
0.000000	2.961981	5.566704
7.500000	8.528686	8.528686
7.500000	5.566704	2.961981
0.000000	0.000000	1.169778
2.198463	2.961981	3.368241
3.368241	2.961981	2.198463
1.169778	0.000000	-0.000000
-1.169778	-2.198463	-2.961981
-3.368241	-3.368241	-2.961981
-2.198463	-1.169778	-0.000000
-0.000000	-2.961981	-5.566704
-7.500000	-8.528686	-8.528686
-7.500000	-5.566704	-2.961981
-0.000000	-0.000000	-3.368241
-6.330222	-8.528686	-9.698463
-9.698463	-8.528686	-6.330222
-3.368241	-0.000000	-0.000000
-2.198463	-4.131759	-5.566704
-6.330222	-6.330222	-5.566704
-4.131759	-2.198463	-0.000000
-0.000000	-0.000000	-0.000000
-0.000000	-0.000000	-0.000000
-0.000000	-0.000000	-0.000000
-0.000000	1.000000	2.000000
-2.000000	2.000000	-2.000000
3.000000	0.000000	-3.000000
3.000000	0.000000	-3.000000
3.000000	0.000000	-3.000000
4.000000	2.000000	-2.000000
-4.000000	4.000000	2.000000
-2.000000	-4.000000	4.000000
2.000000	-2.000000	-4.000000
4.000000	2.000000	-2.000000
-4.000000	5.000000	3.535534
0.000000	-3.535534	-5.000000
5.000000	3.535534	0.000000
-3.535534	-5.000000	5.000000
3.535534	0.000000	-3.535534
-5.000000	5.000000	3.535534
0.000000	-3.535534	-5.000000
5.000000	3.535534	0.000000
-3.535534	-5.000000	6.000000
4.854102	1.854102	-1.854102
-4.854102	-6.000000	6.000000
4.854102	1.854102	-1.854102
-4.854102	-6.000000	6.000000
4.854102	1.854102	-1.854102
-4.854102	-6.000000	6.000000
4.854102	1.854102	-1.854102
-4.854102	-6.000000	6.000000
4.854102	1.854102	-1.854102
-4.854102	-6.000000	6.000000
4.854102	1.854102	-1.854102
-4.854102	-6.000000	7.000000
6.062178	3.500000	0.000000
-3.500000	-6.062178	-7.000000
7.000000	6.062178	3.500000
0.000000	-3.500000	-6.062178
-7.000000	7.000000	6.062178
3.500000	0.000000	-3.500000
-6.062178	-7.000000	7.000000
6.062178	3.500000	0.000000
-3.500000	-6.062178	-7.000000
7.000000	6.062178	3.500000
0.000000	-3.500000	-6.062178
-7.000000	7.000000	6.062178
3.500000	0.000000	-3.500000
-6.062178	-7.000000	7.000000
6.062178	3.500000	0.000000
-3.500000	-6.062178	-7.000000
8.000000	7.207751	4.987918
1.780167	-1.780167	-4.987918
-7.207751	-8.000000	8.000000
7.207751	4.987918	1.780167
-1.780167	-4.987918	-7.207751
-8.000000	8.000000	7.207751
4.987918	1.780167	-1.780167
-4.987918	-7.207751	-8.000000
8.000000	7.207751	4.987918
1.780167	-1.780167	-4.987918
-7.207751	-8.000000	8.000000
7.207751	4.987918	1.780167
-1.780167	-4.987918	-7.207751
-8.000000	8.000000	7.207751
4.987918	1.780167	-1.780167
-4.987918	-7.207751	-8.000000
8.000000	7.207751	4.987918
1.780167	-1.780167	-4.987918
-7.207751	-8.000000	8.000000
7.207751	4.987918	1.780167
-1.780167	-4.987918	-7.207751
-8.000000	9.000000	8.314916
6.363961	3.444151	0.000000
-3.444151	-6.363961	-8.314916
-9.000000	9.000000	8.314916
6.363961	3.444151	0.000000
-3.444151	-6.363961	-8.314916
-9.000000	9.000000	8.314916
6.363961	3.444151	0.000000
-3.444151	-6.363961	-8.314916
-9.000000	9.000000	8.314916
6.363961	3.444151	0.000000
-3.444151	-6.363961	-8.314916
-9.000000	9.000000	8.314916
6.363961	3.444151	0.000000
-3.444151	-6.363961	-8.314916
-9.000000	9.000000	8.314916
6.363961	3.444151	0.000000
-3.444151	-6.363961	-8.314916
-9.000000	9.000000	8.314916
6.363961	3.444151	0.000000
-3.444151	-6.363961	-8.314916
-9.000000	9.000000	8.314916
6.363961	3.444151	0.000000
-3.444151	-6.363961	-8.314916
-9.000000	9.000000	8.314916
6.363961	3.444151	0.000000
-3.444151	-6.363961	-8.314916
-9.000000	10.000000	9.396926
7.660444	5.000000	1.736482
-1.736482	-5.000000	-7.660444
-9.396926	-10.000000	10.000000
9.396926	7.660444	5.000000
1.736482	-1.736482	-5.000000
-7.660444	-9.396926	-10.000000
10.000000	9.396926	7.660444
5.000000	1.736482	-1.736482
-5.000000	-7.660444	-9.396926
-10.000000	10.000000	9.396926
7.660444	5.000000	1.736482
-1.736482	-5.000000	-7.660444
-9.396926	-10.000000	10.000000
9.396926	7.660444	5.000000
1.736482	-1.736482	-5.000000
-7.660444	-9.396926	-10.000000
10.000000	9.396926	7.660444
5.000000	1.736482	-1.736482
-5.000000	-7.660444	-9.396926
-10.000000	10.000000	9.396926
7.660444	5.000000	1.736482
-1.736482	-5.000000	-7.660444
-9.396926	-10.000000	10.000000
9.396926	7.660444	5.000000
1.736482	-1.736482	-5.000000
-7.660444	-9.396926	-10.000000
10.000000	9.396926	7.660444
5.000000	1.736482	-1.736482
-5.000000	-7.660444	-9.396926
-10.000000	10.000000	9.396926
7.660444	5.000000	1.736482
-1.736482	-5.000000	-7.660444
-9.396926	-10.000000	1.000000
2.000000	-2.000000	2.000000
-2.000000	3.000000	0.000000
-3.000000	3.000000	0.000000
-3.000000	3.000000	0.000000
-3.000000	4.000000	2.000000
-2.000000	-4.000000	4.000000
2.000000	-2.000000	-4.000000
4.000000	2.000000	-2.000000
-4.000000	4.000000	2.000000
-2.000000	-4.000000	5.000000
3.535534	0.000000	-3.535534
-5.000000	5.000000	3.535534
0.000000	-3.535534	-5.000000
5.000000	3.535534	0.000000
-3.535534	-5.000000	5.000000
3.535534	0.000000	-3.535534
-5.000000	5.000000	3.535534
0.000000	-3.535534	-5.000000
6.000000	4.854102	1.854102
-1.854102	-4.854102	-6.000000
6.000000	4.854102	1.854102
-1.854102	-4.854102	-6.000000
6.000000	4.854102	1.854102
-1.854102	-4.854102	-6.000000
6.000000	4.854102	1.854102
-1.854102	-4.854102	-6.000000
6.000000	4.854102	1.854102
-1.854102	-4.854102	-6.000000
6.000000	4.854102	1.854102
-1.854102	-4.854102	-6.000000
7.000000	6.062178	3.500000
0.000000	-3.500000	-6.062178
-7.000000	7.000000	6.062178
3.500000	0.000000	-3.500000
-6.062178	-7.000000	7.000000
6.062178	3.500000	0.000000
-3.500000	-6.062178	-7.000000
7.000000	6.062178	3.500000
0.000000	-3.500000	-6.062178
-7.000000	7.000000	6.062178
3.500000	0.000000	-3.500000
-6.062178	-7.000000	7.000000
6.062178	3.500000	0.000000
-3.500000	-6.062178	-7.000000
7.000000	6.062178	3.500000
0.000000	-3.500000	-6.062178
-7.000000	8.000000	7.207751
4.987918	1.780167	-1.780167
-4.987918	-7.207751	-8.000000
8.000000	7.207751	4.987918
1.780167	-1.780167	-4.987918
-7.207751	-8.000000	8.000000
7.207751	4.987918	1.780167
-1.780167	-4.987918	-7.207751
-8.000000	8.000000	7.207751
4.987918	1.780167	-1.780167
-4.987918	-7.207751	-8.000000
8.000000	7.207751	4.987918
1.780167	-1.780167	-4.987918
-7.207751	-8.000000	8.000000
7.207751	4.987918	1.780167
-1.780167	-4.987918	-7.207751
-8.000000	8.000000	7.207751
4.987918	1.780167	-1.780167
-4.987918	-7.207751	-8.000000
8.000000	7.207751	4.987918
1.780167	-1.780167	-4.987918
-7.207751	-8.000000	9.000000
8.314916	6.363961	3.444151
0.000000	-3.444151	-6.363961
-8.314916	-9.000000	9.000000
8.314916	6.363961	3.444151
0.000000	-3.444151	-6.363961
-8.314916	-9.000000	9.000000
8.314916	6.363961	3.444151
0.000000	-3.444151	-6.363961
-8.314916	-9.000000	9.000000
8.314916	6.363961	3.444151
0.000000	-3.444151	-6.363961
-8.314916	-9.000000	9.000000
8.314916	6.363961	3.444151
0.000000	-3.444151	-6.363961
-8.314916	-9.000000	9.000000
8.314916	6.363961	3.444151
0.000000	-3.444151	-6.363961
-8.314916	-9.000000	9.000000
8.314916	6.363961	3.444151
0.000000	-3.444151	-6.363961
-8.314916	-9.000000	9.000000
8.314916	6.363961	3.444151
0.000000	-3.444151	-6.363961
-8.314916	-9.000000	9.000000
8.314916	6.363961	3.444151
0.000000	-3.444151	-6.363961
-8.314916	-9.000000	10.000000
9.396926	7.660444	5.000000
1.736482	-1.736482	-5.000000
-7.660444	-9.396926	-10.000000
10.000000	9.396926	7.660444
5.000000	1.736482	-1.736482
-5.000000	-7.660444	-9.396926
-10.000000	10.000000	9.396926
7.660444	5.000000	1.736482
-1.736482	-5.000000	-7.660444
-9.396926	-10.000000	10.000000
9.396926	7.660444	5.000000
1.736482	-1.736482	-5.000000
-7.660444	-9.396926	-10.000000
10.000000	9.396926	7.660444
5.000000	1.736482	-1.736482
-5.000000	-7.660444	-9.396926
-10.000000	10.000000	9.396926
7.660444	5.000000	1.736482
-1.736482	-5.000000	-7.660444
-9.396926	-10.000000	10.000000
9.396926	7.660444	5.000000
1.736482	-1.736482	-5.000000
-7.660444	-9.396926	-10.000000
10.000000	9.396926	7.660444
5.000000	1.736482	-1.736482
-5.000000	-7.660444	-9.396926
-10.000000	10.000000	9.396926
7.660444	5.000000	1.736482
-1.736482	-5.000000	-7.660444
-9.396926	-10.000000	10.000000
9.396926	7.660444	5.000000
1.736482	-1.736482	-5.000000
-7.660444	-9.396926	-10.000000
