200.676327	0.050014	0.050014
201.039827	0.490003	0.490003
199.363109	0.293589	0.293589
201.261192	-0.309839	-0.309839
195.792422	3.638250	3.638250
200.497783	0.490188	0.490188
200.238251	0.168899	0.168899
200.629733	0.175222	0.175222
200.485775	-0.097382	-0.097382
200.265330	0.313848	0.313848
199.454233	-0.050023	-0.050023
198.998974	-0.193920	-0.193920
203.051516	-1.001955	-1.001955
200.355527	-0.730864	-0.730864
200.010885	-0.225420	-0.225420
199.338726	0.498785	0.498785
200.566090	0.006720	0.006720
199.049661	0.208290	0.208290
199.604635	0.370253	0.370253
173.261842	-4.540683	-4.540683
200.696616	0.077993	0.077993
199.542024	0.365815	0.365815
199.969127	-0.081868	-0.081868
200.583983	-0.289006	-0.289006
199.533339	0.127806	0.127806
196.438193	0.464845	0.464845
199.744519	2.352249	2.352249
200.883736	1.262579	1.262579
202.156249	1.725664	1.725664
200.146910	0.147120	0.147120
200.210707	-0.291981	-0.291981
201.163756	0.822358	0.822358
198.879676	1.751001	1.751001
203.007721	-1.215534	-1.215534
200.009161	-0.536744	-0.536744
200.082259	0.233189	0.233189
199.415365	-0.119025	-0.119025
199.906530	-0.436954	-0.436954
196.620946	3.454667	3.454667
200.195143	-0.468670	-0.468670
199.385287	0.771006	0.771006
199.772581	2.080959	2.080959
200.805084	-0.254158	-0.254158
200.168985	0.427336	0.427336
198.843875	-0.407825	-0.407825
198.707693	-0.445429	-0.445429
199.478165	-2.732651	-2.732651
200.216565	0.300435	0.300435
202.498466	-4.243286	-4.243286
200.526306	-0.080890	-0.080890
200.704753	-0.180369	-0.180369
199.549873	0.175129	0.175129
199.630353	0.028614	0.028614
200.185261	0.217488	0.217488
199.594752	-0.640869	-0.640869
200.250307	0.103235	0.103235
199.902706	0.381443	0.381443
199.590649	-0.202307	-0.202307
199.708078	-0.148386	-0.148386
200.905759	-0.272242	-0.272242
200.251674	0.315573	0.315573
199.343855	-0.737778	-0.737778
199.756319	-0.566764	-0.566764
202.311895	-1.867072	-1.867072
205.451523	0.545171	0.545171
200.964494	0.011336	0.011336
201.102817	-1.628258	-1.628258
199.159913	-0.168881	-0.168881
200.212633	0.078106	0.078106
201.214153	-0.590361	-0.590361
199.859404	-1.543174	-1.543174
200.878946	0.166137	0.166137
199.761538	-0.508857	-0.508857
199.946694	-0.309130	-0.309130
199.751639	1.339578	1.339578
201.076440	2.039204	2.039204
200.780502	0.059603	0.059603
199.447791	0.202579	0.202579
200.859443	0.402225	0.402225
201.882996	0.252376	0.252376
197.390128	0.124696	0.124696
200.360215	-0.178526	-0.178526
200.754053	0.723519	0.723519
200.157703	-0.323956	-0.323956
200.108934	-0.041898	-0.041898
200.057231	0.152848	0.152848
200.651067	-0.126470	-0.126470
200.664884	-0.240952	-0.240952
200.001916	-0.446941	-0.446941
199.573924	-0.485448	-0.485448
194.110763	1.156491	1.156491
200.811754	0.165134	0.165134
200.737273	-0.123427	-0.123427
201.074756	0.197507	0.197507
202.870520	0.561542	0.561542
199.600063	-0.004313	-0.004313
199.872237	-0.391889	-0.391889
200.637748	-0.283005	-0.283005
200.750454	-0.145596	-0.145596
199.672771	-0.355749	-0.355749
229.904328	-0.062084	-0.062084
199.219042	-0.126970	-0.126970
205.789089	1.051594	1.051594
199.839451	0.465987	0.465987
199.285001	0.190664	0.190664
196.733354	-1.947217	-1.947217
199.308692	0.097500	0.097500
200.611563	0.016704	0.016704
199.809519	-0.289840	-0.289840
199.868535	-1.536606	-1.536606
199.335917	0.083416	0.083416
221.186428	1.399747	1.399747
199.775889	0.090124	0.090124
199.218062	-0.046369	-0.046369
200.947255	-0.172957	-0.172957
199.503521	-0.228366	-0.228366
200.760971	-0.052843	-0.052843
198.616304	0.849448	0.849448
200.437471	0.117543	0.117543
200.715756	1.250320	1.250320
200.548749	0.322686	0.322686
203.511580	1.032534	1.032534
199.676044	-0.269444	-0.269444
200.324205	-0.151203	-0.151203
200.149807	-0.412043	-0.412043
200.785606	-1.915253	-1.915253
203.288493	0.922226	0.922226
199.981583	0.424447	0.424447
210.821411	1.683694	1.683694
200.079016	-0.185826	-0.185826
200.102107	0.705494	0.705494
200.398416	-0.141249	-0.141249
195.179233	-0.149696	-0.149696
199.060201	0.014426	0.014426
199.774309	-0.010256	-0.010256
199.483363	0.329202	0.329202
199.674902	0.486603	0.486603
199.569090	-0.071683	-0.071683
200.464458	-0.591836	-0.591836
200.884702	-0.846141	-0.846141
183.410920	14.612835	14.612835
200.059856	-1.784652	-1.784652
195.195656	1.394241	1.394241
200.906351	-0.521591	-0.521591
200.260894	0.534046	0.534046
199.640382	-0.943064	-0.943064
199.899075	0.039327	0.039327
195.686363	-0.545218	-0.545218
200.944346	0.115847	0.115847
199.412362	-0.624547	-0.624547
199.740835	0.539347	0.539347
199.702589	0.275352	0.275352
199.544014	-0.190558	-0.190558
200.393960	0.143362	0.143362
200.174860	0.597539	0.597539
199.660002	-0.044459	-0.044459
199.433228	-1.263914	-1.263914
199.311753	-1.907450	-1.907450
200.807900	-0.050508	-0.050508
199.126785	-0.118272	-0.118272
200.455964	0.178999	0.178999
200.764922	0.058900	0.058900
200.417931	-0.049985	-0.049985
198.971243	1.196937	1.196937
199.795770	-0.256432	-0.256432
200.482520	-0.084831	-0.084831
200.545945	-0.337034	-0.337034
200.509780	0.094359	0.094359
199.703020	-0.344235	-0.344235
197.710105	0.981140	0.981140
200.505954	-0.138605	-0.138605
199.489073	0.698618	0.698618
199.930192	0.460150	0.460150
199.377565	0.843323	0.843323
199.617009	-0.263032	-0.263032
199.304204	0.987743	0.987743
199.213396	0.420510	0.420510
200.239831	-0.007672	-0.007672
196.856918	0.350698	0.350698
200.750496	-1.338079	-1.338079
200.858379	0.655841	0.655841
199.669335	0.506503	0.506503
200.994299	0.540740	0.540740
198.422797	-0.953939	-0.953939
199.913937	0.256064	0.256064
199.659897	-0.132609	-0.132609
200.417920	-0.097531	-0.097531
198.101753	0.642528	0.642528
199.824398	-0.399304	-0.399304
200.449135	0.003958	0.003958
199.914063	0.798294	0.798294
200.129855	0.183709	0.183709
202.601516	1.452564	1.452564
199.552603	-0.695016	-0.695016
196.745168	1.834369	1.834369
200.058172	0.420591	0.420591
200.313278	-0.237832	-0.237832
200.863681	0.115297	0.115297
200.314361	0.354093	0.354093
200.025336	-0.253449	-0.253449
200.160679	0.184891	0.184891
197.152317	0.481373	0.481373
199.657354	0.674992	0.674992
199.308340	-0.024927	-0.024927
-297.759754	298.916492	-0.083508
-298.989286	298.555995	-0.444096
-299.149251	298.495554	-0.505013
-298.593018	300.169549	1.169333
-299.182273	299.475435	0.470986
-299.869669	299.010798	0.001229
-298.247527	299.723770	0.705853
-301.131803	298.694905	-0.309473
-298.841092	299.154845	0.150438
-298.999771	299.929581	0.898004
-299.977101	299.991723	0.985223
-300.507177	300.821064	1.753312
-299.158016	297.260012	-1.801855
-299.741944	298.686759	-0.320015
-299.451842	299.330039	0.317908
-299.803440	298.912083	-0.166938
-298.508705	298.866877	-0.137582
-298.351200	298.869012	-0.142730
-299.286086	298.646660	-0.363182
-299.102500	298.643334	-0.379572
-299.255683	299.039426	-0.370497
-298.806581	298.519420	-0.520391
-298.355246	298.929787	-0.093162
-299.652734	299.016882	-0.007159
-299.073804	298.774726	-0.743448
-300.106935	298.944006	-0.089478
-301.399004	298.982542	-0.523702
-299.137194	299.366127	0.354160
-299.877803	299.089747	-0.022779
-298.980839	299.063056	0.015748
-299.694470	298.926091	-0.201526
-299.046057	300.038205	1.001411
-299.522088	300.367046	1.192571
-299.675677	299.017441	-0.072446
-299.184890	299.372154	0.326129
-296.526049	299.058625	-0.137053
-299.484598	298.759057	-0.254041
-298.768966	298.955836	-0.131549
-298.758937	298.744082	-0.391204
-298.750216	299.449978	0.348478
-297.305456	301.047300	1.962200
-299.081891	298.971838	-0.117468
-299.066871	298.786593	-0.246890
-299.525934	298.662364	-0.649570
-298.969066	298.849257	-0.954525
-299.219553	299.338462	0.106822
-298.945354	302.012121	2.827172
-298.405934	299.200962	-0.026045
-299.786295	299.207386	-0.253348
-150.075602	79.037218	-220.000942
-298.895753	298.696383	-0.368258
-300.640103	300.012129	0.928559
-299.618949	298.959080	-0.141635
-299.491753	298.318780	-1.044055
-298.890112	298.655179	-0.519894
-299.429178	298.718057	-0.339125
-298.918696	299.624024	0.469946
-297.639061	298.572979	-0.939238
-299.568615	298.955857	-0.094758
-299.194664	299.215414	0.108085
-299.541103	299.030593	-0.458587
-298.193950	299.054121	-0.227903
-299.005485	298.888468	-0.526330
-299.357389	298.909008	-0.872474
-298.933150	297.654879	-1.516751
-298.407135	299.514471	0.249103
-299.070693	299.068148	-0.204118
-299.063001	298.781826	-0.595002
-299.743575	299.787114	0.509993
-299.233858	298.985225	-0.541128
-299.302748	298.592455	-0.931243
-299.161914	300.905468	1.775630
-298.918392	299.053304	-0.245756
-299.043931	299.155197	-0.042086
-296.873244	300.446798	1.295155
-299.138573	299.033160	-0.478776
-299.080698	299.425134	0.355985
-299.376450	298.946501	-0.868408
-311.077406	303.189727	3.946471
-298.066070	299.194622	0.044766
-299.313567	299.157846	-0.061652
-298.675634	298.905708	-0.660116
-298.795084	299.006686	-0.825128
-299.939324	298.985117	-0.203425
-298.531511	299.464252	-0.035070
-300.013608	299.854948	0.658622
-296.909906	298.948215	-0.406732
-298.696536	299.908352	-0.356489
-299.187258	299.300381	-0.022898
-298.810223	298.871893	-0.399168
-298.889664	299.244351	-0.163813
-299.438649	299.007459	-0.181394
-299.469916	299.030160	-0.363269
-298.955691	299.148591	-0.455742
-299.216205	299.345117	0.010026
-299.051158	299.891469	0.391310
-298.118628	298.081007	-1.681895
-299.167895	298.980817	-0.209440
-299.265553	299.070804	-0.554106
-291.864282	302.647243	3.534421
-299.772239	299.201241	-0.358535
-299.222215	300.083691	0.730655
-299.025089	299.087219	-0.212226
-299.613335	299.364562	-0.207247
-300.013589	299.819616	0.172249
-299.433554	299.632174	-0.116965
-299.527861	299.326465	-0.130068
-299.431181	299.382376	0.033939
-299.187884	299.312633	0.266576
-299.129687	298.917958	-0.622267
-298.795050	299.442746	-0.851022
-299.863597	299.203307	0.004199
-295.968066	298.669084	-0.944510
-299.872759	299.234618	-0.180154
-299.720452	299.037060	-0.077732
-298.682020	299.448332	0.380339
-298.980116	299.414239	0.193532
-298.247991	299.364116	0.101472
-285.640252	290.698411	-9.045055
-298.735292	298.684754	-0.503171
-298.397630	299.237121	-0.043343
-299.132419	298.913937	-0.650667
-298.493027	299.758664	-0.380993
-299.569852	299.669963	-0.157024
-298.517049	298.994673	-0.570121
-299.433028	299.514640	0.070789
-299.642088	299.641317	-0.392518
-299.375025	298.805688	-0.670533
-299.087842	299.995183	0.069209
-300.751011	298.937374	-0.363288
-298.268581	299.215540	-0.218267
-298.840292	299.931962	0.609461
-298.544943	299.060054	-0.391732
-304.446541	301.917437	2.283658
-297.895178	299.255878	-0.078605
-300.379079	299.222332	-0.511678
-296.452516	299.698995	0.240286
-298.798203	299.101346	-0.501068
-299.275601	299.470329	-0.382552
-299.017257	299.644996	0.105948
-298.823250	299.404877	-0.347187
-298.963930	298.942337	-0.556923
-298.885936	299.081132	-0.706087
-299.551382	298.543208	-1.120916
-299.440182	299.240841	-0.437441
-298.216263	295.417318	-3.993899
-298.991810	299.547973	-0.355149
-300.186069	299.025977	-0.404904
-298.727410	299.385222	-0.108475
-299.258234	298.801399	-0.581938
-299.603192	299.605936	-0.014262
-299.720286	299.128762	-0.260825
-299.156440	299.537777	-0.241641
-298.945003	299.712159	-0.457208
-299.277941	299.491147	0.086519
-298.339936	299.293496	0.029429
-300.001620	299.097262	-1.256313
-299.081999	299.435505	0.311316
-299.002602	299.519767	0.119871
-299.212417	299.459465	-0.051957
-298.678529	299.313575	-0.204117
-298.800596	299.512306	0.342105
-298.642048	299.798655	0.289038
-305.818404	299.646359	0.121658
-299.406716	299.346260	-0.211675
-298.797956	299.782569	-0.805261
-299.545970	299.587309	0.066540
-298.898386	299.635559	-0.381793
-295.348416	302.969006	3.058069
-297.966991	299.595744	-0.055882
-299.387115	299.290726	-0.410502
-299.288194	299.529374	-0.709771
-298.893235	299.001722	-0.942935
-298.705393	299.391173	-0.441869
-299.069998	299.313168	-0.332263
-298.239935	299.931180	-0.909273
-298.647443	299.815936	-0.338800
-298.966032	299.619523	0.239360
-298.790566	299.657109	-0.640771
-299.303760	299.600355	-0.551001
-298.743038	299.478076	-0.070483
-298.866457	300.029338	-0.404757
-299.163310	299.641437	-0.063733
-298.853306	299.742511	-0.168230
-299.187603	299.698641	-0.285636
-299.183402	298.858483	-0.561402
-299.119126	299.570699	-0.557018
-299.671125	299.390423	-0.423208
-299.343692	299.933879	-0.718691
-299.427343	299.200325	-0.231279
-298.827727	299.521617	-0.453410
-299.605413	299.407704	-0.403734
-298.208517	299.484788	-0.053594
-298.962867	300.022303	-0.120633
-298.415757	299.360323	-0.731877
-298.859082	298.837871	-0.597772
-299.420594	298.962347	-0.504083
-298.542705	299.402799	-0.045407
-299.760688	299.450307	0.025997
-299.223586	299.420925	-0.588685
-298.474481	299.437500	-0.500459
-299.599222	299.773593	-0.797132
-299.385294	299.731077	-0.413556
-299.187234	299.706025	-0.199352
