224.845138	-13.728035	-10.400808
222.863182	-6.301580	-0.451884
214.925712	14.106169	5.642180
207.589779	-6.170221	-9.696773
815.843164	-192.721880	-195.984034
196.616332	11.970741	1.300900
195.905044	27.230116	14.188078
211.809322	21.306702	29.443588
248.513537	0.557963	-11.893871
212.023780	-11.144682	-12.657148
215.241364	-25.982431	-24.284174
83.741893	91.130350	-35.077568
241.473450	-1.967179	-7.062129
250.086073	120.785782	123.449127
221.264453	2.515625	2.657179
209.972245	10.341041	14.194651
204.723069	7.527521	8.197076
231.922315	42.436561	33.881253
180.815719	39.044184	25.495577
-3772.163608	26046.117221	26046.099028
207.266582	-13.322918	1.003630
218.753969	18.114300	13.219953
219.295816	19.691410	13.242741
216.557315	31.628861	17.111652
183.481543	32.037686	25.604529
173.453399	-86.759840	-92.440878
372.979974	188.118487	182.033583
245.172121	43.458533	44.974626
235.308666	66.968250	51.400527
395.398245	-56.362277	-75.450445
218.043966	-4.711737	1.472221
218.894996	-10.657289	-9.792798
47.353946	731.337114	728.958572
247.932229	-35.684580	-35.638842
151.642065	-16.352447	14.394560
220.514299	-9.451606	-6.609691
154.880806	3.761958	6.378550
247.713072	-47.388155	-24.128064
187.556698	10.773752	-43.420691
-61.722341	-70.937607	-74.016114
217.889645	-23.827659	-20.999327
246.086584	24.133808	26.010492
236.479814	-23.788017	-23.214174
184.362754	8.415305	4.819008
234.651117	-52.395658	-58.558258
350.302017	14.918622	10.527050
180.229283	-6.556922	-4.629264
232.829421	-15.782009	-19.016350
205.709847	-17.577841	-18.432175
256.072652	7.054058	-14.642079
243.555829	30.864086	18.749540
190.507143	0.082393	12.567567
179.598499	20.271937	18.678952
230.631994	35.173493	31.725092
191.947171	-51.007996	-53.909354
211.625953	-4.872147	-3.106777
175.070593	13.733962	8.629649
116.534148	-49.563927	104.157334
215.380661	-17.660636	-8.881027
265.033136	1.880690	-12.541285
306.146478	103.897317	172.537840
202.573495	-5.499798	-4.366044
185.745127	-23.668224	-19.539484
242.196646	-19.286204	-24.993997
207.885140	-37.817571	-29.227921
237.025298	49.300552	35.944773
242.618330	22.349561	15.988518
102.471575	155.101697	149.240166
270.450101	-78.941079	225.598076
227.471351	-12.764160	-17.690357
186.218227	-38.761989	-20.258108
210.105770	-106.474975	9.834549
361.005314	-731.090432	-640.341623
214.888518	-26.623513	-24.402265
221.893372	50.218541	39.200974
232.183370	29.042990	7.864165
216.125421	-28.985969	-26.262999
218.577914	22.599963	1.708647
217.661845	93.067606	63.072881
197.019107	54.849794	43.753247
144.500799	-37.542652	-41.223943
246.469948	30.121894	18.851647
394.451542	214.653979	207.569188
213.094286	-31.238510	-22.920279
298.818886	-71.420838	-92.906862
187.587507	7.287973	7.674297
242.030117	-14.536539	-17.174371
230.592580	-23.317208	-18.999459
215.528561	-38.324668	-29.288429
195.060509	10.804164	5.049740
316.109565	-56.618719	-64.616742
254.383236	16.457056	-3.934299
220.854364	-25.827990	-23.396773
244.722909	32.276680	20.546102
503.960146	-132.441978	-135.236223
166.241565	-7.257918	15.231493
169.289031	12.957203	12.111574
247.709816	2.807289	-5.585460
209.200987	-7.074474	-0.231620
205.312904	12.855227	-1.797941
592.678661	-110.950223	-116.220114
186.554325	3.112054	1.929169
343.697692	28.630864	22.286205
157.184531	46.769102	27.186347
201.882123	19.567549	16.130971
213.061532	-28.871973	-27.512310
200.438975	-1.527455	1.462496
231.024015	-19.288284	-27.169494
71.847198	591.361539	493.305466
231.437858	50.643989	55.140292
-1395.389910	-610.583837	1232.374458
516.608381	20.174728	13.433601
204.601305	7.252627	5.112680
298.418846	149.148888	139.506313
192.496656	-0.315152	1.464090
169.571727	-30.289049	-44.128373
240.062333	1.649465	-8.599557
196.079180	42.089458	24.946154
227.689815	-3.006747	-2.740534
195.443481	29.708499	13.275765
191.028694	83.116446	71.162557
280.843542	-21.287194	-24.124104
194.440510	-26.163608	-22.174270
187.735341	-37.200916	-22.886789
230.904828	-25.730726	-17.631784
226.932369	-6.953652	-7.457945
210.173530	-28.599545	-22.376464
197.326642	31.460352	15.514240
616.842816	-1875.205365	-1875.475057
238.575052	-28.760722	-34.364500
197.206179	42.707737	14.802218
240.317780	-30.539566	-31.606287
-750.045321	-585.492058	-587.615840
179.856545	14.628903	14.197175
74.858587	195.306336	46.408474
227.106735	-6.486479	-5.234128
198.122969	83.299340	77.225960
296.349413	25.439420	26.558656
213.203651	-34.856992	-27.062328
179.056880	33.876275	31.651149
-8548.372447	12017.956328	12017.936182
221.021254	-0.791150	-2.248523
52.190818	-18.605130	-22.571332
231.540151	-13.187957	-17.063941
224.915039	23.143663	20.791823
128.589202	79.930372	77.442891
-970.316689	86.706095	-452.318749
-1121.790732	-137.405648	-159.535538
222.796236	7.289884	2.149815
244.336912	-16.563044	-16.192346
219.407925	81.107156	65.205264
293.523907	101.939427	134.854463
103.102995	-41.692010	-44.107029
218.691340	-16.495254	-9.748536
210.370572	-11.255108	-0.885700
188.006271	5.840782	6.929161
230.783632	4.735169	5.744438
185.640210	-39.768950	-21.291589
322.255662	61.426893	-77.412755
170.712101	-32.692204	-23.125517
266.848801	43.109620	-13.137926
273.918413	25.062340	18.145025
273.525259	-9.190249	-18.181078
217.786401	71.954229	66.683485
214.219183	-16.783808	-14.871011
235.526009	1.888908	-5.404882
226.335628	-3.962057	-4.872909
236.369435	-122.133511	-116.107573
226.209106	2.396059	1.589811
452.955872	10.301521	7.450496
253.090696	-25.593877	-24.263881
199.374004	-11.088654	-1.599047
202.647290	12.787331	9.293173
153.117151	-97.027571	-93.241855
915.428158	-1036.825821	-1114.107018
179.092662	7.642765	11.174530
226.789134	24.152877	20.723589
247.754756	22.701868	16.880913
188.770060	60.820505	51.061704
197.809752	-79.652516	-33.761749
227.169623	-1.722882	4.458124
235.973109	49.190143	33.835315
236.056789	50.725944	26.457274
134.209733	79.801638	73.626928
145.966036	52.204075	45.246765
140.653642	0.554581	-20.383237
257.664064	-11.366454	-13.014858
34.051725	51.145171	47.426864
209.126031	15.485483	7.835251
255.982538	-14.776920	-12.876862
145.242188	9.525095	8.061647
105.679732	2.559838	8.168693
207.545995	0.431749	-0.883923
214.926936	-24.120954	-18.888957
1121.462689	-482.033416	-493.267163
245.362992	67.166300	73.317021
240.116867	-27.664648	-28.360012
252.569392	28.400052	13.974813
214.242452	46.695442	20.421816
155.957035	17.547951	15.986923
239.025417	-0.633571	-2.856753
780.439605	-76.351950	-81.406564
191.389477	-0.984551	-19.380017
165.419664	-14.649481	10.663952
-248.898521	344.885124	49.478195
-288.562925	299.295414	-3.518467
-286.156237	313.392324	-64.743712
-306.723482	323.186426	-21.787045
-300.885921	334.932984	-10.012833
-277.041090	311.330495	-19.153638
-297.763105	319.294925	-38.932468
-303.864740	320.838989	-24.916733
-303.588587	330.394677	-14.635721
-306.303802	343.509746	-12.666778
-291.211232	323.276614	-14.807368
-300.727863	322.866414	-23.386004
-434.691943	269.423626	-142.032027
-289.477539	315.354196	-9.227556
-304.187807	362.899844	-10.061640
-285.148953	284.325787	-47.486066
-269.554266	306.109423	-66.139702
-288.076091	323.951142	-54.293109
-252.260494	311.509820	-9.665702
-313.608674	354.275555	-23.538730
-303.272554	332.973390	-16.654662
-294.547310	302.964294	-48.519238
-298.705761	324.758793	-30.353782
-258.464936	322.155071	-2.806752
-279.034227	306.896595	-16.248158
-304.393445	325.100465	-11.506726
-436.964875	273.079963	-194.415071
-312.074518	362.604015	-13.832432
-303.959197	302.084013	-257.483614
-290.116398	318.607121	-17.290424
-302.937112	332.719071	-15.524924
-165.721952	635.534285	-680.484610
-297.913870	321.128815	-21.567407
-267.037839	332.138269	-17.131254
-307.467586	367.083298	-16.419387
-304.639326	341.742332	-18.784345
-289.374873	303.384916	-69.687687
-288.719423	337.519819	-21.015014
-234.250420	328.819929	11.045817
-290.526551	290.701675	-57.677182
540.824035	1845.340136	888.694912
-250.259961	275.928623	-95.536181
-274.737677	307.979324	-11.465106
-313.721750	335.860213	-21.710315
-303.340730	332.422191	-13.408425
-298.456286	324.940832	-20.494165
-251.475231	478.562579	157.335061
-305.775987	298.924860	-43.785624
-292.169026	326.678998	-17.189197
291.316684	-542.337067	-827.457014
-299.601038	296.649825	-38.574113
-416.455127	450.142132	-10.859361
-295.799425	350.492331	-19.976025
-227.735052	313.169170	-42.640588
-298.137988	294.437024	-75.160910
-311.097741	321.662464	-55.712380
-310.510158	316.608904	-12.031576
-281.726027	281.627796	-25.702534
-308.891727	323.511327	-58.347283
-314.029094	322.454071	33.942033
-269.685458	321.501589	-8.373839
-306.654911	342.248597	-15.436600
-287.622184	322.121560	-24.074228
-300.436099	323.558107	-21.367133
-331.450614	324.811746	-209.127131
-317.187415	319.899114	-33.488924
-295.055071	328.689718	-20.243101
-273.508292	316.618282	-2.719073
-296.704546	321.282271	-17.326300
-293.522684	298.847833	-53.130188
-295.921585	280.482796	-135.362084
-298.809125	322.506606	-13.698972
-293.405959	286.392192	-42.722992
-317.183423	344.720923	-17.882134
-301.239783	298.031177	-42.995122
-296.696091	334.385017	-18.106428
-318.603451	330.664482	-22.651191
-303.246597	302.556485	-46.298845
-45.304733	210.910171	-74.891088
-308.678776	342.986073	-18.671832
-276.434998	328.398108	-24.849676
-304.136703	303.108770	-38.315552
-302.800406	331.127945	-14.828435
-303.939985	310.509239	-7.144096
-306.900811	341.680949	-17.830086
-348.318855	323.273541	-14.801985
-291.533258	312.099728	-24.405909
-279.863360	323.201054	3.671493
-300.423553	335.967919	-10.768599
-232.730200	302.408277	-56.375574
-288.079121	324.241282	-18.457525
-294.605355	298.029784	-49.758011
-297.897320	325.676106	-25.555548
-534.808728	338.219595	-614.346662
-340.548122	295.945758	-69.987733
-302.714580	331.498871	-17.290679
-295.409272	308.697367	-29.234165
-286.977994	284.394881	-62.679304
-299.519822	337.781650	-11.978616
-246.851917	319.523340	-7.057848
-317.195892	332.683954	-22.212988
-185.662960	557.591575	97.817783
-308.596177	331.349927	-15.257795
-295.359058	317.517196	-15.104111
-303.840925	387.501563	-30.097946
-283.418419	296.964283	-51.650013
-277.348162	328.244680	-17.264151
-300.591614	319.635130	-29.288785
-307.266255	340.568372	-17.303046
-305.567276	315.864209	-26.698734
-281.599315	331.169255	-20.213985
-278.186747	278.787244	-49.459530
-276.784688	312.593733	-18.718230
-301.235813	335.814440	-12.488597
-299.638680	334.807789	-11.131968
-314.452397	355.670879	-23.481888
-298.090759	365.217967	-16.342437
-296.118411	323.469592	-18.302143
-231.611217	235.728724	-80.318989
-294.832398	302.071066	-54.544040
-317.664231	346.919265	-19.266409
-286.410570	295.859384	-51.480129
-308.093126	342.033310	-16.907584
-282.756956	348.022602	-26.370725
-303.214660	300.035935	-48.331034
-308.395900	341.713688	-16.842449
-311.585632	357.195254	-23.335845
-283.677544	287.669724	-56.931189
-300.011468	321.967310	-25.113461
-322.788581	307.937713	-34.469718
-308.999663	316.179680	-14.961009
-307.160087	332.182337	-14.155435
-277.202828	295.791567	-53.245824
-476.922299	568.825720	-1091.913143
-294.414326	298.515664	-49.963956
-287.066742	294.836116	-22.550993
-294.328104	234.107704	-44.298946
-295.116003	364.331831	-46.582775
-289.532431	312.155673	-49.052811
-288.458057	377.747527	-3.343876
-305.001593	341.531885	-18.822638
-289.895299	303.716959	-52.318756
-292.940996	297.579813	-32.584893
-404.780426	212.467181	-116.904186
-286.107389	313.716959	-64.909579
-255.721584	201.715907	-125.892305
-287.184373	339.717092	-8.878556
-294.601082	326.149654	-21.209666
220.033593	158.639028	-14.812668
-299.843234	322.690993	-31.742184
-302.112562	309.346376	-48.337017
-270.302994	328.816470	-47.964953
-271.298777	222.538712	-135.802780
-291.744546	333.292229	-9.411536
-297.933901	340.977871	-13.052355
-302.511474	320.076631	-13.792980
-276.369384	314.169263	-38.554252
-308.437960	340.517805	-18.466439
-300.263109	337.271150	-10.611070
-299.030768	326.480072	-20.612678
-285.718292	299.156161	-52.539068
-305.655445	352.243072	-15.490973
-316.723446	340.121997	-17.221629
-266.546311	307.870698	-33.320268
-294.654685	336.507767	-7.054441
-286.302436	103.761639	35.028440
-298.993574	330.858422	-12.035561
-292.366426	314.562290	-14.779546
1196.489515	1189.252345	-12370.516546
-292.364301	309.894228	-24.778473
-299.370077	302.715990	-1.011402
-386.500835	275.067874	-48.457063
-287.870811	305.193791	-65.316306
-287.188523	283.365877	-47.775368
-296.079073	313.574589	-15.667616
-300.871546	314.153099	-40.769774
-305.591894	333.106034	-17.832199
-307.545951	349.363839	-12.968410
-296.007005	320.401517	-19.660403
-301.450919	332.202866	-16.443174
-283.008708	376.522565	22.939551
-288.573064	338.615654	-20.715214
-297.719525	326.112642	-12.867817
-299.814923	336.771209	-9.997703
-300.206200	328.333259	-12.709272
-286.059983	290.463432	-61.775908
-293.064836	315.151893	-31.184487
-300.396388	320.300129	-42.721685
-290.412955	297.543570	-39.009054
-297.611666	304.517919	20.535593
-272.970827	305.432143	-26.927667
-301.163440	326.397645	-15.557757
-310.506770	319.234310	-14.003453
-255.986435	335.408303	12.592892
-296.122473	328.775129	-15.785362
-265.466544	313.779963	-51.293265
-312.808553	346.494403	-38.477246
-191.781610	371.473360	-119.531234
-300.452225	332.054088	-13.086324
-296.324233	335.850077	-7.504477
-309.042875	327.067728	-9.864075
-277.524418	329.187927	-16.902497
-297.088436	310.694982	-19.905754
-301.825816	345.435793	-17.752536
