0.000834	0.001253	0.001253
-0.010726	-0.005725	-0.005726
-0.000122	-0.000111	-0.000113
0.000396	0.000175	0.000173
-0.000624	0.000005	0.000004
0.002016	0.000134	0.000133
0.000112	0.000162	0.000158
0.000025	0.000017	0.000011
0.038926	-0.032069	-0.032073
0.006015	-0.003257	-0.003258
0.000122	0.000322	0.000320
-0.000386	-0.000627	-0.000629
0.000289	0.000460	0.000458
0.001232	-0.000063	-0.000066
-0.000933	-0.000260	-0.000269
0.000160	0.001486	0.001486
0.001180	-0.000108	-0.000109
-0.000240	0.000082	0.000079
0.000326	-0.000311	-0.000312
0.000255	-0.000303	-0.000305
-0.010089	-0.000335	-0.000339
0.000784	-0.001500	-0.001501
0.000351	-0.026821	-0.026830
-0.003381	-0.000057	-0.000058
0.000158	-0.000613	-0.000614
0.000012	0.000142	0.000142
0.000374	0.000054	0.000051
0.000412	0.000674	0.000668
0.000319	0.000177	0.000176
0.001263	-0.000163	-0.000164
-0.000858	0.000935	0.000934
-0.005082	0.004770	0.004769
0.000396	-0.000050	-0.000052
-0.000245	0.000508	0.000507
0.000431	0.000038	0.000037
0.000355	0.000098	0.000097
0.000911	-0.000783	-0.000784
-0.000263	-0.000000	-0.000001
-0.000303	-0.001171	-0.001172
-0.000440	-0.000239	-0.000240
0.001338	-0.001299	-0.001300
0.000047	-0.000946	-0.000947
0.000355	-0.000027	-0.000028
-0.000216	0.000086	0.000085
0.000318	-0.000214	-0.000215
-0.000326	-0.000622	-0.000623
0.000261	0.000185	0.000184
-0.003344	-0.001364	-0.001370
0.000301	0.000206	0.000198
0.000294	0.000003	0.000002
0.000025	0.000030	0.000026
0.003757	-0.001096	-0.001096
0.000328	0.001589	0.001586
-0.000077	-0.000141	-0.000142
0.000893	0.000343	0.000342
0.000896	0.046113	0.046110
0.000090	0.000109	0.000107
0.000460	-0.001571	-0.001573
0.004934	-0.001620	-0.001628
0.002517	-0.000384	-0.000385
-0.000710	0.000078	0.000078
0.000335	0.001300	0.001299
-0.000201	0.000789	0.000787
-0.001473	0.000206	0.000205
-0.000056	-0.000602	-0.000603
0.000494	0.000654	0.000654
-0.000184	-0.002301	-0.002305
-0.001993	0.001707	0.001707
-0.006146	-0.004716	-0.004720
0.000018	0.000491	0.000488
0.007092	-0.001664	-0.001673
-0.000235	-0.000887	-0.000888
-0.000069	0.000584	0.000584
0.003200	-0.001305	-0.001306
-0.003856	0.002609	0.002607
0.003533	0.004486	0.004485
-0.000451	0.000645	0.000639
-0.000156	0.000314	0.000310
0.000555	-0.000672	-0.000676
0.000844	-0.000140	-0.000140
0.000461	-0.000498	-0.000501
-0.043326	0.036221	0.036217
-0.000799	-0.002841	-0.002842
0.000117	-0.000195	-0.000197
0.000603	-0.000756	-0.000756
-0.000635	0.001088	0.001087
-0.000349	-0.001520	-0.001521
0.003828	-0.001253	-0.001256
0.003646	0.001576	0.001572
0.011254	0.007101	0.007100
0.001309	0.000072	0.000071
-0.000593	0.004702	0.004701
-0.001369	-0.000456	-0.000457
-0.000001	0.000087	0.000081
-0.001128	0.000460	0.000456
-0.000254	-0.000145	-0.000146
-0.001718	0.001829	0.001820
0.001715	0.001111	0.001110
0.000727	0.002064	0.002064
0.001760	-0.000028	-0.000029
0.004298	0.002208	0.002208
0.002474	-0.000774	-0.000774
0.008870	-0.009853	-0.009853
0.001298	0.000244	0.000244
0.002834	-0.004065	-0.004066
-0.000124	0.000184	0.000183
-0.000700	-0.000798	-0.000799
-0.000372	0.000075	0.000074
-0.001089	-0.002533	-0.002534
0.000075	-0.000007	-0.000008
0.000755	0.000177	0.000177
-0.001250	0.000723	0.000721
0.004321	-0.028363	-0.028363
-0.000396	-0.000254	-0.000255
-0.000635	-0.000632	-0.000638
-0.000257	0.000390	0.000389
0.001090	0.000158	0.000157
0.001109	0.000039	0.000034
0.000451	0.001275	0.001274
-0.000261	-0.000638	-0.000639
-0.000010	-0.000176	-0.000177
-0.000910	0.000459	0.000457
0.001558	-0.005608	-0.005608
-0.000388	0.000770	0.000769
0.000677	-0.000715	-0.000716
0.000642	0.000804	0.000803
0.000258	0.000048	0.000046
-0.002056	0.000974	0.000973
0.005643	-0.004831	-0.004835
0.000847	-0.000585	-0.000586
-0.000534	0.000370	0.000368
-0.000451	0.001798	0.001797
-0.000449	0.000421	0.000414
-0.004291	-0.000983	-0.000983
-0.000085	-0.000173	-0.000174
0.000692	0.002300	0.002300
0.000109	-0.000204	-0.000208
-0.005938	0.000118	0.000117
0.005617	0.005983	0.005980
-0.000572	0.000072	0.000068
0.000171	0.000650	0.000645
0.005273	0.000004	-0.000001
0.000697	-0.000174	-0.000175
0.000923	0.002134	0.002133
0.000999	0.000252	0.000251
0.002313	0.001188	0.001187
-0.000477	0.000863	0.000862
0.001829	-0.000724	-0.000725
0.000160	-0.000213	-0.000216
0.000356	0.000133	0.000133
0.001387	0.000065	0.000064
0.000120	-0.000503	-0.000505
-0.006185	0.021582	0.021582
-0.001010	0.001225	0.001216
-0.000830	0.001666	0.001665
0.000627	0.000579	0.000572
-0.000238	-0.000037	-0.000038
-0.014749	0.025292	0.025282
0.000051	-0.000171	-0.000173
-0.001015	-0.000204	-0.000212
0.000249	-0.000370	-0.000371
0.026476	0.029888	0.029887
-0.003128	0.004181	0.004179
0.000369	0.000228	0.000225
-0.000739	0.001356	0.001355
-0.000376	-0.000790	-0.000792
-0.000429	-0.000454	-0.000456
0.001025	-0.000285	-0.000288
0.000134	-0.000786	-0.000787
-0.000501	0.000455	0.000455
-0.002421	0.002424	0.002423
-0.000979	0.000562	0.000556
0.003590	-0.004275	-0.004275
0.001113	0.001615	0.001615
0.003493	-0.001774	-0.001775
-0.000324	-0.000141	-0.000142
-0.000260	-0.000661	-0.000662
0.000275	-0.002205	-0.002205
0.000113	0.000108	0.000104
-0.000597	-0.045618	-0.045621
0.000297	0.000120	0.000118
0.000156	0.000308	0.000308
0.001141	-0.000390	-0.000391
0.000201	-0.000064	-0.000068
-0.001177	-0.000602	-0.000605
0.002642	-0.002191	-0.002192
0.001502	0.000798	0.000797
0.000230	0.000280	0.000277
0.000025	0.000111	0.000110
0.000529	0.000082	0.000079
0.008099	-0.003496	-0.003496
0.000481	0.000078	0.000077
-0.000224	0.000637	0.000636
-0.000315	-0.000459	-0.000467
-0.001136	0.000158	0.000157
-0.000521	0.000933	0.000925
0.002823	-0.000096	-0.000096
-0.000180	-0.000676	-0.000677
-0.001035	0.000915	0.000906
-0.026976	-0.029432	-0.029433
-0.000065	-0.000274	-0.000274
-0.007684	0.010724	0.010724
-0.002790	-0.000235	-0.000236
-0.002458	0.000483	0.000482
-83.997411	84.001816	0.001825
-83.999706	83.997901	-0.002099
-84.000772	84.000937	0.000938
-84.000748	84.000089	0.000092
-84.002144	83.997944	-0.002055
-83.999375	84.000301	0.000302
-84.000143	83.999916	-0.000083
-84.000765	84.000634	0.000636
-83.999956	83.999183	-0.000810
-84.034485	84.048391	0.048392
-84.000657	84.000023	0.000023
-83.998968	83.999710	-0.000289
-84.006731	84.007282	0.007289
-84.000236	84.000170	0.000171
-83.998247	84.001850	0.001851
-84.001488	83.999520	-0.000475
-83.999222	83.999726	-0.000273
-83.999728	83.999671	-0.000328
-83.997334	84.000422	0.000423
-84.001493	83.998120	-0.001879
-84.001388	84.001194	0.001194
-84.000585	83.999218	-0.000777
-84.003188	83.996151	-0.003848
-84.000276	83.999511	-0.000488
-83.999958	83.999898	-0.000099
-84.002086	83.999103	-0.000896
-83.999932	83.999983	-0.000015
-84.001104	84.000990	0.000993
-84.000502	83.999471	-0.000528
-83.999037	84.000771	0.000772
-84.000923	84.000249	0.000250
-83.999886	83.999616	-0.000383
-84.003266	83.997981	-0.002017
-83.999079	84.000958	0.000961
-84.000622	83.999117	-0.000881
-84.000978	84.000247	0.000247
-84.000298	83.999709	-0.000287
-84.000281	83.999575	-0.000421
-83.998500	83.999494	-0.000506
-84.001484	83.999989	-0.000010
-83.998931	83.999397	-0.000602
-83.996417	83.996435	-0.003564
-83.925842	84.000910	0.000913
-83.999921	84.000921	0.000928
-84.002530	84.000214	0.000217
-84.001517	84.000374	0.000374
-84.000511	83.999415	-0.000579
-84.000459	83.999840	-0.000159
-84.001297	84.000732	0.000732
-83.997235	84.000000	0.000000
-84.000841	83.999260	-0.000740
-83.999668	84.000249	0.000250
-84.000152	83.999431	-0.000566
-84.000207	83.998068	-0.001932
-83.999414	83.999542	-0.000456
-83.997791	83.994749	-0.005243
-83.999920	83.999737	-0.000262
-83.999148	84.001409	0.001410
-83.999393	84.000105	0.000109
-84.000909	84.000158	0.000159
-84.001173	84.000187	0.000187
-84.005808	84.001925	0.001925
-84.000302	84.000040	0.000041
-83.998782	84.001591	0.001600
-83.999488	83.998891	-0.001106
-84.007205	84.004015	0.004015
-83.998594	84.000863	0.000864
-83.999593	83.999312	-0.000687
-84.000201	83.999995	-0.000002
-83.999629	83.999507	-0.000490
-83.995946	84.006597	0.006597
-84.002984	83.999531	-0.000469
-84.000322	84.000413	0.000418
-84.000731	84.000512	0.000513
-84.001007	84.000101	0.000101
-83.999058	83.999559	-0.000440
-84.001627	83.999748	-0.000247
-83.998433	83.999732	-0.000267
-83.999703	83.999596	-0.000403
-83.999537	83.999928	-0.000071
-83.999211	84.000802	0.000803
-84.000129	84.000569	0.000570
-83.999035	83.999541	-0.000457
-83.999568	83.999513	-0.000487
-83.999896	84.000162	0.000165
-84.001248	84.000645	0.000647
-83.999969	83.999969	-0.000030
-84.000964	84.000654	0.000654
-84.004209	84.009915	0.009919
-84.002128	84.002564	0.002563
-83.999745	83.999973	-0.000026
-83.999485	83.998664	-0.001336
-83.999405	84.000486	0.000486
-84.000733	84.000138	0.000146
-83.998768	83.999648	-0.000351
-83.999518	83.999407	-0.000588
-84.002706	84.000533	0.000538
-83.999029	84.000755	0.000761
-84.001468	83.998369	-0.001630
-84.000974	84.000611	0.000611
-84.000078	83.999918	-0.000081
-83.998274	84.000848	0.000849
-84.000809	83.999804	-0.000192
-84.000418	83.999562	-0.000436
-84.001336	83.999684	-0.000316
-83.999849	84.000155	0.000156
-84.002940	84.002383	0.002384
-84.000117	83.999792	-0.000206
-84.000568	83.999777	-0.000223
-84.000314	83.999066	-0.000933
-84.001500	84.002204	0.002202
-83.999366	84.000198	0.000198
-84.000101	84.000153	0.000153
-84.000813	83.999959	-0.000040
-84.000350	83.999992	-0.000008
-83.999213	84.000227	0.000229
-84.000137	83.999230	-0.000768
-83.999613	83.999231	-0.000768
-84.001287	84.000599	0.000599
-84.000098	84.000380	0.000380
-83.999388	83.999917	-0.000083
-84.003753	83.999656	-0.000345
-83.970126	83.951540	-0.048603
-84.003481	84.001286	0.001285
-84.001199	84.000320	0.000320
-83.999887	83.999927	-0.000071
-83.999905	84.000239	0.000241
-83.998920	84.000058	0.000059
-84.000199	83.998997	-0.001003
-83.999815	84.000015	0.000016
-84.000919	84.000556	0.000559
-84.007771	84.001870	0.001869
-84.000438	83.999764	-0.000234
-83.999375	84.001086	0.001086
-83.997554	84.000866	0.000866
-83.999453	83.998321	-0.001676
-83.996879	83.997244	-0.002760
-84.000066	84.000264	0.000266
-83.998814	84.000875	0.000875
-83.991484	83.991222	-0.008786
-84.116168	83.888385	-0.111614
-84.072638	84.063809	0.063811
-84.000501	84.000061	0.000063
-84.001701	83.999696	-0.000296
-83.998521	84.003429	0.003428
-83.999958	83.999920	-0.000078
-83.999677	83.999818	-0.000181
-84.002837	84.002157	0.002162
-84.000032	83.999700	-0.000298
-84.004253	84.000137	0.000136
-83.876594	84.109039	0.108449
-84.004306	83.998991	-0.001010
-84.001111	83.998218	-0.001777
-84.000674	83.999547	-0.000453
-83.998905	83.998608	-0.001391
-84.000356	83.999399	-0.000600
-84.000757	84.000031	0.000031
-84.000088	84.000274	0.000274
-83.999818	84.000588	0.000589
-84.071729	84.002735	0.002604
-83.999328	83.999575	-0.000424
-83.999819	83.999879	-0.000121
-83.999907	84.000478	0.000480
-83.999912	84.000231	0.000232
-84.000267	84.000463	0.000464
-83.997680	84.000807	0.000812
-83.999701	83.999257	-0.000743
-84.002471	84.000251	0.000253
-84.000927	83.998666	-0.001326
-83.999440	83.999920	-0.000080
-83.998561	84.000909	0.000910
-83.999524	83.995785	-0.004209
-83.998732	84.000088	0.000089
-83.998779	84.000349	0.000357
-84.000824	83.999472	-0.000527
-83.999804	83.999535	-0.000464
-83.925744	83.937621	-0.062646
-83.998221	84.003162	0.003162
-83.999645	83.998783	-0.001217
-84.001436	84.000205	0.000206
-83.999734	83.999958	-0.000040
-84.001414	84.001053	0.001051
-83.995169	83.999076	-0.000920
-84.000215	83.999775	-0.000224
-83.994225	83.993495	-0.006511
-83.991465	84.003832	0.003826
-84.000355	84.000765	0.000766
-83.999692	84.000111	0.000111
-84.000272	84.000564	0.000564
-83.999304	84.000125	0.000126
-84.001403	83.999015	-0.000983
-83.999967	83.999506	-0.000492
-84.000713	84.000994	0.000994
-84.001498	84.001296	0.001302
-83.999690	83.999799	-0.000194
-84.000815	84.000826	0.000826
-84.000463	84.000009	0.000011
-83.999162	83.999646	-0.000350
-84.000022	83.999963	-0.000036
-84.000440	83.996972	-0.003030
-84.004090	83.993384	-0.006623
-83.999867	84.000194	0.000196
-83.994999	84.000268	0.000276
-84.000019	84.000165	0.000166
