0.009268	0.013968	0.013870
-0.123891	-0.066634	-0.066790
-0.000948	-0.000967	-0.001353
0.004468	0.002187	0.001959
-0.006850	0.000312	0.000081
0.022598	0.001567	0.001403
0.001416	0.002387	0.001774
0.001459	0.001199	-0.000779
3.210573	-2.344103	-2.345508
0.067852	-0.036290	-0.036435
0.001393	0.003771	0.003577
-0.003733	-0.006472	-0.007096
0.003621	0.005231	0.004864
0.014101	-0.000285	-0.000831
-0.009530	-0.001360	-0.003538
0.001836	0.016538	0.016454
0.013178	-0.001150	-0.001246
-0.001979	0.001329	0.000593
0.003663	-0.003220	-0.003415
0.003368	-0.003063	-0.003599
-0.111057	-0.002608	-0.004044
0.008839	-0.016573	-0.016694
0.031525	-0.369261	-0.372065
-0.037171	-0.000604	-0.000762
0.001874	-0.006633	-0.006772
0.000257	0.001746	0.001585
0.004336	0.001040	0.000595
0.005478	0.008536	0.006866
0.003724	0.002132	0.001938
0.014100	-0.001736	-0.001833
-0.009269	0.010409	0.010237
-0.057381	0.053724	0.053614
0.004856	-0.000291	-0.000743
-0.002527	0.005652	0.005526
0.004981	0.000541	0.000366
0.004181	0.001156	0.000967
0.010365	-0.008613	-0.008836
-0.002630	0.000073	-0.000138
-0.003282	-0.012826	-0.012934
-0.004747	-0.002554	-0.002655
0.015039	-0.014335	-0.014499
0.000835	-0.010408	-0.010651
0.004164	-0.000197	-0.000378
-0.002175	0.001100	0.000916
0.003598	-0.002170	-0.002344
-0.003339	-0.006854	-0.007067
0.002986	0.002180	0.002057
-0.036346	-0.014103	-0.015717
0.004276	0.003647	0.001543
0.003305	0.000233	0.000060
0.001127	0.000930	-0.000140
0.041728	-0.012113	-0.012251
0.003711	0.018046	0.017597
-0.000523	-0.001410	-0.001674
0.010076	0.004017	0.003786
0.032715	14.028413	14.021274
0.001409	0.001671	0.001126
0.005448	-0.017347	-0.017648
0.055657	-0.016512	-0.018864
0.027984	-0.004206	-0.004302
-0.007705	0.000964	0.000843
0.003742	0.014579	0.014401
-0.002195	0.009007	0.008746
-0.016175	0.002372	0.002265
-0.000286	-0.006436	-0.006736
0.005643	0.007310	0.007181
-0.001190	-0.025094	-0.026191
-0.022097	0.019045	0.018960
-0.069100	-0.052947	-0.053662
0.000687	0.005890	0.005296
0.081578	-0.017692	-0.020290
-0.002568	-0.009649	-0.009794
-0.000704	0.006585	0.006480
0.035584	-0.014417	-0.014501
-0.042755	0.029307	0.029036
0.038755	0.049814	0.049709
-0.004221	0.008208	0.006716
-0.000828	0.003950	0.002826
0.006507	-0.006812	-0.007516
0.009390	-0.001431	-0.001528
0.005794	-0.005272	-0.006077
-3.260618	2.393262	2.392026
-0.008780	-0.031642	-0.031787
0.001626	-0.001974	-0.002258
0.006785	-0.008270	-0.008369
-0.006996	0.012201	0.012046
-0.003712	-0.016718	-0.016826
0.043177	-0.013511	-0.014527
0.041250	0.017718	0.016587
0.130148	0.081912	0.081758
0.014572	0.000865	0.000782
-0.006545	0.052549	0.052406
-0.015075	-0.004911	-0.005025
0.000633	0.002069	0.000631
-0.012295	0.005764	0.005063
-0.002539	-0.001318	-0.001625
-0.018020	0.021919	0.019203
0.019302	0.012371	0.012125
0.008149	0.022930	0.022848
0.019571	-0.000226	-0.000320
0.047772	0.024736	0.024655
0.027487	-0.008466	-0.008568
0.103782	-0.115845	-0.115951
0.014437	0.002778	0.002699
0.031842	-0.045208	-0.045520
-0.001178	0.002158	0.002002
-0.007641	-0.008553	-0.008799
-0.003927	0.000899	0.000761
-0.011745	-0.028045	-0.028295
0.001063	0.000112	-0.000109
0.008466	0.002037	0.001948
-0.013467	0.008061	0.007741
0.058318	-0.383907	-0.384012
-0.004142	-0.002675	-0.002867
-0.005875	-0.006247	-0.008147
-0.002531	0.004535	0.004245
0.012120	0.001863	0.001762
0.013001	0.001367	0.000080
0.005104	0.014192	0.014091
-0.002799	-0.006984	-0.007071
-0.000042	-0.001782	-0.001921
-0.010022	0.005392	0.005091
0.017502	-0.062552	-0.062662
-0.004199	0.008603	0.008514
0.007679	-0.007845	-0.007984
0.007149	0.009016	0.008904
0.002924	0.000756	0.000552
-0.022704	0.010998	0.010794
0.062351	-0.052765	-0.053988
0.009645	-0.006414	-0.006637
-0.005564	0.004342	0.004012
-0.004662	0.020025	0.019772
-0.004493	0.005808	0.004401
-0.047677	-0.010818	-0.010901
-0.000751	-0.001858	-0.001992
0.007626	0.025710	0.025578
0.001853	-0.001577	-0.002501
-0.066598	0.001646	0.001496
0.063951	0.068248	0.067560
-0.006061	0.001596	0.000738
0.002453	0.008189	0.006948
0.059558	0.001016	-0.000466
0.007851	-0.001863	-0.001969
0.010243	0.023749	0.023618
0.011157	0.002921	0.002794
0.025633	0.013244	0.013150
-0.005119	0.009627	0.009514
0.020291	-0.007899	-0.007993
0.002522	-0.001921	-0.002771
0.003993	0.001618	0.001495
0.015629	0.000925	0.000662
0.001894	-0.005427	-0.006017
-0.078178	0.308855	0.308750
-0.010258	0.015186	0.012472
-0.009020	0.018598	0.018458
0.007814	0.007615	0.005823
-0.002358	-0.000286	-0.000495
-0.190688	0.356686	0.353872
0.001092	-0.001673	-0.002163
-0.009940	-0.000972	-0.003537
0.002978	-0.003852	-0.004105
0.461195	0.517274	0.517143
-0.034949	0.047164	0.046852
0.004423	0.002909	0.002467
-0.008113	0.015119	0.015011
-0.003479	-0.008532	-0.009330
-0.004328	-0.004973	-0.005360
0.012147	-0.002761	-0.003705
0.001644	-0.008596	-0.008717
-0.005422	0.005182	0.005041
-0.026739	0.027353	0.027242
-0.009630	0.007109	0.005012
0.039979	-0.047469	-0.047550
0.012449	0.017882	0.017777
0.039170	-0.019558	-0.019822
-0.003160	-0.001459	-0.001821
-0.002641	-0.007288	-0.007468
0.003234	-0.024338	-0.024476
0.001719	0.001831	0.001067
3.748644	-1373.659138	-1373.033069
0.003545	0.001749	0.001315
0.001922	0.003483	0.003337
0.012788	-0.004243	-0.004368
0.003257	0.000013	-0.001444
-0.012941	-0.006179	-0.006665
0.029327	-0.024192	-0.024326
0.016712	0.008905	0.008815
0.003100	0.003709	0.002923
0.000406	0.001434	0.001236
0.006437	0.001255	0.000645
0.091075	-0.039510	-0.039618
0.005469	0.000916	0.000810
-0.002357	0.007142	0.007035
-0.002308	-0.003670	-0.006140
-0.012404	0.001797	0.001681
-0.005040	0.011743	0.009787
0.031320	-0.000987	-0.001069
-0.001569	-0.007338	-0.007704
-0.010532	0.011725	0.009250
-0.466428	-0.512018	-0.512150
-0.000571	-0.002956	-0.003061
-0.090410	0.125659	0.125552
-0.030691	-0.002525	-0.002697
-0.026885	0.005417	0.005156
-83.972038	84.018786	0.020927
-83.996801	83.976602	-0.023312
-84.008666	84.010294	0.010389
-84.008413	84.000440	0.000991
-84.023968	83.977118	-0.022726
-83.993130	84.003152	0.003300
-84.001631	83.998842	-0.000952
-84.008499	84.006782	0.007008
-83.999953	83.989800	-0.008765
-101.920866	102.397269	1.420834
-84.007413	84.000186	0.000290
-83.988667	83.996707	-0.003224
-84.038336	84.044282	0.042633
-84.002682	84.001775	0.001870
-83.980661	84.020455	0.020608
-84.017047	83.993827	-0.005089
-83.991570	83.996910	-0.002963
-83.997014	83.996049	-0.003661
-83.970538	84.004577	0.004690
-84.016659	83.979182	-0.020708
-84.015549	84.013127	0.013240
-84.007382	83.990529	-0.008036
-84.035459	83.957128	-0.042767
-84.003174	83.994363	-0.005422
-83.999796	83.998293	-0.001103
-84.023279	83.989833	-0.009939
-83.999457	83.999447	-0.000185
-84.012683	84.010521	0.011079
-84.005583	83.994030	-0.005864
-83.989517	84.008432	0.008568
-84.010561	84.002694	0.002975
-83.998959	83.995627	-0.004192
-84.036113	83.977650	-0.022109
-83.989932	84.009993	0.010632
-84.007135	83.989881	-0.009755
-84.010941	84.002680	0.002771
-84.003747	83.996148	-0.003104
-84.003888	83.994729	-0.004227
-83.983572	83.994332	-0.005556
-84.016642	83.999839	-0.000000
-83.988207	83.993168	-0.006691
-83.960023	83.960220	-0.039665
-68.191012	138.115581	0.518259
-84.000347	84.008927	0.010790
-84.028860	84.002082	0.002895
-84.016724	84.004238	0.003994
-84.006413	83.992397	-0.006070
-84.005247	83.998155	-0.001719
-84.014474	84.008014	0.008112
-83.969390	83.999963	-0.000057
-84.009365	83.991732	-0.008194
-83.996522	84.002697	0.002829
-84.002470	83.993271	-0.005817
-84.002328	83.978476	-0.021400
-83.993724	83.994534	-0.005069
-83.996760	83.971875	-0.055896
-83.999408	83.996977	-0.002795
-83.990769	84.015541	0.015670
-83.993471	84.000412	0.001208
-84.010180	84.001695	0.001785
-84.013107	84.002016	0.002113
-84.065415	84.021126	0.021229
-84.003549	84.000352	0.000512
-83.987576	84.015920	0.018298
-83.994794	83.987263	-0.012162
-84.081514	84.045884	0.045966
-83.984811	84.009492	0.009787
-83.995652	83.992304	-0.007579
-84.002957	83.999605	0.000385
-83.995961	83.994061	-0.005457
-83.954078	84.074772	0.074863
-84.033244	83.994705	-0.005199
-84.004533	84.004027	0.005255
-84.008362	84.005572	0.005779
-84.011173	84.000993	0.001096
-83.989688	83.995041	-0.004869
-84.018736	83.996302	-0.002467
-83.982858	83.996990	-0.002876
-83.996821	83.995387	-0.004478
-83.995207	83.999074	-0.000662
-83.991532	84.008832	0.009016
-84.001686	84.006213	0.006400
-83.989927	83.994609	-0.004747
-83.995317	83.994502	-0.005398
-83.999413	84.001237	0.001964
-84.014464	84.006860	0.007525
-83.999914	83.999560	-0.000245
-84.010828	84.007174	0.007289
-84.050435	84.114310	0.114786
-84.023717	84.028424	0.028492
-83.997297	83.999585	-0.000301
-83.994542	83.985164	-0.014660
-83.993447	84.005234	0.005358
-84.009066	84.000131	0.002086
-83.986502	83.996021	-0.003881
-83.995291	83.992452	-0.006286
-84.031213	84.005098	0.006692
-83.990157	84.007207	0.008813
-84.016334	83.981876	-0.018046
-84.010880	84.006820	0.006739
-84.000918	83.998961	-0.000924
-83.980852	84.009362	0.009436
-84.009826	83.997402	-0.001589
-84.005275	83.994767	-0.004519
-84.014938	83.996442	-0.003447
-83.998643	84.001640	0.001887
-84.032720	84.026483	0.026528
-84.001671	83.997526	-0.002152
-84.006411	83.997455	-0.002451
-84.003530	83.989574	-0.010337
-84.016944	84.024440	0.024525
-83.993142	84.002070	0.002198
-84.001227	84.001546	0.001678
-84.009158	83.999479	-0.000402
-84.004021	83.999821	-0.000069
-83.991607	84.002103	0.002543
-84.001562	83.991065	-0.008525
-83.995853	83.991383	-0.008497
-84.014335	84.006555	0.006636
-84.001276	84.004163	0.004283
-83.993449	83.999027	-0.000825
-84.041589	83.996097	-0.003805
-106.947967	89.781754	-59.011998
-84.038675	84.014170	0.014268
-84.013376	84.003464	0.003545
-83.999050	83.999010	-0.000732
-83.999293	84.002546	0.002819
-83.988295	84.000523	0.000708
-84.002383	83.988805	-0.011068
-83.998145	84.000095	0.000227
-84.010831	84.006054	0.006659
-84.086297	84.020717	0.020802
-84.004943	83.996958	-0.002624
-83.993329	84.011983	0.012148
-83.973113	84.009487	0.009651
-83.994062	83.980820	-0.018588
-83.965725	83.969155	-0.030793
-84.001154	84.002794	0.003170
-83.987106	84.009642	0.009802
-83.903876	83.897596	-0.101782
-113.078736	98.575645	-7.964146
-102.662963	102.536760	0.962519
-84.005734	84.000385	0.000672
-84.019551	83.995293	-0.002840
-83.983757	84.037936	0.038035
-83.999989	83.998912	-0.000688
-83.996513	83.997852	-0.002025
-84.032336	84.022848	0.024343
-84.000467	83.996388	-0.003332
-84.047403	84.001457	0.001588
-96.210752	111.438746	8.084869
-84.047867	83.988728	-0.011219
-84.013148	83.979136	-0.019324
-84.007521	83.994904	-0.005019
-83.987900	83.984344	-0.015437
-84.004218	83.993115	-0.006604
-84.008505	84.000261	0.000361
-84.001085	84.002958	0.003042
-83.998280	84.006471	0.006696
-104.435280	102.285776	0.055393
-83.992814	83.995170	-0.004636
-83.998183	83.998517	-0.001318
-83.999267	84.005049	0.005341
-83.999255	84.002460	0.002629
-84.002988	84.004964	0.005095
-83.975451	84.008205	0.009825
-83.996764	83.991673	-0.008232
-84.027943	84.002501	0.003077
-84.011314	83.983633	-0.014128
-83.993879	83.998992	-0.000903
-83.984231	84.009833	0.010067
-83.995432	83.951650	-0.046307
-83.986272	84.000869	0.001089
-83.987278	84.002304	0.004493
-84.009230	83.994081	-0.005828
-83.997851	83.994670	-0.005162
-98.890043	112.647550	-78.582396
-83.979298	84.035336	0.035378
-83.996225	83.986549	-0.013924
-84.015976	84.002201	0.002279
-83.997431	83.999469	-0.000223
-84.015841	84.011552	0.011689
-83.947460	83.988775	-0.009497
-84.002525	83.997256	-0.002506
-83.934389	83.926399	-0.073598
-83.904427	84.042977	0.043016
-84.004201	84.008098	0.008477
-83.996723	84.001111	0.001229
-84.003170	84.006145	0.006261
-83.992575	84.001337	0.001539
-84.016584	83.988690	-0.010461
-83.999820	83.994225	-0.005467
-84.007975	84.010894	0.010971
-84.014844	84.011017	0.012606
-83.997103	83.996499	-0.001865
-84.009107	84.009099	0.009168
-84.005500	83.999745	0.000175
-83.991767	83.995419	-0.003170
-84.000383	83.999413	-0.000417
-84.004844	83.966261	-0.033704
-84.046501	83.924804	-0.075187
-83.998920	84.001996	0.002327
-83.945472	84.001236	0.003712
-84.000430	84.001747	0.001906
