0.009490	0.014304	0.014201
-0.127134	-0.068402	-0.068567
-0.000960	-0.000979	-0.001389
0.004577	0.002244	0.002005
-0.007007	0.000326	0.000083
0.023147	0.001608	0.001434
0.001497	0.002462	0.001815
0.001501	0.001274	-0.000830
45.931837	10.762878	10.737660
0.069534	-0.037169	-0.037323
0.001429	0.003867	0.003663
-0.003811	-0.006608	-0.007271
0.003720	0.005363	0.004972
0.014447	-0.000275	-0.000855
-0.009764	-0.001346	-0.003645
0.001881	0.016936	0.016847
0.013496	-0.001176	-0.001277
-0.002010	0.001381	0.000595
0.003753	-0.003291	-0.003496
0.003463	-0.003123	-0.003694
-0.113732	-0.002628	-0.004166
0.009056	-0.016967	-0.017095
0.034341	-0.383724	-0.386679
-0.038051	-0.000617	-0.000785
0.001921	-0.006786	-0.006933
0.000265	0.001793	0.001623
0.004411	0.001100	0.000630
0.005613	0.008780	0.007008
0.003817	0.002189	0.001984
0.014440	-0.001775	-0.001878
-0.009484	0.010661	0.010478
-0.058814	0.055055	0.054939
0.004984	-0.000285	-0.000767
-0.002582	0.005789	0.005656
0.005106	0.000558	0.000373
0.004288	0.001187	0.000986
0.010621	-0.008815	-0.009053
-0.002685	0.000078	-0.000146
-0.003359	-0.013129	-0.013242
-0.004858	-0.002612	-0.002719
0.015406	-0.014675	-0.014850
0.000865	-0.010653	-0.010912
0.004270	-0.000197	-0.000389
-0.002221	0.001131	0.000937
0.003685	-0.002217	-0.002400
-0.003411	-0.007016	-0.007242
0.003059	0.002236	0.002106
-0.037222	-0.014401	-0.016115
0.004376	0.003780	0.001554
0.003385	0.000244	0.000061
0.001170	0.000981	-0.000161
0.042729	-0.012401	-0.012548
0.003737	0.018467	0.017995
-0.000526	-0.001437	-0.001718
0.010319	0.004120	0.003876
0.032758	14.028475	14.021310
0.001450	0.001729	0.001150
0.005589	-0.017758	-0.018078
0.056980	-0.016858	-0.019346
0.028655	-0.004305	-0.004406
-0.007885	0.000991	0.000863
0.003833	0.014932	0.014744
-0.002233	0.009235	0.008960
-0.016558	0.002432	0.002319
-0.000284	-0.006581	-0.006900
0.005782	0.007488	0.007350
-0.001205	-0.025666	-0.026842
-0.022629	0.019506	0.019416
-0.070820	-0.054258	-0.055014
0.000713	0.006049	0.005417
0.083618	-0.018107	-0.020850
-0.002629	-0.009874	-0.010028
-0.000720	0.006746	0.006635
0.036440	-0.014762	-0.014851
-0.043787	0.030025	0.029738
0.039662	0.051012	0.050901
-0.004318	0.008442	0.006861
-0.000828	0.004073	0.002870
0.006666	-0.006950	-0.007696
0.009614	-0.001462	-0.001564
0.005949	-0.005382	-0.006244
-61.989951	-40.799689	-40.761356
-0.008988	-0.032411	-0.032564
0.001674	-0.002013	-0.002315
0.006949	-0.008464	-0.008569
-0.007162	0.012497	0.012334
-0.003797	-0.017114	-0.017228
0.044225	-0.013814	-0.014903
0.042267	0.018145	0.016933
0.133553	0.084047	0.083883
0.014922	0.000888	0.000800
-0.006702	0.053826	0.053675
-0.015433	-0.005024	-0.005145
0.000650	0.002156	0.000634
-0.012575	0.005917	0.005179
-0.002595	-0.001339	-0.001664
-0.018463	0.022492	0.019628
0.019773	0.012670	0.012409
0.008346	0.023480	0.023394
0.020041	-0.000228	-0.000328
0.048921	0.025341	0.025255
0.028145	-0.008665	-0.008772
0.106567	-0.118988	-0.119101
0.014783	0.002847	0.002763
0.032649	-0.046317	-0.046646
-0.001201	0.002214	0.002049
-0.007822	-0.008751	-0.009011
-0.004015	0.000924	0.000777
-0.012017	-0.028715	-0.028981
0.001094	0.000122	-0.000113
0.008671	0.002089	0.001994
-0.013778	0.008258	0.007917
0.060477	-0.398275	-0.398385
-0.004234	-0.002733	-0.002937
-0.006005	-0.006353	-0.008381
-0.002584	0.004652	0.004344
0.012411	0.001911	0.001804
0.013318	0.001434	0.000069
0.005229	0.014533	0.014427
-0.002864	-0.007149	-0.007240
-0.000042	-0.001820	-0.001966
-0.010206	0.005544	0.005227
0.017930	-0.064071	-0.064187
-0.004297	0.008811	0.008717
0.007868	-0.008029	-0.008176
0.007320	0.009235	0.009116
0.002996	0.000779	0.000564
-0.023243	0.011267	0.011052
0.063598	-0.054018	-0.055327
0.009884	-0.006564	-0.006801
-0.005688	0.004456	0.004105
-0.004763	0.020510	0.020240
-0.004604	0.005982	0.004497
-0.048827	-0.011074	-0.011163
-0.000763	-0.001900	-0.002042
0.007806	0.026333	0.026194
0.001908	-0.001587	-0.002570
-0.068238	0.001703	0.001544
0.065558	0.069976	0.069249
-0.006200	0.001658	0.000754
0.002514	0.008418	0.007106
0.061003	0.001080	-0.000496
0.008043	-0.001904	-0.002017
0.010488	0.024319	0.024181
0.011425	0.002995	0.002861
0.026246	0.013563	0.013464
-0.005237	0.009859	0.009740
0.020776	-0.008084	-0.008184
0.002600	-0.001945	-0.002852
0.004089	0.001661	0.001531
0.016009	0.000955	0.000676
0.001954	-0.005546	-0.006178
-0.080780	0.321429	0.321318
-0.010522	0.015597	0.012735
-0.009232	0.019049	0.018901
0.008002	0.007839	0.005941
-0.002407	-0.000288	-0.000510
-0.197433	0.371000	0.368035
0.001133	-0.001701	-0.002225
-0.010181	-0.000939	-0.003659
0.003053	-0.003935	-0.004203
0.492309	0.551924	0.551784
-0.035772	0.048320	0.047993
0.004534	0.002993	0.002524
-0.008305	0.015483	0.015370
-0.003545	-0.008721	-0.009575
-0.004419	-0.005087	-0.005501
0.012457	-0.002804	-0.003815
0.001687	-0.008798	-0.008926
-0.005549	0.005310	0.005162
-0.027378	0.028034	0.027916
-0.009853	0.007326	0.005092
0.040943	-0.048612	-0.048697
0.012749	0.018309	0.018198
0.040124	-0.020025	-0.020305
-0.003223	-0.001488	-0.001875
-0.002696	-0.007460	-0.007652
0.003317	-0.024917	-0.025064
0.001766	0.001899	0.001089
3.748566	-1373.659016	-1373.032967
0.003629	0.001808	0.001349
0.001974	0.003569	0.003415
0.013098	-0.004341	-0.004474
0.003350	0.000050	-0.001505
-0.013281	-0.006343	-0.006855
0.030030	-0.024771	-0.024911
0.017113	0.009120	0.009025
0.003183	0.003821	0.002986
0.000418	0.001475	0.001266
0.006605	0.001301	0.000651
0.093321	-0.040497	-0.040611
0.005604	0.000940	0.000828
-0.002410	0.007316	0.007202
-0.002369	-0.003705	-0.006319
-0.012695	0.001842	0.001720
-0.005165	0.012067	0.010002
0.032069	-0.001008	-0.001095
-0.001594	-0.007506	-0.007896
-0.010793	0.012053	0.009441
-0.497661	-0.546536	-0.546676
-0.000581	-0.003023	-0.003135
-0.092868	0.129043	0.128929
-0.031419	-0.002582	-0.002765
-0.027517	0.005550	0.005273
-83.971361	84.019200	0.021459
-83.996725	83.976036	-0.023874
-84.008876	84.010537	0.010638
-84.008612	84.000435	0.001016
-84.024549	83.976566	-0.023268
-83.992966	84.003222	0.003378
-84.001669	83.998808	-0.000975
-84.008701	84.006938	0.007175
-83.999945	83.989523	-0.008964
-101.921704	102.397170	1.420675
-84.007594	84.000188	0.000298
-83.988401	83.996627	-0.003305
-84.038204	84.044291	0.042742
-84.002747	84.001815	0.001913
-83.980198	84.020942	0.021105
-84.017459	83.993651	-0.005201
-83.991374	83.996834	-0.003032
-83.996941	83.995947	-0.003749
-83.969833	84.004684	0.004803
-84.017060	83.978685	-0.021199
-84.015927	84.013436	0.013556
-84.007567	83.990260	-0.008208
-84.036311	83.956090	-0.043799
-84.003251	83.994222	-0.005552
-83.999792	83.998234	-0.001127
-84.023839	83.989582	-0.010177
-83.999447	83.999422	-0.000190
-84.012995	84.010756	0.011348
-84.005716	83.993884	-0.006005
-83.989272	84.008630	0.008774
-84.010823	84.002754	0.003053
-83.998940	83.995518	-0.004291
-84.036924	83.977122	-0.022621
-83.989689	84.010215	0.010888
-84.007310	83.989628	-0.009988
-84.011206	84.002741	0.002838
-84.003842	83.996034	-0.003173
-84.003994	83.994575	-0.004311
-83.983185	83.994193	-0.005688
-84.017045	83.999833	0.000004
-83.987925	83.993001	-0.006851
-83.959051	83.959256	-0.040622
-68.191402	138.115302	0.519344
-84.000366	84.009103	0.011068
-84.029591	84.002127	0.002970
-84.017086	84.004412	0.004004
-84.006569	83.992179	-0.006199
-84.005377	83.998108	-0.001758
-84.014823	84.008203	0.008306
-83.968636	83.999982	-0.000085
-84.009591	83.991534	-0.008391
-83.996445	84.002759	0.002898
-84.002548	83.993088	-0.005940
-84.002384	83.977958	-0.021911
-83.993577	83.994391	-0.005189
-83.996652	83.971690	-0.056066
-83.999403	83.996900	-0.002858
-83.990554	84.015909	0.016046
-83.993312	84.000402	0.001240
-84.010426	84.001734	0.001828
-84.013423	84.002062	0.002165
-84.067032	84.021621	0.021731
-84.003639	84.000357	0.000526
-83.987274	84.016251	0.018754
-83.994678	83.986942	-0.012448
-84.083551	84.047058	0.047144
-83.984459	84.009715	0.010027
-83.995552	83.992118	-0.007759
-84.003047	83.999579	0.000410
-83.995861	83.993907	-0.005586
-83.952923	84.076652	0.076746
-84.034045	83.994576	-0.005323
-84.004661	84.004091	0.005397
-84.008570	84.005701	0.005921
-84.011439	84.001013	0.001121
-83.989444	83.994923	-0.004985
-84.019190	83.996182	-0.002512
-83.982455	83.996916	-0.002942
-83.996747	83.995272	-0.004585
-83.995102	83.999046	-0.000673
-83.991338	84.009041	0.009236
-84.001733	84.006358	0.006556
-83.989702	83.994466	-0.004848
-83.995208	83.994367	-0.005529
-83.999410	84.001246	0.002017
-84.014827	84.007012	0.007719
-83.999919	83.999545	-0.000248
-84.011091	84.007342	0.007464
-84.051867	84.117381	0.117502
-84.024289	84.029106	0.029178
-83.997235	83.999572	-0.000309
-83.994418	83.984808	-0.015006
-83.993290	84.005355	0.005486
-84.009283	84.000090	0.002155
-83.986183	83.995924	-0.003973
-83.995182	83.992240	-0.006424
-84.031980	84.005176	0.006877
-83.989927	84.007341	0.009041
-84.016727	83.981441	-0.018477
-84.011152	84.007049	0.006878
-84.000941	83.998932	-0.000947
-83.980392	84.009589	0.009662
-84.010084	83.997316	-0.001612
-84.005416	83.994624	-0.004615
-84.015299	83.996355	-0.003527
-83.998619	84.001676	0.001938
-84.033516	84.027128	0.027165
-84.001721	83.997459	-0.002199
-84.006567	83.997392	-0.002509
-84.003615	83.989323	-0.010584
-84.017364	84.025029	0.025120
-83.992982	84.002116	0.002250
-84.001258	84.001579	0.001718
-84.009381	83.999464	-0.000410
-84.004121	83.999814	-0.000070
-83.991413	84.002140	0.002605
-84.001596	83.990841	-0.008728
-83.995756	83.991175	-0.008700
-84.014680	84.006709	0.006795
-84.001312	84.004260	0.004388
-83.993299	83.999001	-0.000842
-84.042584	83.996002	-0.003895
-106.948442	89.781581	-59.011458
-84.039603	84.014505	0.014610
-84.013698	84.003547	0.003629
-83.999036	83.998980	-0.000747
-83.999285	84.002602	0.002891
-83.988023	84.000531	0.000726
-84.002445	83.988535	-0.011331
-83.998106	84.000095	0.000234
-84.011106	84.006205	0.006842
-84.088369	84.021212	0.021303
-84.005060	83.996874	-0.002687
-83.993177	84.012267	0.012443
-83.972475	84.009710	0.009884
-83.993918	83.980347	-0.019030
-83.964917	83.968401	-0.031542
-84.001191	84.002855	0.003255
-83.986805	84.009870	0.010040
-83.901461	83.894891	-0.104640
-113.078474	98.575546	-7.963928
-102.662903	102.536948	0.962821
-84.005874	84.000385	0.000688
-84.020014	83.995139	-0.002888
-83.983372	84.038842	0.038946
-84.000001	83.998877	-0.000698
-83.996432	83.997796	-0.002074
-84.033117	84.023360	0.024943
-84.000479	83.996293	-0.003412
-84.048547	84.001488	0.001628
-96.210637	111.438473	8.084942
-84.049020	83.988458	-0.011490
-84.013467	83.978599	-0.019771
-84.007702	83.994780	-0.005139
-83.987609	83.983964	-0.015806
-84.004325	83.992942	-0.006760
-84.008712	84.000264	0.000371
-84.001114	84.003026	0.003115
-83.998248	84.006622	0.006861
-104.434310	102.286783	0.055958
-83.992650	83.995050	-0.004745
-83.998144	83.998477	-0.001348
-83.999257	84.005161	0.005470
-83.999243	84.002514	0.002694
-84.003059	84.005078	0.005215
-83.974878	84.008360	0.010086
-83.996689	83.991471	-0.008429
-84.028626	84.002548	0.003162
-84.011585	83.983194	-0.014445
-83.993734	83.998964	-0.000925
-83.983857	84.010060	0.010308
-83.995316	83.950441	-0.047403
-83.985953	84.000885	0.001119
-83.986966	84.002313	0.004623
-84.009454	83.993937	-0.005967
-83.997799	83.994538	-0.005285
-98.890019	112.647576	-78.582152
-83.978686	84.036196	0.036248
-83.996101	83.986282	-0.014439
-84.016360	84.002251	0.002333
-83.997379	83.999452	-0.000221
-84.016224	84.011824	0.011971
-83.946206	83.988454	-0.009702
-84.002587	83.997182	-0.002566
-83.932732	83.924560	-0.075436
-83.902084	84.044032	0.044076
-84.004306	84.008279	0.008680
-83.996648	84.001135	0.001258
-84.003250	84.006288	0.006411
-83.992407	84.001366	0.001580
-84.017043	83.988407	-0.010751
-83.999818	83.994077	-0.005597
-84.008168	84.011151	0.011231
-84.015084	84.011139	0.012847
-83.997028	83.996377	-0.001897
-84.009326	84.009315	0.009389
-84.005640	83.999726	0.000182
-83.991587	83.995273	-0.003224
-84.000395	83.999393	-0.000427
-84.004960	83.965450	-0.034520
-84.047673	83.922908	-0.077083
-83.998906	84.002036	0.002389
-83.944153	84.001218	0.003825
-84.000446	84.001786	0.001954
