236.907046	-14.411333	-10.990928
234.525093	-6.555544	-0.398724
226.292946	14.883495	5.825862
218.700838	-6.696121	-10.171558
858.916200	-202.929593	-206.365950
207.015080	12.550672	1.341239
206.318596	28.734376	15.060264
222.998983	22.402118	31.002093
261.600327	0.481389	-12.536578
223.124899	-11.811967	-13.088702
226.421374	-27.671724	-25.654884
87.935754	96.140983	-36.874497
254.307517	-1.820073	-7.389413
263.394819	127.158569	129.960690
233.256310	2.583318	2.663101
221.092418	10.842820	14.938719
215.355115	7.914133	8.540014
244.212400	44.495276	35.436979
190.261427	41.020576	26.791355
-3971.212477	27420.644339	27420.625185
218.097394	-13.853806	0.744816
230.453975	19.018737	13.976023
230.764345	20.550987	13.746565
227.697759	33.560639	17.881474
193.169932	33.749500	26.967709
182.520501	-91.418600	-97.396937
392.648210	198.221902	191.808993
258.031250	45.843568	47.314603
247.675384	70.498054	54.097773
416.519278	-59.340576	-79.467934
229.595293	-4.932685	1.454753
230.525822	-11.360772	-10.239484
49.764276	770.110994	767.604639
260.732101	-37.477519	-37.433466
159.602835	-17.121095	15.046972
232.196338	-9.670093	-7.189296
163.073402	3.875765	6.740942
260.949551	-49.956570	-25.544045
197.118305	11.327461	-46.257945
-65.040001	-74.623307	-77.871642
229.454634	-25.375900	-22.414906
258.903619	25.390103	27.188019
248.798861	-25.212421	-24.537589
194.179767	8.712849	5.050877
247.131632	-55.069572	-61.549706
368.758198	15.591581	11.023269
189.684329	-7.075925	-4.858726
244.900761	-16.649375	-19.881784
216.775435	-18.509350	-19.234230
269.526887	7.331687	-15.441720
256.290754	32.541464	19.820718
200.701163	0.155784	12.913311
188.887456	21.352885	19.691347
242.901458	37.052992	33.408149
201.941034	-53.596594	-56.649953
222.592992	-5.296453	-3.310378
184.312212	14.396726	9.107016
122.413043	-52.310658	109.814346
226.797617	-18.983191	-9.459806
278.810169	1.930838	-13.288165
322.345985	109.492649	181.825569
213.489925	-5.588813	-4.452611
195.734944	-24.952155	-20.565133
254.782689	-20.103988	-26.077016
218.924082	-39.706880	-30.633312
249.307607	51.937579	37.828964
255.276515	23.342671	16.966193
107.918459	163.427117	157.242824
284.860504	-83.255852	238.174573
239.514325	-13.718370	-19.159872
195.862025	-40.939685	-21.307959
221.151945	-112.191424	10.325312
380.169647	-770.535301	-674.907919
225.983532	-27.725419	-25.662301
233.712587	52.784024	41.156966
244.723286	30.756879	7.799427
227.675429	-30.524972	-27.390972
230.098151	23.611926	1.850328
229.155045	98.209482	66.647222
207.333710	57.836312	46.097050
152.201054	-39.574419	-43.447322
259.226800	31.778702	20.023025
415.352105	226.175447	218.714480
224.291153	-32.895132	-24.104446
314.735659	-75.286756	-97.942427
197.659653	7.954811	8.031842
254.646260	-15.223324	-17.863722
242.665833	-24.544914	-20.122957
226.801154	-40.174756	-30.835546
205.545343	11.317173	5.249041
332.821344	-59.573803	-68.004636
267.737282	17.361946	-4.149404
232.604960	-27.298102	-24.622689
257.608958	33.913048	21.447156
530.490493	-139.394439	-142.338531
175.044541	-7.636817	16.007896
178.253507	13.641709	12.847304
260.513805	3.117700	-5.888378
220.178085	-7.313415	-0.261637
216.282752	13.536644	-1.801201
623.916773	-116.867796	-122.419466
196.614547	3.469878	2.169484
361.729081	30.261478	23.539066
165.399549	49.302248	28.661022
212.733652	20.575849	16.786044
224.381237	-30.155341	-28.594575
211.241192	-1.600493	1.579043
243.157919	-20.410778	-28.580696
75.481922	623.048601	519.727966
243.689178	53.425410	58.135603
-1470.242035	-643.312711	1298.252278
543.736023	21.226290	14.124979
215.449995	7.270389	5.268715
314.122087	157.180826	147.019271
202.880878	-0.106704	1.581115
178.460271	-32.015276	-46.457719
252.684035	1.590655	-8.951203
206.473008	44.269999	26.202765
239.942351	-3.274329	-2.857551
205.757129	31.079320	13.911519
201.135791	87.715897	75.131698
295.563542	-22.222556	-25.216504
204.814841	-27.665903	-23.344084
197.631281	-38.955904	-24.012419
243.098924	-27.000869	-18.505505
238.874119	-7.146594	-7.601425
221.280589	-29.953722	-23.426462
207.457696	33.288869	16.393964
649.362704	-1974.354018	-1974.638033
251.153614	-30.324842	-36.140053
207.554017	44.868336	15.673359
253.089771	-32.121766	-33.258552
-789.670958	-616.564527	-618.801074
189.509001	15.451376	14.813319
78.443753	205.936412	48.912694
238.952147	-7.099438	-5.352733
208.644298	87.775970	81.375680
311.924977	26.897288	28.052593
224.507403	-36.412578	-28.324843
188.522068	35.735703	33.364378
-8999.458848	12652.180137	12652.158927
232.550431	-0.856048	-2.342796
54.965658	-19.576190	-23.760623
243.480621	-13.749618	-17.930587
236.551666	24.579233	21.892570
135.335779	84.171408	81.475132
-1022.929426	91.468192	-476.612246
-1181.380943	-144.711357	-168.013262
234.428658	7.655614	2.270377
257.091567	-17.402683	-17.070627
231.033532	85.559942	68.822988
309.228821	107.627937	142.321094
108.317794	-43.972605	-46.566277
230.373776	-17.345252	-10.446549
221.586839	-11.683804	-1.009697
197.854136	6.193994	7.361447
242.871849	4.839827	5.960955
195.575878	-41.840475	-22.331510
339.463927	64.722415	-81.679713
179.851296	-34.461657	-24.388206
281.179198	45.546278	-13.878751
288.282482	26.499748	19.228271
288.111002	-9.742642	-19.197482
229.158536	75.804212	70.237881
225.564250	-17.560328	-15.457696
247.762066	2.164856	-5.820675
238.043273	-4.098215	-5.226366
248.839829	-128.708993	-122.388843
237.944285	2.699811	1.899323
476.848385	10.982248	7.977730
266.376447	-27.026050	-25.609392
209.809575	-11.825832	-1.830075
213.353343	13.478402	9.670125
160.988006	-102.199915	-98.217683
963.867283	-1091.968289	-1173.353001
188.675607	7.976245	11.857287
239.082792	25.380844	21.961878
260.871752	24.036968	17.729059
198.762007	63.984091	53.695377
208.174408	-83.865113	-35.549876
238.928033	-1.783860	4.412940
248.402988	51.854275	35.676282
248.331446	53.364206	27.978433
141.291990	83.851222	77.413668
153.672279	54.900691	47.557276
147.950886	0.472730	-21.448790
271.227023	-11.933059	-13.901269
35.820260	53.970158	50.045535
220.179756	16.301306	8.459521
269.590560	-15.654763	-13.651088
153.095903	10.094261	8.555047
111.269199	2.667742	8.565501
218.595030	0.563200	-0.751153
226.461103	-25.216487	-20.015470
1180.714966	-507.597645	-519.426832
258.203371	70.760571	77.253654
252.485429	-29.072238	-29.686331
265.880387	30.007234	14.639602
225.543307	49.269445	21.527598
164.274424	18.575005	16.941634
251.608351	-0.679153	-2.904691
821.689977	-80.311003	-85.634161
201.465335	-1.173505	-20.477608
174.245550	-15.447182	11.204701
-262.488185	363.188410	52.048688
-304.381443	315.305450	-3.866100
-302.762030	330.672781	-68.476262
-322.777375	340.398790	-23.058806
-317.650359	352.663800	-10.978233
-291.539359	327.816076	-19.816477
-313.976329	336.281420	-40.783379
-319.768470	337.612506	-26.096996
-319.436671	347.773318	-15.193674
-323.087000	361.157076	-13.488715
-307.431320	340.354677	-15.390790
-316.978431	340.373204	-25.046114
-458.112498	283.533141	-149.588815
-305.321538	332.301101	-9.906099
-320.631344	381.886016	-10.659942
-300.804190	299.666911	-50.108338
-284.462012	322.184122	-69.689408
-303.964730	340.981603	-57.043528
-266.375275	327.918400	-10.346464
-330.554778	373.020979	-24.864230
-320.320192	350.437995	-17.583995
-310.364371	318.930780	-50.906958
-315.269928	341.695299	-31.536772
-272.661584	339.246338	-3.016703
-294.027904	322.781375	-17.024458
-320.759386	342.552702	-12.333874
-460.575477	287.471923	-204.654518
-329.122260	381.670463	-14.681642
-320.504239	317.962353	-271.804728
-306.226489	335.442864	-18.399586
-320.091638	350.439720	-16.754026
-174.794329	669.119058	-716.686617
-313.980030	338.416695	-22.380948
-281.871840	349.560471	-18.057630
-324.218481	386.305992	-17.333826
-322.318283	359.737961	-19.730031
-305.033053	319.325599	-73.285684
-304.491174	356.313258	-21.879336
-247.235171	346.281976	11.726596
-306.283804	306.261391	-60.825615
568.933946	1942.882607	935.698147
-263.993448	290.418149	-100.659181
-289.937381	324.183644	-11.966017
-330.597258	353.791772	-23.113978
-319.863033	350.263210	-14.528564
-314.853985	342.270253	-21.492539
-265.226598	503.847356	165.741192
-322.494603	314.836224	-46.060241
-308.674630	343.743492	-18.035337
306.253894	-570.917191	-871.027254
-315.892514	312.371082	-40.550957
-438.976433	473.763034	-11.525483
-311.989214	368.836836	-21.165760
-240.409979	329.724192	-44.756357
-314.360363	310.026392	-79.116418
-327.825084	338.652165	-58.564131
-327.269943	333.591961	-13.084480
-296.977417	296.866505	-26.954679
-325.664599	340.647118	-61.438741
-331.362615	339.574105	35.910956
-284.419635	338.410903	-8.923589
-323.266706	360.102061	-16.144717
-303.398543	339.779547	-25.300744
-317.254092	340.815155	-22.263290
-349.372530	341.804467	-220.286992
-334.294319	336.969991	-35.193513
-310.987924	347.304727	-21.567688
-288.829287	333.537918	-2.971496
-312.815903	338.779053	-18.221924
-309.780328	314.636143	-55.863122
-312.055574	295.181475	-142.545810
-315.371374	339.261032	-14.685728
-309.495622	301.761483	-45.043508
-334.451192	362.698927	-18.779528
-317.858496	313.800858	-45.383360
-313.224160	351.910431	-19.115683
-335.582659	348.081080	-23.948503
-319.643480	318.561168	-48.821632
-48.280626	222.035773	-78.770171
-325.407066	360.916476	-19.573637
-291.887616	345.527516	-26.100574
-320.810203	319.321209	-40.490955
-319.192891	348.550916	-15.699238
-320.512431	327.050442	-7.631084
-322.672276	359.730307	-18.852613
-367.049641	340.335625	-15.456389
-307.750720	328.994784	-25.466980
-295.328722	340.006334	3.758832
-316.298952	353.413357	-11.132255
-245.432323	318.349095	-59.401629
-303.765394	341.468735	-19.408947
-310.649226	314.185691	-52.015673
-314.701083	342.690421	-26.998378
-563.875934	356.090422	-647.532583
-359.035304	311.458107	-73.697715
-319.031969	349.146785	-18.484104
-311.969084	324.955226	-30.529525
-302.574522	299.523436	-65.953618
-316.529143	355.471171	-12.956758
-260.615132	336.318707	-7.451043
-334.438736	350.535167	-23.128245
-195.997114	587.154964	103.104001
-325.030793	348.814678	-15.855592
-311.488061	334.648157	-16.025448
-320.328483	407.809055	-31.538112
-299.238022	312.749086	-54.533621
-292.836070	345.645514	-18.286062
-316.893748	336.689439	-30.883857
-324.118964	358.868204	-18.135035
-322.542226	332.735278	-28.107988
-297.316689	348.633834	-21.074760
-293.408126	293.593807	-52.102061
-292.452517	329.209141	-19.604406
-317.366469	353.607208	-13.343323
-315.824177	351.834528	-11.952497
-331.527775	373.815548	-24.530705
-314.533088	384.452576	-17.422506
-311.885984	340.903873	-19.171564
-244.341795	248.175405	-84.522646
-310.897967	318.036144	-57.134204
-334.680739	364.970791	-20.506345
-302.158577	311.717283	-54.061054
-324.195203	359.550861	-16.974540
-298.253312	366.234732	-27.602114
-319.714421	316.073650	-50.723292
-325.194222	359.182443	-17.932145
-328.291571	375.832535	-24.420530
-298.991743	302.704155	-59.850752
-316.419041	339.129260	-26.246070
-339.965082	324.125089	-36.190592
-325.750204	332.866041	-15.866120
-323.109361	349.466923	-15.459198
-292.640539	311.355603	-55.955394
-502.527782	598.826722	-1149.643174
-310.797327	314.669423	-52.866258
-302.899821	310.523345	-24.028654
-310.324427	246.538904	-46.565567
-311.156566	383.285917	-49.074638
-305.274847	328.586822	-51.590282
-304.300914	397.715352	-3.522100
-321.722729	360.000088	-19.786111
-305.632707	319.674693	-54.718919
-308.955958	313.571987	-34.479332
-426.624490	223.488708	-123.231621
-302.235966	331.338791	-68.230938
-269.582984	212.345282	-132.488007
-303.162375	357.711298	-9.593037
-310.400237	343.554923	-22.942754
231.607520	166.835562	-15.565365
-315.964892	339.736487	-32.968100
-318.729759	325.747194	-51.030708
-285.084934	346.066882	-50.341432
-286.029758	234.220757	-143.044513
-308.128380	350.959766	-10.393415
-314.692769	358.708684	-13.946126
-318.746426	337.320017	-14.422237
-291.485100	330.686544	-40.451353
-324.709001	358.453871	-19.523690
-316.454008	354.497166	-10.553767
-315.440916	344.097593	-21.064611
-301.259868	314.682410	-55.155699
-322.413095	370.462978	-16.589274
-333.565510	358.108141	-18.128316
-281.016260	324.297731	-34.970129
-310.730762	354.041863	-7.866166
-301.838672	109.049310	36.918004
-315.468347	348.051506	-13.164704
-308.597475	331.295359	-15.925331
1259.358514	1252.026164	-13024.723448
-308.768945	326.366740	-26.394939
-315.593974	318.870724	-1.371288
-407.406481	289.477047	-51.044437
-303.627917	321.381110	-68.685364
-302.829212	298.335111	-50.474680
-312.349909	330.398653	-16.718725
-317.054774	330.776020	-42.847809
-321.883573	351.093649	-18.633246
-324.492291	367.454156	-13.993059
-312.019234	338.015439	-20.449856
-318.254099	349.980008	-17.097255
-298.442347	396.507979	24.159675
-304.361755	356.981299	-21.515303
-313.666729	343.268444	-13.312874
-316.560812	354.435792	-10.645781
-316.837507	345.682160	-14.038684
-301.628737	305.817378	-65.032681
-309.124959	332.072225	-32.765253
-316.636127	337.026645	-44.765491
-306.531543	313.431054	-41.222217
-313.953597	320.547727	21.351092
-288.093347	321.906005	-28.246128
-317.716737	344.098285	-16.425822
-327.451032	336.211354	-15.008564
-270.144506	353.148776	13.255158
-311.940620	346.442743	-16.905813
-280.143715	330.345396	-53.968709
-329.722177	364.810238	-40.315182
-202.130977	391.267958	-126.031320
-316.657110	346.685366	-16.829597
-312.972865	353.704622	-8.218325
-325.726359	344.738005	-10.446040
-292.680556	346.077521	-17.810786
-313.175178	327.528255	-21.035053
-318.445811	363.210477	-18.682558
