-303684.306496	-535246.200102	-535246.364904
-121976.884425	554652.046404	554651.796983
117713.689323	56928.247947	56927.637500
111171.365641	-462638.755519	-462639.137111
177951.410388	-532654.802799	-532655.193887
-203159.774348	287233.263152	287232.999380
431488.666198	-370571.374931	-370572.394581
542216.876971	166678.352554	166675.378270
516925.159582	317203.100540	317193.351981
-134118.434286	595033.840224	595033.606850
123587.516988	-570472.298151	-570472.627494
275438.360936	-17666.441605	-17667.421629
135021.349136	304119.601371	304119.028712
239344.701302	-35286.693103	-35287.556113
605629.582587	-126762.178666	-126765.657629
-534664.952408	-246316.328603	-246316.469334
-482034.029452	322438.090094	322437.934030
313932.049688	130084.872095	130083.739210
103021.499265	-544104.598698	-544104.929267
229346.334246	183410.991315	183410.162588
521272.420529	313907.870724	313905.743030
-257634.699646	554087.244257	554087.048426
616687.904248	26667.907085	26663.493233
-98370.296812	582266.041570	582265.788807
-244427.019169	-258801.506319	-258801.737203
-139617.473476	-329329.593135	-329329.860731
296843.924180	-336443.871704	-336444.605568
513580.782199	7119.522050	7116.938838
-122065.781534	-140569.582262	-140569.899442
-501148.263380	129934.678177	129934.518927
-130330.426951	434449.683715	434449.407921
-346784.550731	484837.144615	484836.966398
171788.399922	135908.226545	135907.519121
-248033.372088	532210.079438	532209.876336
-199144.167780	76797.361624	76797.079219
-113642.805963	360157.396817	360157.093814
31403.281853	515505.987289	515505.633589
-60629.742347	376232.948132	376232.613101
-289575.359173	-458191.071429	-458191.253021
-462796.140992	-108099.156740	-108099.323599
-145875.420665	450329.245053	450328.981300
31148.022681	443578.635574	443578.251111
-175188.674545	190509.184602	190508.893532
-171917.582248	-9964.685023	-9964.982645
-14557.939044	-472926.264424	-472926.556382
70360.642844	614518.788279	614518.452332
-267451.136823	-357748.942690	-357749.148485
502149.401356	35801.098529	35798.616133
568570.398549	-27549.959487	-27553.253690
26744.367385	-528538.356788	-528538.649474
407033.622666	123989.038529	123987.409252
-160707.368215	595553.387188	595553.164715
403187.906956	-462720.264652	-462721.022782
-11450.400432	204137.351170	204136.931327
-24314.257923	-208829.917347	-208830.295023
352672.012783	-378008.264065	-378011.450773
265737.081769	-137334.430726	-137335.304211
172626.698960	538105.863064	538105.393696
580916.150121	31135.499304	31131.840422
-456432.203998	415564.414735	415564.259329
-377785.876229	2907.033509	2906.835210
98745.321780	-591904.320878	-591904.624352
262830.128608	-557281.756791	-557282.201874
-422546.375064	-126013.161358	-126013.339304
28727.045647	35552.681432	35552.202084
-335080.700880	213368.769803	213368.559449
476973.482593	350229.012231	350227.377315
-472532.307477	-380135.046617	-380135.190506
400320.327305	-256886.112500	-256887.274495
270370.304113	-61806.135376	-61807.076551
601400.011511	27412.586850	27408.520818
-33157.909930	-571560.208719	-571560.455852
-286370.772200	-490800.324133	-490800.501132
-488577.120521	-370750.170708	-370750.311903
51524.679900	-230662.590274	-230663.033490
-405978.367152	409184.325852	409184.156269
513436.891418	-92864.827534	-92867.176096
437510.118457	242721.115491	242719.431153
381701.017844	-230291.169899	-230292.309587
-352154.608161	-459450.312829	-459450.476632
414511.489700	383811.059794	383809.847198
481597.290368	300334.290406	300345.341198
-12312.465071	-596938.763774	-596939.011002
8250.763509	107622.968820	107622.515025
-476418.022108	-79677.435247	-79677.599445
43223.967216	-616597.364656	-616597.628915
-440703.821358	26852.701830	26852.524427
445762.588713	326396.862473	326395.342808
466240.834083	314855.037674	314853.352762
-129170.780135	550345.820829	550345.573699
-582020.201970	-85096.053438	-85096.191194
-12151.951388	-608573.183318	-608573.426442
-240784.723921	-480900.422592	-480900.615316
530111.863380	-159283.481701	-159285.773556
476801.168928	-373622.920001	-373624.088341
77503.789229	-166564.569440	-166565.068356
617792.473723	-17314.092357	-17318.394170
22147.724659	417286.719915	417286.332471
-599070.136219	2504.456048	2504.320254
-499559.503097	-113716.350501	-113716.507042
-609576.417812	21639.170728	21639.037025
-475048.808976	20628.702706	20628.535688
-445462.868459	-2519.400247	-2519.575714
-598659.756903	-154432.057636	-154432.189409
267464.331918	-476799.352407	-476799.878843
-248526.188190	-11183.835202	-11184.089002
132955.500392	-442032.799563	-442033.212180
-297340.159856	241593.431123	241593.207366
78819.226557	513861.363580	513860.970795
-76339.734408	-90883.112500	-90883.471811
-543125.037373	-27510.145789	-27510.294001
186542.443091	520374.491243	520373.992778
-399684.695726	423377.357619	423377.187757
-155635.683080	95373.728553	95373.418973
558895.341830	265467.682257	265464.871691
19604.786225	935.935547	935.469533
-317305.146754	-482113.397515	-482113.567259
476461.861230	-81125.687928	-81127.708854
-457533.843056	-138727.690232	-138727.857025
-526617.104461	-214133.472867	-214133.617452
-108683.220726	-512587.916261	-512588.149861
305835.884181	-533718.807925	-533719.320122
-335105.238067	516873.494873	516873.317593
-493735.572046	-262373.956991	-262374.106099
-279431.959311	312758.130074	312757.905780
-189018.746317	-567718.351011	-567718.542056
83552.665922	-494475.083548	-494475.427154
155349.689213	-575760.700018	-575761.046842
487717.761981	320741.715141	320739.898298
4237.075360	469499.194417	469498.842265
68685.817730	-15073.169579	-15073.697228
76487.898381	498296.019508	498295.620778
568451.831935	-243507.646363	-243509.932020
-589123.285116	27725.355998	27725.217782
-278710.880890	377823.071546	377822.855188
-71974.531062	-592185.706409	-592185.931198
388481.612102	-51070.612343	-51072.060455
-121326.512143	591492.336679	591492.096819
393124.122025	-263655.050970	-263656.170427
497753.808717	-325350.473588	-325351.888337
510457.458953	-191328.599642	-191330.587274
484198.410528	33494.917771	33492.637556
-444830.161372	203891.625409	203891.452348
-59508.088680	-615522.387351	-615522.609676
-283116.736681	-288863.314049	-288863.524650
-351337.671136	-491972.715865	-491972.875213
-412031.319295	-33482.956070	-33483.141515
-376863.035635	-441791.950062	-441792.109886
356851.813574	184053.583902	184052.291373
-163541.129868	-529459.647702	-529459.856004
-19675.532262	4393.409634	4392.986935
359439.989344	446389.204109	446388.304793
-399204.188222	420424.103271	420423.932824
613956.415571	2132.380021	2128.098965
-305726.533409	30427.314962	30427.087287
540907.819398	-50760.588914	-50763.395563
-111747.770104	184786.949531	184786.614780
617657.643103	23906.779912	23902.345388
218722.040172	259656.074554	259655.316301
593360.973797	172558.411711	172554.530449
3033.892972	-175412.748590	-175413.161143
-320328.426780	-92691.778735	-92691.995027
274137.227838	-486090.628431	-486091.153519
207562.738696	-164072.216618	-164072.929974
-258053.209392	-508114.370647	-508114.552849
436746.850337	425328.557669	425327.356470
281248.062469	549402.179706	549401.580570
402528.326819	264434.720172	264433.299504
-379401.111171	45080.522819	45080.324575
-227391.830412	-288671.802519	-288672.036062
-331622.766900	506388.469712	506388.289876
569610.773881	240793.509253	240790.396504
-610201.683746	35259.449485	35259.315833
-411795.377711	385088.063914	385087.893649
38351.190051	-222799.488983	-222799.921312
181492.686064	426334.028820	426333.464931
-15176.301838	606749.507240	606749.220228
-310431.406845	46424.735485	46424.509731
374699.082571	-165689.879714	-165691.101005
354009.720012	-877653.711000	-877428.905852
248641.683713	-271085.819173	-271086.527987
-263387.704128	285868.390539	285868.156151
-347031.289554	247519.133472	247518.930049
481880.510578	184424.219991	184422.034556
415509.895860	-444341.936922	-444342.755564
-78765.397715	-578698.781330	-578699.007597
-522561.187679	-139068.581692	-139068.731262
356015.616078	-89022.576595	-89023.818314
-29511.868088	-347863.890725	-347864.219310
261771.167126	131217.852674	131216.909065
-356178.544501	491023.635958	491023.461413
-428162.976818	300695.050161	300694.877678
-409665.866577	-179045.372660	-179045.551108
584493.164869	99403.940360	99400.139900
-352220.829472	403411.827742	403411.641131
594048.723042	-153080.315734	-153083.444041
-554260.380640	-230702.103659	-230702.241039
143676.301594	332730.858123	332730.287935
608528.262316	-56484.852878	-56488.778983
-319233.372310	-91477.011297	-91477.228574
-455012.433135	137938.263162	137938.090955
-441301.908170	-7717.352462	-7717.529192
-179297.933770	288971.022661	288970.745975
50516.265514	423024.950198	423024.539220
658649.806044	484147.619897	102782.660881
1841979.963144	185403.149849	-195965.108159
1777836.366017	230874.751066	-150493.490847
845445.295799	750132.088284	368764.613348
1516338.549620	217462.207080	-163905.937664
1279186.450960	934969.249377	553601.102377
1133694.658944	896547.742890	515179.693679
1059489.850395	927171.704294	545803.688691
691342.230796	598280.448427	216914.387233
1836784.204329	603263.635343	208039.535695
1719546.522945	132169.181493	-249199.046472
1778899.832985	666360.713054	284992.443480
676298.662867	235733.631962	-145638.832751
1648289.098895	786447.602392	405079.362230
1387129.812915	-225892.558956	-607260.710187
805866.738776	495404.480748	114037.813921
1596321.852514	39638.768875	-341729.423938
956936.620695	906479.470078	525111.564949
1653514.541385	461984.697169	80616.487445
1654584.648972	-39382.054515	-420750.274992
1602905.862521	-133238.201293	-514606.416616
776332.995151	169950.362000	-211415.867189
1646830.060725	-60157.979376	-441526.212192
1231595.653517	739788.893944	358420.854051
882302.860202	661044.089694	279676.686566
1269034.988824	620446.426968	239078.404713
1057760.452784	654097.263326	272729.470668
1010979.149113	415007.313393	33639.805680
1468574.506240	951370.743582	570002.524659
1586717.334345	269892.616968	-111475.559924
1108211.943939	-185465.837212	-566833.784957
1449202.785203	296287.809833	-85080.295839
915191.456627	-45998.501990	-427366.348535
793909.420313	752023.406166	370656.079489
1097385.160835	583387.580282	202019.776664
1785272.821658	44114.247785	-337254.002333
891162.753352	524913.931767	143546.737030
854427.458173	197169.922463	-184196.879545
1598346.423367	-110560.287803	-491928.509326
1391045.358349	-171806.902013	-553175.042118
1262670.992392	983746.653602	602378.494953
1384722.529879	986461.949507	605093.746635
798682.546458	43493.298715	-375884.293530
713959.416744	343783.109315	-37582.306872
847032.487988	49651.262488	-331715.843409
1800826.500544	572380.279630	191011.755105
741972.497455	445364.660607	63998.698008
1618941.563584	161419.300169	-219948.893126
1758376.266319	362577.261892	-18790.975635
1775681.295460	573437.707876	192069.352271
1794285.391395	706635.049047	325266.777816
1563042.251813	518.405825	-380849.780254
874013.508417	132526.286280	-248840.716319
1324092.385582	995914.239288	614546.051365
1015802.639562	674810.375273	293442.631622
663088.230788	259166.442378	-122254.652758
1325822.991719	92347.461747	-289020.571420
1523299.269761	-143066.138792	-524434.329847
758689.909324	714182.133228	332815.062777
1804044.933313	100145.553936	-281222.699125
1731448.548041	-5502.641188	-386870.882079
1641366.584190	-82505.230813	-463873.466659
1497129.358336	140092.796070	-241275.344226
665074.067552	376575.800072	-4788.762782
995369.613488	433154.023272	51786.537981
1721401.317584	798126.184192	416757.923574
1075664.146001	-194607.012195	-575974.941228
1661921.378021	327202.882210	-54165.324689
901774.930949	100840.619588	-280526.575514
837450.489046	811038.857101	429671.274607
1691804.478143	642133.003852	260764.762189
1675158.197155	465069.797136	83701.548046
789148.434231	97090.328683	-284276.207381
1352429.024529	35696.330607	-345671.735787
1495427.072151	927393.956021	546025.729985
1754937.316424	468141.527024	86773.281563
798847.217302	418305.435765	36938.986146
1514981.672826	-103335.276000	-484703.459218
1485212.261455	695039.658002	313671.485897
1264267.004038	95899.832746	-285468.145148
1294341.816957	-221346.031303	-602714.134987
1387413.553920	1851.798511	-379516.299976
966986.622908	132037.792497	-249329.607313
1650597.136928	681500.404902	300132.174018
936232.507433	405476.445811	24109.199206
937563.675891	84616.856000	-296750.509426
1395233.634993	96697.540448	-284670.545783
1631075.849261	27568.780322	-353799.434026
796893.717698	33485.964711	-347881.412984
1848944.215621	171932.988925	-209435.311732
1605457.575932	607662.056057	226293.848766
1347951.382387	-157715.279136	-539083.396345
1314902.351574	975956.753183	594588.560516
701114.204309	399193.748859	17828.466404
1730742.529203	376082.731686	-5285.508080
769510.341257	493824.495026	112458.107883
748579.401711	143881.002883	-237485.000651
745171.543795	386922.969260	5557.111588
1884092.719940	384921.117273	3552.848276
1827646.904741	541199.808523	159831.400742
1480758.606042	868326.404601	486958.198458
1836871.902736	473001.858613	91633.589029
830591.757860	91356.050221	-290010.805953
951246.488415	190098.104584	-191269.189889
1655971.664075	53015.294054	-328352.925501
1214603.476137	-105442.950006	-486810.953355
1823197.148191	654887.875425	273519.579043
1200276.439458	156380.090051	-224987.797047
1768890.632899	256527.927581	-124840.318802
1653101.856771	846733.898541	465365.648338
1395868.206808	977659.150221	596290.874051
1596180.520656	441952.951297	60584.762584
1510761.807814	660492.354769	279124.175590
1636439.248665	103375.472791	-277992.732839
1687158.433313	300735.772506	-80632.447209
1044072.764088	550833.817217	169466.133005
871012.745418	841165.215783	459797.511258
1604543.016406	528594.669845	147226.470924
1869174.549864	281953.357126	-99414.907458
1544609.072512	-115154.484817	-496522.694605
1477322.809615	-69510.051352	-450878.212749
1419950.841438	977373.617168	596005.373135
1832673.709345	592964.267820	158680.676665
1626442.721117	-120420.866200	-501789.115084
1786143.415792	460435.052495	79066.787307
1295015.924748	300686.876941	-80681.106131
1212115.099984	-17310.382677	-398678.345746
1436193.301604	207615.444294	-173752.656803
1603319.036036	288978.612169	-92389.584076
1582216.550952	108848.880925	-272519.305132
900624.351828	22596.641049	-358770.767680
1661580.780500	-84804.619042	-466172.896919
917173.317646	783689.429244	402321.731569
1349271.433072	-178964.524034	-560332.662566
1481850.555607	198237.756863	-183130.379149
797361.923692	771608.044042	390240.637048
1637535.510268	-70774.844632	-452143.208572
1077631.739716	-13383.739077	-394751.536148
1352585.523614	-220590.929698	-601959.075863
793133.512567	39529.727661	-341837.684912
588842.740860	283601.595925	-158598.365613
809250.173506	-25930.016810	-439298.189830
1160318.724626	641513.323914	260145.398819
689295.541342	475768.478780	94403.062135
1589384.213087	-145643.361015	-527011.614183
1120176.649549	144420.210412	-236947.557903
1493895.508079	775712.189362	394343.997578
761664.708640	374564.854687	-6801.193925
1086221.161616	777157.976365	395790.046671
1406697.114852	-221456.815812	-602825.017741
634400.115936	318365.822749	-115252.311229
1855819.258160	478917.343365	97549.029673
749413.191434	404335.135465	22969.164723
1765726.002547	741114.402694	359746.135371
1042929.752258	944400.495940	563032.466934
1246049.658157	426156.682743	44788.739438
1733218.653931	286936.959370	-94431.276368
1842261.038714	313424.446761	-67943.815112
1187284.600534	-231025.439299	-612393.478309
772962.941634	18080.105597	-376212.645878
1414027.210180	243380.854978	-137987.232145
1480166.018083	403625.777291	22257.648148
1234491.400679	396806.854027	15438.925337
1458965.816788	111806.824227	-269561.302158
1340976.315310	937374.673323	556006.494069
729615.031662	97623.777422	-283742.188260
1614861.144831	807245.187896	425876.947835
994390.959568	127448.754821	-253918.751572
671293.475571	406509.380945	25144.568913
1570612.709764	789256.798066	407888.574291
1247705.190168	609969.033204	228601.013504
661272.189638	496782.108773	115416.969662
1320185.795841	46023.460661	-335344.589036
663772.946072	452277.367857	70912.478392
1767208.743836	398794.068909	17425.819718
1156081.723657	986340.270899	604972.159535
816118.424495	-7511.054609	-584168.853549
904628.301406	-56332.177272	-437700.281918
1819721.919275	604639.846621	223271.116739
1873990.277921	334528.201587	-46840.070416
1086678.043567	-142043.625319	-523411.528515
1504710.675046	203249.127205	-178119.066931
730082.082589	147809.376322	-233556.445019
1209190.677116	695019.943588	313651.940323
1713944.182512	804447.062792	423078.609222
1628814.635668	-86155.875137	-467524.269830
1087416.526090	560755.394518	179387.609195
1612033.847848	499623.979818	118255.774241
1656592.856472	267495.739962	-113872.470985
1274673.236299	-167121.839533	-548489.915475
817022.753723	48036.298225	-333330.753101
1118257.997389	663194.692424	281826.801079
1722828.205501	774952.907400	393584.633049
700617.096080	218905.533920	-162460.483365
681094.707859	564218.287763	182852.533342
1879327.303768	366265.569324	-15102.720883
1092124.291968	420150.796169	38783.088212
762924.262948	109707.934156	-271658.348110
1400278.851157	625169.771910	243801.655340
1816472.699753	667230.576452	285862.234333
1696410.705824	649633.488928	268265.047654
1169202.423294	77708.462007	-303659.410965
651279.773681	402038.301289	20673.885196
1475406.859328	34457.453532	-346910.689818
