248.962884	-15.088662	-11.580283
246.185641	-6.801419	-0.354864
237.657522	15.657337	6.010865
229.817576	-7.224183	-10.638954
901.989182	-213.137284	-216.747848
217.416368	13.124217	1.390107
216.732479	30.251687	15.926288
234.189123	23.496880	32.555077
274.680582	0.403801	-13.174966
234.231702	-12.480544	-13.514332
237.177146	-29.319815	-27.011648
92.130006	101.151322	-38.671237
267.131762	-1.666352	-7.715912
276.703430	133.530963	136.471813
245.253212	2.647560	2.662064
232.211553	11.345536	15.674387
225.988268	8.301824	8.870124
256.502708	46.552966	36.990206
199.710136	42.992064	28.086569
-4170.261346	28795.171457	28795.151342
228.935718	-14.373229	0.478200
242.160298	19.961944	14.722447
242.228848	21.362890	14.254924
238.838407	35.487519	18.650078
202.859689	35.460937	28.329258
191.587714	-96.076808	-102.352322
412.316317	208.325225	201.584298
270.887724	48.227834	49.651574
260.041169	74.025767	56.793870
437.639917	-62.318739	-83.485265
241.150686	-5.150843	1.427977
242.160082	-12.063369	-10.678321
52.174601	808.884852	806.250674
273.527816	-39.266597	-39.224293
167.566603	-17.888149	15.698407
243.878426	-9.888641	-7.772971
171.269140	3.990097	7.103716
274.183723	-52.520980	-26.959686
206.681283	11.880013	-49.092428
-68.357513	-78.308875	-81.727107
241.011875	-26.929031	-23.832437
271.717317	26.647880	28.359178
261.113030	-26.632198	-25.858431
204.008922	9.004789	5.288558
259.611529	-57.741823	-64.539087
387.213408	16.264680	11.519569
199.144461	-7.592809	-5.086527
256.963787	-17.511740	-20.740467
227.848127	-19.440261	-20.032433
282.976612	7.606301	-16.238592
269.043834	34.220766	20.902536
210.897868	0.234034	13.252147
198.179956	22.430658	20.699849
255.170654	38.932747	35.088400
211.935717	-56.183576	-59.388541
233.559167	-5.724670	-3.510212
193.559443	15.056603	9.586970
128.292287	-55.057083	115.470878
238.221771	-20.294447	-10.044662
292.581832	1.980145	-14.034473
338.545267	115.087874	191.112909
224.414162	-5.677419	-4.535315
205.729391	-26.235503	-21.589689
267.361909	-20.922274	-27.154634
229.969399	-41.588287	-32.033739
261.580092	54.570393	39.692500
267.935579	24.337930	17.944169
113.365429	171.752367	165.245238
299.270821	-87.570502	250.750813
251.562042	-14.675407	-20.621673
205.500991	-43.145797	-22.403646
232.198125	-117.906633	10.815788
399.333974	-809.980147	-709.474199
237.308074	-28.858231	-26.932650
245.532899	55.347006	43.110652
257.261258	32.466615	7.736525
239.209245	-32.046594	-28.503687
241.616919	24.617438	1.995513
240.648118	103.349198	70.221055
217.648775	60.821233	48.439450
159.902835	-41.605415	-45.669837
271.961944	33.442562	21.197182
436.252521	237.696787	229.859631
235.491645	-34.534471	-25.295411
330.651963	-79.152240	-102.977412
207.736293	8.593017	8.372628
267.262250	-15.915970	-18.550319
254.738423	-25.775844	-21.240481
238.070310	-42.012983	-32.375741
216.035340	11.827258	5.444740
349.532350	-62.528494	-71.392134
281.087308	18.264061	-4.364020
244.341545	-28.763336	-25.842698
270.490166	35.526903	22.328568
557.020706	-146.346824	-149.440772
183.850393	-8.014849	16.781895
187.224850	14.325433	13.581351
273.309848	3.424463	-6.193880
231.161101	-7.552001	-0.300026
227.253465	14.212214	-1.798231
655.154760	-122.785332	-128.618785
206.681838	3.831848	2.416086
379.759638	31.891777	24.791624
173.616483	51.833943	30.135209
223.586684	21.581419	17.436143
235.715278	-31.433986	-29.655009
222.048818	-1.672213	1.693112
255.290688	-21.534063	-29.982610
79.116630	654.735625	546.150417
255.940048	56.205969	61.128092
-1545.094155	-676.041582	1364.130092
570.863424	22.277846	14.816342
226.300062	7.290084	5.432168
329.825117	165.212457	154.531988
213.269143	0.105561	1.699872
187.350643	-33.740766	-48.784996
265.301926	1.523709	-9.295122
216.867781	46.446778	27.456640
252.178978	-3.549443	-2.985203
216.080643	32.438134	14.558455
211.244316	92.314317	79.100532
310.280474	-23.156806	-26.307987
215.192399	-29.166430	-24.511528
207.523153	-40.716566	-25.128204
255.289167	-28.253464	-19.387924
250.808478	-7.333573	-7.716231
232.404480	-31.304908	-24.480256
217.586073	35.104852	17.266175
681.882592	-2073.502668	-2073.801004
263.733693	-31.888889	-37.902807
217.902994	47.023595	16.545483
265.855295	-33.693798	-34.908609
-829.296580	-647.636980	-649.986296
199.164252	16.271443	15.425910
82.028988	216.566274	51.416850
250.788861	-7.697655	-5.488326
219.165261	92.251654	85.523446
327.498696	28.354841	29.545901
235.813941	-37.956514	-29.582292
197.990733	37.593991	35.072891
-9450.545249	13286.403945	13286.381672
244.083298	-0.927578	-2.433267
57.741068	-20.547108	-24.949821
255.413729	-14.317502	-18.798794
248.200906	26.017916	22.989240
142.084617	88.411923	85.505680
-1075.542130	96.230296	-500.905726
-1240.971126	-152.017053	-176.490982
246.060094	8.009682	2.389994
269.832770	-18.233726	-17.952055
242.658660	90.010949	72.439763
324.933446	113.316273	149.787381
113.533436	-46.252812	-49.025160
242.050327	-18.188539	-11.144901
232.801088	-12.103166	-1.136328
207.703714	6.576160	7.799410
254.951815	4.940162	6.170145
205.536196	-43.870163	-23.334070
356.671652	68.017628	-85.946241
188.993966	-36.229623	-25.649965
295.507738	47.981170	-14.618581
302.643557	27.936508	20.310744
302.692697	-10.294816	-20.213000
240.530816	79.654188	73.790740
236.913443	-18.334076	-16.038480
259.997032	2.433903	-6.234606
249.755402	-4.247559	-5.572779
261.310112	-135.284010	-128.669694
249.670996	2.996853	2.206950
500.740579	11.662981	8.504951
279.656349	-28.455528	-26.953268
220.253166	-12.556769	-2.062326
224.063558	14.163992	10.042523
168.859318	-107.371641	-103.193010
1012.306402	-1147.110749	-1232.598977
198.264647	8.312436	12.536692
251.356957	26.600733	23.196271
273.981427	25.374805	18.576607
208.755209	67.146061	56.327396
218.539427	-88.075721	-37.337496
250.679762	-1.840154	4.355166
260.838829	54.515514	37.529878
260.604718	55.998133	29.502099
148.373129	87.900420	81.201064
161.379859	57.596539	49.866910
155.250182	0.390831	-22.513389
284.781922	-12.504213	-14.787119
37.589171	56.795102	52.664072
231.233641	17.110580	9.082773
283.195559	-16.525529	-14.426086
160.953273	10.662928	9.048390
116.859984	2.775716	8.962202
229.646002	0.690205	-0.617977
238.001897	-26.312232	-21.151178
1239.967224	-533.161864	-545.586492
271.042796	74.354037	81.188786
264.849945	-30.477728	-31.012623
279.184295	31.611878	15.306523
236.844287	51.839345	22.632995
172.595233	19.600790	17.895177
264.184612	-0.723708	-2.960935
862.940278	-84.270046	-89.861752
211.544950	-1.363620	-21.570861
183.074135	-16.241838	11.745069
-276.078895	381.491182	54.617395
-320.202214	331.323545	-4.220130
-319.275641	348.090973	-72.177370
-338.800228	357.619434	-24.322138
-334.331612	370.442245	-12.007177
-306.065045	344.338332	-20.472793
-330.193036	353.266735	-42.624469
-335.644723	354.407375	-27.262116
-335.231434	365.277315	-15.834709
-339.863349	378.773355	-14.355494
-323.677840	357.441303	-15.996112
-333.206463	357.870229	-26.694124
-481.532623	297.642763	-157.145320
-321.176022	349.258930	-10.601554
-337.075344	400.862531	-11.264400
-316.476806	315.007244	-52.733441
-299.374462	338.259152	-73.234127
-319.855853	358.007696	-59.786925
-280.495446	344.329525	-11.028504
-347.536301	391.796316	-26.166042
-337.290668	367.881173	-18.336011
-326.181278	334.888958	-53.297592
-331.839957	358.613258	-32.698987
-286.864237	356.337260	-3.230448
-309.026717	338.678061	-17.804363
-337.104088	360.026320	-13.190035
-484.185801	301.863938	-214.893651
-346.163535	400.727185	-15.534337
-337.049248	333.840700	-286.125455
-322.360494	352.293662	-19.510799
-337.258219	368.141140	-18.043927
-183.866706	702.703803	-752.888580
-330.046729	355.735916	-23.172308
-296.716840	366.978784	-18.984750
-340.968059	405.516889	-18.247534
-340.028313	378.174016	-20.368357
-320.690751	335.268612	-76.871896
-320.257276	375.289046	-22.576508
-260.222879	363.743680	12.405718
-322.036993	321.828167	-63.967387
597.043853	2040.425070	982.701379
-277.727984	304.908537	-105.780625
-305.146350	340.394928	-12.474475
-347.454362	371.719616	-24.504663
-336.359642	368.069955	-15.718150
-331.263565	359.614969	-22.476279
-278.977991	529.131914	174.147078
-339.196401	330.756865	-48.334368
-325.214317	360.801480	-18.886396
321.191099	-599.497298	-914.597471
-332.181549	328.103460	-42.532718
-461.497307	497.383496	-12.191650
-328.187221	387.164524	-22.351324
-253.087966	346.279217	-46.871625
-330.580848	325.618176	-83.065616
-344.544473	355.643171	-61.413134
-344.009778	350.593863	-14.160205
-312.231257	312.112026	-28.208509
-342.437679	357.778237	-64.518853
-348.694781	356.694407	37.875817
-299.163344	355.320258	-9.477584
-339.918901	377.897451	-16.938330
-319.194696	357.440735	-26.514103
-334.041887	358.089691	-23.159254
-367.294299	358.797123	-231.446343
-351.389693	354.043161	-36.891383
-326.944105	365.897854	-22.872164
-304.157133	350.460805	-3.231872
-328.926736	356.306007	-19.144554
-326.040534	330.435977	-58.573324
-328.189466	309.880519	-149.728241
-331.931967	356.039826	-15.699398
-325.583155	317.140683	-47.365313
-351.698955	380.672908	-19.684606
-334.474443	329.582034	-47.771053
-329.776305	369.411795	-20.107581
-352.537027	365.511561	-25.236738
-336.032935	334.557587	-51.342598
-51.256621	233.161374	-82.649174
-342.073648	378.777421	-20.430417
-307.354003	362.654590	-27.343688
-337.475865	335.536982	-42.668686
-335.651985	365.947368	-16.515992
-337.079470	343.604205	-8.129652
-338.476510	377.782281	-19.931078
-385.775149	357.398161	-16.111605
-323.982121	345.893114	-26.527146
-310.799169	356.812078	3.836160
-332.241018	370.935181	-11.487477
-258.137120	334.290618	-62.426358
-319.480220	358.697373	-20.360627
-326.697198	330.425348	-54.375557
-331.515915	359.690709	-28.408971
-592.943108	373.961242	-680.718448
-377.519969	326.971525	-77.405678
-335.349783	366.822035	-19.594908
-328.526859	341.227425	-31.817779
-318.171258	314.661746	-69.219906
-333.559245	373.081665	-13.909591
-274.384286	353.113834	-7.845775
-351.667034	368.378893	-24.041592
-206.331335	616.718133	108.390121
-341.394770	366.295013	-16.456258
-327.621301	351.798780	-16.963790
-336.815742	428.112133	-32.977330
-315.083170	328.542202	-57.415625
-308.256255	363.168988	-19.119577
-333.190033	353.762334	-32.459624
-341.021286	377.233635	-18.965841
-339.501477	349.623232	-29.508519
-313.046275	366.090063	-21.931667
-308.634357	308.407930	-54.743359
-308.108317	345.769226	-20.505838
-333.485632	371.385705	-14.158235
-332.054050	368.897973	-12.786308
-348.485212	391.889184	-25.635498
-330.979015	403.677276	-18.502448
-327.682615	358.334117	-20.041847
-257.073064	260.622993	-88.725800
-326.956787	333.991886	-59.704613
-351.680220	382.998845	-21.733425
-317.900692	327.594755	-56.644550
-340.308747	377.041328	-17.152235
-313.757732	384.437485	-28.829091
-336.205790	332.123183	-53.100332
-341.764333	376.720041	-19.059256
-345.004736	394.449440	-25.501338
-314.312134	317.746821	-62.766683
-332.833539	356.322781	-27.344179
-357.133057	340.316861	-37.909233
-342.491893	349.576792	-16.768905
-339.005128	366.759482	-16.787539
-308.089274	326.923189	-58.661282
-528.133258	628.827716	-1207.373182
-327.233826	330.797775	-55.628020
-318.735606	326.219869	-25.509016
-326.320632	258.972284	-48.831959
-327.197867	402.235207	-51.562626
-321.021692	345.014262	-54.121964
-320.145205	417.678340	-3.702150
-338.669795	378.529638	-20.700444
-321.378177	335.626004	-57.112344
-324.972274	329.573183	-36.377005
-448.468162	234.510588	-129.558788
-318.499997	348.917016	-71.577375
-283.444575	222.975296	-139.083281
-319.156587	375.693349	-10.317743
-326.228333	360.956415	-24.650231
243.181361	175.031477	-16.317924
-332.085966	356.788911	-34.159718
-335.341185	342.144717	-53.715724
-299.872263	363.314378	-52.713545
-300.760749	245.903269	-150.285560
-324.539661	368.625095	-11.391467
-331.474488	376.399923	-14.842223
-334.964269	354.591375	-15.069502
-306.608353	347.204354	-42.344064
-340.938155	376.453846	-20.499616
-333.189109	370.971271	-10.998681
-331.843781	361.666082	-21.508585
-316.801326	330.190332	-57.760059
-339.171858	388.658064	-17.688212
-350.382552	376.091880	-19.038880
-295.494624	340.727220	-36.617901
-326.845256	371.559423	-8.711009
-317.374850	114.337306	38.807457
-331.973181	365.245106	-14.333855
-324.844653	348.050405	-17.082907
1322.227512	1314.799983	-13678.930350
-325.178953	342.863383	-28.006880
-331.816195	335.033632	-1.739174
-428.310760	303.886866	-53.631548
-319.387774	337.568253	-72.048615
-318.457600	313.326415	-53.171075
-328.615258	347.250180	-17.779096
-333.233940	347.403270	-44.917895
-338.101503	369.050140	-19.361359
-341.430187	385.521226	-15.031725
-328.056332	355.665695	-21.226376
-335.123942	367.733939	-17.731715
-313.876736	416.490995	25.377467
-320.349479	375.261271	-22.468042
-329.633459	360.439023	-13.793869
-333.600384	372.081899	-11.150140
-333.471555	363.055060	-15.408339
-317.200896	321.173931	-68.278569
-325.192891	348.998651	-34.333714
-332.871579	353.748442	-46.793556
-322.655165	329.325525	-43.436063
-330.295257	336.580155	22.161137
-303.223802	338.385724	-29.563480
-334.253063	361.832925	-17.298089
-344.372660	353.185439	-16.015495
-284.305873	370.887959	13.914098
-327.787546	364.100478	-18.035163
-294.826932	346.910617	-56.640601
-346.631287	383.120245	-42.144310
-212.480856	411.062225	-132.530904
-332.883052	361.321103	-20.563279
-329.624536	371.557718	-8.968178
-342.383325	362.417213	-11.052603
-307.987475	362.928939	-18.871512
-329.258367	344.384295	-22.165323
-335.085123	380.952724	-19.606454
