241.058541	-13.490898	-11.780088
233.196703	-4.839832	0.788768
227.267123	15.443166	3.712980
222.390260	-10.581982	-9.277074
861.459155	-204.153630	-207.637801
208.050332	11.408897	1.060881
208.272817	30.475718	17.247640
223.807313	21.888986	31.007066
261.542347	-1.560985	-12.727088
222.190148	-13.381834	-8.457350
212.610439	-27.879774	-26.191260
83.888753	100.203984	-35.932987
256.387110	3.139711	-6.526027
266.170944	127.444133	130.218232
239.991820	1.252142	-0.085906
222.372968	10.063678	14.633230
212.677198	7.758881	6.484011
245.807491	41.143030	31.041009
189.003118	39.382956	25.899165
-3980.977381	27490.542356	27490.523143
216.839101	-10.279022	-5.403619
234.154151	19.296144	14.773720
229.299139	15.738592	10.272736
222.814607	38.491276	15.360892
193.808043	34.225335	27.215278
181.345334	-93.158898	-99.101288
393.360877	202.065568	195.505103
257.104144	47.677926	46.710772
247.306844	70.534272	53.910969
422.409015	-59.561987	-80.345124
231.149343	-4.336191	-0.624691
232.718054	-14.037084	-8.705190
48.206445	775.476940	772.920402
255.874204	-35.744185	-35.779907
159.303960	-15.325923	13.019444
233.643358	-4.378871	-11.705361
163.944706	2.291690	7.259140
264.661380	-51.250142	-28.309475
191.272567	11.040181	-56.663442
-66.348846	-73.710084	-77.108701
231.070494	-31.106384	-28.368396
256.242071	25.170264	23.361881
246.236825	-28.351563	-26.392557
196.702920	5.786708	4.810206
249.592025	-53.429117	-59.767887
369.094956	13.463281	9.926748
189.250891	-10.317640	-4.540533
241.178900	-17.199055	-17.113842
221.522281	-18.612362	-15.927409
268.951511	5.463491	-15.911035
255.260611	33.612162	21.746553
203.959844	1.612215	6.710594
185.884238	21.525561	20.133006
245.381474	37.598394	33.578210
199.901496	-51.724199	-54.752573
219.313112	-8.602557	-3.957308
184.998382	13.170724	9.623583
117.588220	-54.925588	113.126065
228.544797	-26.115758	-11.755488
275.381776	0.978179	-14.920620
323.983483	111.903515	185.743085
218.560702	-1.768704	-1.616793
199.933207	-25.661509	-20.480706
251.519387	-16.370329	-21.500757
220.967412	-37.552130	-27.961151
245.357866	52.617019	37.053266
253.187933	19.926416	19.561110
108.940197	166.503378	160.045971
288.205550	-86.291835	251.522349
241.003466	-19.166323	-29.156203
192.796614	-44.486707	-22.490012
220.923662	-114.292355	9.806761
383.286448	-788.896699	-691.325456
228.724256	-25.435651	-26.000077
236.416867	51.235761	39.051588
250.741085	34.155148	-1.240238
230.509319	-30.260925	-22.115693
230.361065	20.048178	2.937167
229.860239	102.773816	71.471803
206.305635	59.683245	46.834717
154.050200	-40.612541	-44.442029
254.477162	33.366297	23.510799
418.006888	230.425569	222.901694
224.048176	-32.619078	-23.886897
318.321620	-77.305545	-100.694191
201.549262	12.499424	6.679173
252.319441	-13.910017	-13.710088
241.447370	-24.645365	-22.290451
225.351717	-36.651649	-30.736626
209.849307	10.174374	3.878155
334.212726	-59.090069	-67.746188
266.962073	18.015860	-4.287615
234.595250	-29.255561	-24.342769
257.567269	32.032088	17.428060
530.602990	-139.046958	-142.044190
176.144537	-7.552343	15.457062
179.492163	13.667098	14.664631
255.844162	6.098713	-6.133952
219.718519	-4.767460	-0.851723
219.422329	13.455165	0.118599
624.758554	-118.350335	-123.986080
201.412110	7.280890	4.994153
360.603208	32.603005	25.048312
164.356916	50.620082	29.479113
217.075099	20.084397	12.954608
226.826102	-25.518181	-20.985775
216.205511	-1.421099	2.257031
242.644152	-22.473287	-27.949056
72.694019	633.740108	528.448549
245.013085	55.602970	59.822916
-1497.042324	-654.577369	1317.556221
542.545709	21.031053	13.827135
217.010734	0.415944	3.334290
314.058593	160.629670	150.252042
207.804010	4.281492	2.392311
177.824863	-34.502766	-46.525825
252.325958	-1.417621	-6.802928
207.904462	43.499589	25.051147
244.580753	-5.564063	-2.643031
206.564567	27.059612	13.055003
202.184233	91.958496	79.373758
294.309216	-18.674277	-21.820894
207.582021	-29.993535	-23.326271
197.802183	-35.268245	-22.228652
243.764937	-24.888243	-17.735329
238.607236	-3.701375	-2.006558
222.641183	-26.994699	-21.116517
202.550940	36.200066	17.376801
650.397735	-1982.972961	-1983.259407
251.616523	-31.279522	-35.133330
206.990398	43.054026	17.451955
255.245357	-31.346826	-32.981837
-792.512311	-621.448879	-623.704325
193.131343	16.377551	12.218553
71.705368	212.595187	50.082526
236.662163	-11.809687	-2.895961
210.415661	89.504781	82.936724
311.456770	29.148051	29.860129
226.157229	-30.763063	-25.096733
189.406290	37.154786	34.125090
-9021.728016	12684.476171	12684.454891
230.693077	-1.494499	-1.772378
55.513659	-19.417026	-23.783072
238.591402	-11.421327	-17.382014
233.081924	28.781701	21.898161
134.998127	84.805047	80.594939
-1052.253753	95.242138	-485.869405
-1191.803376	-146.113825	-169.554370
232.621974	6.968174	2.382998
254.694134	-16.537571	-17.654129
232.497894	89.003364	72.326392
314.089733	113.765075	149.322474
104.320862	-45.600423	-49.174156
233.479909	-16.801962	-13.970749
224.264181	-8.296231	-2.560903
197.028458	7.900052	8.784680
241.518610	1.965547	4.112822
199.416843	-40.083268	-19.523826
344.149380	65.901330	-85.326481
182.886638	-35.345126	-25.226250
286.553098	48.681091	-14.787195
287.192969	28.728996	21.642049
291.595521	-11.041562	-20.302067
227.447062	76.999281	71.042676
227.023676	-15.448528	-11.558126
244.687601	5.314828	-8.259807
234.280620	-3.114838	-6.866187
249.404608	-131.495910	-125.613044
234.445388	5.875084	6.132850
477.840851	13.614710	10.544312
265.542472	-28.563970	-26.861879
208.948517	-14.559938	-4.655734
214.243338	13.659043	7.405391
157.430599	-103.428642	-99.501769
968.782337	-1102.849136	-1184.919460
191.839050	6.749664	13.555350
245.328635	24.349494	24.646484
262.124687	26.781716	16.946787
199.876078	63.223892	52.624503
207.303865	-84.193204	-35.747546
234.969230	-1.079577	-1.275432
248.775110	53.197126	37.210551
245.452456	52.637058	30.497631
141.612366	80.980571	75.754043
154.164389	53.909620	46.184316
146.005476	-1.638409	-21.282912
271.023194	-11.465983	-17.710418
35.381830	56.498480	52.369482
221.078750	16.123698	12.454007
272.069489	-17.347879	-15.507956
157.182329	11.368487	9.866299
111.828251	2.160146	7.933023
221.036174	2.497938	2.667097
230.874091	-21.924366	-22.801690
1185.044997	-511.284293	-523.193120
256.779408	71.861637	78.688308
247.252559	-28.086958	-26.522595
266.011239	32.068256	13.358503
226.020828	51.358864	22.104283
166.448819	20.503583	19.059694
251.463422	-0.881402	-1.203376
825.005328	-79.180759	-84.551773
201.628236	-3.813309	-21.823741
176.597418	-15.864060	10.803629
-271.824171	366.050539	51.357096
-316.437061	320.439277	-7.141894
-329.774422	348.909550	-73.606363
-320.140745	344.498427	-25.176759
-332.808014	355.937833	-20.886718
-290.787333	330.631789	-13.117942
-324.367683	339.693886	-36.727809
-317.263717	336.142071	-23.161517
-315.928669	351.158018	-13.803955
-335.450392	352.009589	-17.823327
-325.194055	341.818401	-12.326853
-324.356518	349.743553	-32.868120
-468.398421	282.193480	-151.127412
-317.191973	339.262781	-14.070914
-328.884641	379.438025	-12.148056
-313.605181	306.791150	-52.530562
-298.293631	321.503766	-70.846757
-317.846389	340.480114	-54.801020
-282.455168	328.246839	-13.653002
-340.221486	375.685036	-25.621242
-338.384473	350.244734	-11.490073
-316.343502	319.078306	-47.847659
-331.444455	338.160188	-23.049253
-284.110385	341.814967	-4.311179
-300.025603	318.046505	-15.629586
-326.683049	349.684877	-17.415690
-472.203850	287.840837	-204.779661
-340.763520	381.041254	-17.087284
-330.899854	317.567004	-286.410843
-322.914074	337.164075	-22.239300
-344.469453	354.238634	-27.292541
-181.447542	671.694643	-724.038842
-321.332593	346.690121	-15.599448
-297.005520	348.329023	-18.549607
-334.978656	384.105004	-18.267668
-353.318582	368.313301	-11.796715
-313.151109	318.882695	-71.612396
-318.487016	384.149531	-2.774008
-259.782312	349.230771	13.566633
-315.025579	311.401693	-62.771191
562.198125	1950.849190	940.064588
-274.700699	289.815983	-102.414067
-304.267170	324.292151	-10.242994
-336.965354	358.521024	-27.682435
-329.711427	355.771203	-24.418160
-328.299062	347.021212	-19.472561
-275.028081	505.689054	168.115389
-333.872751	318.500179	-45.478331
-331.139658	341.094716	-17.073547
298.744037	-571.601980	-871.404107
-325.756321	314.753290	-39.680719
-450.413360	472.405060	-13.323773
-324.038385	366.391529	-23.671132
-253.588995	331.100549	-42.300596
-324.391790	311.858712	-78.923783
-334.313386	339.832768	-56.954295
-334.601993	340.218754	-21.742325
-305.100560	304.975555	-25.092684
-335.462042	342.576954	-61.492644
-346.630410	342.408543	39.258662
-294.965671	338.187793	-11.120527
-333.585406	354.938868	-16.751696
-316.116657	353.251410	-24.138022
-335.459765	345.677544	-17.882355
-358.434003	339.852495	-223.182162
-341.796263	341.485417	-33.892271
-319.353657	371.669498	-25.885809
-306.622724	338.488497	-5.284011
-322.198535	350.827408	-18.737926
-325.229140	316.124135	-53.980396
-322.676915	293.984385	-143.636261
-331.198364	335.808913	-20.524362
-321.730698	307.679365	-46.448009
-344.751372	359.432412	-18.177870
-332.291960	315.737584	-47.752006
-331.270352	349.787739	-19.673642
-338.865461	348.732946	-25.673380
-327.721197	319.838018	-50.408137
-59.520895	222.512032	-77.579318
-332.582706	356.537377	-16.733115
-309.460549	342.519646	-24.787146
-333.238019	324.346681	-43.576322
-329.430675	347.398787	-15.044282
-331.288538	331.195977	-10.082716
-316.731158	361.464538	-22.226495
-374.459667	341.255078	-13.112194
-324.755312	338.025074	-21.191322
-309.457278	336.119696	1.450251
-320.134339	350.942061	-6.954613
-254.121400	318.837173	-60.481956
-314.569402	344.584773	-19.041373
-321.145971	325.144999	-47.841698
-336.413826	339.849163	-27.892395
-581.343184	357.416333	-663.716784
-369.669300	310.278633	-74.140029
-326.458584	353.685363	-21.465844
-331.131367	325.584349	-25.697031
-311.936625	302.859542	-65.248861
-340.688157	351.396243	-18.932472
-275.439951	335.900467	-7.909466
-344.403286	356.805795	-18.257341
-206.685051	591.261305	105.721471
-326.596511	349.741708	-12.114077
-322.709835	343.210365	-18.932433
-329.742336	406.019268	-28.775368
-317.185982	315.969278	-57.615361
-305.793088	350.014467	-13.031675
-325.865360	341.650428	-31.327908
-338.696426	367.144383	-16.739247
-339.031266	337.917377	-27.926411
-314.711616	349.042979	-17.104088
-304.570936	296.354749	-52.814480
-312.937305	330.991972	-18.051618
-322.428381	355.447643	-15.946150
-324.967260	341.550250	-16.827088
-337.782026	361.428689	-23.014206
-328.952795	384.398945	-21.597148
-316.242252	348.556935	-17.407483
-254.631998	248.960394	-84.058283
-321.116756	319.016701	-51.214211
-339.832239	360.350243	-24.418798
-314.766596	317.753771	-51.713026
-322.222627	350.388898	-4.167494
-310.167022	363.964468	-24.496999
-329.746182	321.112170	-47.389723
-329.570885	352.003965	-22.796602
-334.328158	372.143178	-21.581907
-306.466738	300.931538	-58.283293
-328.370122	344.224975	-21.661671
-343.277589	323.878014	-34.351521
-334.752130	334.454395	-18.033431
-317.286660	346.054978	-26.791086
-309.080980	311.386020	-54.082859
-512.109448	600.019813	-1154.599940
-328.623599	322.589866	-54.355934
-316.741440	314.019287	-29.632869
-319.922998	248.688392	-45.325657
-320.833151	378.939794	-49.722528
-314.979969	328.513196	-50.578056
-316.899408	399.213626	-3.618440
-340.197645	370.046773	-17.004318
-314.989934	318.965790	-47.804917
-320.340227	320.109640	-37.984766
-436.869713	220.440957	-126.540791
-325.899582	351.285916	-67.173213
-277.233629	212.606365	-131.901410
-320.039972	359.522960	-14.593800
-316.828036	347.979303	-33.900729
231.476016	163.912412	-15.049869
-322.441587	341.126544	-23.477859
-332.172496	327.918576	-53.616803
-295.798400	344.922203	-47.400524
-294.619899	233.654674	-144.814402
-328.498774	353.282910	-20.113940
-335.854730	353.441126	-17.951096
-324.174557	345.711671	-13.136565
-302.537294	330.361791	-37.812361
-324.366679	360.658520	-18.765920
-335.355852	330.808691	-12.589472
-328.132776	351.044136	-8.691492
-310.790918	309.925802	-51.958093
-335.185972	363.658603	-21.984638
-336.098850	359.651968	-18.249240
-289.647605	328.613270	-32.935724
-322.628516	350.212348	-17.204161
-310.723016	105.763029	37.788001
-330.385493	343.879760	-23.733412
-325.102376	335.317596	-23.264018
1257.379966	1255.476383	-13084.138035
-328.254928	330.145017	-32.192973
-324.428458	323.336987	-7.434495
-418.072555	288.202540	-51.739734
-315.223599	323.738387	-67.210091
-312.467658	300.038313	-53.899677
-325.247493	337.295513	-21.297220
-323.546170	332.587927	-41.325129
-323.592073	358.553210	-13.562642
-338.671310	361.111390	-20.908863
-321.010785	353.365933	-15.392983
-338.002141	354.801384	-12.545683
-308.694925	399.637484	24.333637
-323.000268	367.113574	-21.639940
-319.509942	343.539555	-9.975782
-342.235271	349.053427	-7.560586
-332.745055	347.667053	-27.762317
-311.476393	307.155957	-64.814753
-321.435617	338.589318	-31.250290
-324.668359	334.392138	-40.408962
-322.520542	317.956709	-44.283976
-326.830493	320.673748	16.148713
-302.685197	329.650167	-26.335535
-330.546260	355.035514	-17.522608
-338.210274	339.447490	-20.144722
-283.258768	354.771352	13.147017
-317.216610	353.030606	-22.674970
-293.722104	331.302540	-53.403702
-338.138761	366.143793	-36.497538
-207.002447	395.882215	-129.986922
-324.454680	292.767242	-74.738346
-333.115754	356.984613	-15.382538
-332.881949	353.670703	-12.373377
-307.571526	337.746131	-22.155222
-321.631137	337.343217	-22.613141
-332.995189	354.522487	-18.416627
