0.010110	0.015245	0.015127
-0.136340	-0.073427	-0.073623
-0.000992	-0.001007	-0.001492
0.004866	0.002406	0.002130
-0.007467	0.000355	0.000076
0.024688	0.001725	0.001520
0.001741	0.002702	0.001959
0.001606	0.001499	-0.000976
45.939278	10.756732	10.731236
0.074269	-0.039635	-0.039817
0.001524	0.004128	0.003894
-0.004028	-0.006980	-0.007762
0.004000	0.005738	0.005272
0.015418	-0.000240	-0.000924
-0.010431	-0.001297	-0.003947
0.002006	0.018051	0.017948
0.014388	-0.001246	-0.001365
-0.002096	0.001534	0.000599
0.003996	-0.003495	-0.003731
0.003733	-0.003282	-0.003962
-0.127980	0.002879	0.001024
0.009662	-0.018069	-0.018220
0.043792	-0.428462	-0.431851
-0.040511	-0.000652	-0.000850
0.002053	-0.007214	-0.007385
0.000287	0.001926	0.001729
0.004622	0.001284	0.000740
0.005986	0.009475	0.007402
0.004078	0.002351	0.002112
0.015392	-0.001883	-0.002002
-0.010084	0.011368	0.011152
-0.062852	0.058804	0.058667
0.005346	-0.000265	-0.000837
-0.002735	0.006173	0.006016
0.005457	0.000610	0.000393
0.004591	0.001276	0.001038
0.011340	-0.009380	-0.009662
-0.002834	0.000096	-0.000169
-0.003576	-0.013975	-0.014106
-0.005166	-0.002773	-0.002897
0.016434	-0.015627	-0.015833
0.000950	-0.011338	-0.011645
0.004569	-0.000196	-0.000422
-0.002350	0.001223	0.000995
0.003924	-0.002347	-0.002558
-0.003609	-0.007466	-0.007734
0.003263	0.002394	0.002244
-0.039687	-0.015225	-0.017236
0.004644	0.004161	0.001581
0.003605	0.000272	0.000062
0.001289	0.001134	-0.000223
0.045531	-0.013208	-0.013381
0.004007	0.019652	0.019111
-0.000533	-0.001510	-0.001843
0.011001	0.004413	0.004129
0.032869	14.028739	14.021498
0.001564	0.001898	0.001220
0.005988	-0.018906	-0.019287
0.060673	-0.017821	-0.020698
0.030538	-0.004579	-0.004698
-0.008388	0.001067	0.000917
0.004086	0.015915	0.015700
-0.002365	0.009835	0.009520
-0.017629	0.002601	0.002469
-0.000278	-0.006982	-0.007357
0.006174	0.007985	0.007825
-0.001299	-0.027192	-0.028606
-0.024120	0.020798	0.020694
-0.075670	-0.057950	-0.058828
0.000786	0.006501	0.005758
0.089357	-0.019282	-0.022439
-0.002802	-0.010507	-0.010684
-0.000765	0.007196	0.007068
0.038840	-0.015728	-0.015830
-0.046688	0.032043	0.031710
0.042193	0.054371	0.054241
-0.004593	0.009106	0.007263
-0.000822	0.004439	0.002997
0.007111	-0.007327	-0.008195
0.010244	-0.001547	-0.001665
0.006378	-0.005680	-0.006718
-61.989244	-40.796464	-40.758404
-0.009570	-0.034577	-0.034752
0.001810	-0.002119	-0.002476
0.007411	-0.009007	-0.009129
-0.007627	0.013321	0.013134
-0.004033	-0.018219	-0.018352
0.047108	-0.014712	-0.016022
0.045075	0.018836	0.017381
0.143216	0.090106	0.089912
0.015901	0.000954	0.000852
-0.007142	0.057407	0.057234
-0.016438	-0.005341	-0.005480
0.000692	0.002408	0.000641
-0.013341	0.006361	0.005514
-0.002751	-0.001393	-0.001773
-0.019718	0.024103	0.020818
0.021095	0.013511	0.013202
0.008899	0.025024	0.024923
0.021356	-0.000233	-0.000349
0.052142	0.027039	0.026940
0.029990	-0.009219	-0.009344
0.114501	-0.127961	-0.128092
0.015752	0.003040	0.002943
0.034820	-0.049440	-0.049818
-0.001265	0.002373	0.002180
-0.008346	-0.009306	-0.009605
-0.004260	0.000994	0.000822
-0.012774	-0.030590	-0.030905
0.001180	0.000152	-0.000122
0.009245	0.002233	0.002123
-0.014645	0.008812	0.008406
0.067054	-0.442186	-0.442316
-0.004490	-0.002895	-0.003133
-0.006386	-0.006640	-0.009046
-0.002730	0.004983	0.004621
0.013222	0.002045	0.001923
0.014202	0.001632	0.000034
0.005578	0.015491	0.015368
-0.003046	-0.007608	-0.007714
-0.000044	-0.001927	-0.002095
-0.010861	0.005887	0.005524
0.019131	-0.068335	-0.068471
-0.004571	0.009394	0.009285
0.008398	-0.008543	-0.008716
0.007799	0.009846	0.009710
0.003186	0.000843	0.000596
-0.024757	0.012009	0.011763
0.063698	-0.056299	-0.057872
0.010554	-0.006981	-0.007262
-0.006035	0.004778	0.004366
-0.005043	0.021872	0.021552
-0.004918	0.006476	0.004768
-0.052054	-0.011791	-0.011894
-0.000796	-0.002016	-0.002183
0.008305	0.028079	0.027919
0.002060	-0.001608	-0.002764
-0.072851	0.001871	0.001683
0.070089	0.074858	0.074014
-0.006586	0.001844	0.000805
0.002680	0.009068	0.007546
0.065052	0.001269	-0.000583
0.008579	-0.002020	-0.002152
0.011173	0.025914	0.025757
0.012176	0.003203	0.003048
0.027959	0.014456	0.014342
-0.005565	0.010511	0.010372
0.022134	-0.008601	-0.008717
0.002820	-0.002001	-0.003085
0.004357	0.001780	0.001630
0.017074	0.001042	0.000714
0.002126	-0.005875	-0.006634
-0.088587	0.360317	0.360187
-0.011273	0.016754	0.013470
-0.009823	0.020314	0.020141
0.008521	0.008475	0.006266
-0.002541	-0.000290	-0.000551
-0.217953	0.415352	0.411953
0.001252	-0.001776	-0.002401
-0.010873	-0.000839	-0.004001
0.003263	-0.004164	-0.004477
0.612064	0.685144	0.684981
-0.038193	0.051559	0.051183
0.004845	0.003236	0.002687
-0.008845	0.016503	0.016372
-0.003731	-0.009240	-0.010267
-0.004671	-0.005402	-0.005897
0.013341	-0.002910	-0.004123
0.001809	-0.009360	-0.009510
-0.005905	0.005671	0.005499
-0.029169	0.029949	0.029811
-0.010493	0.007948	0.005310
0.043648	-0.051816	-0.051915
0.013593	0.019506	0.019376
0.042801	-0.021334	-0.021659
-0.003396	-0.001565	-0.002027
-0.002850	-0.007940	-0.008167
0.003550	-0.026539	-0.026711
0.001898	0.002098	0.001152
3.748413	-1373.658720	-1373.032702
0.003860	0.001983	0.001450
0.002120	0.003812	0.003631
0.013967	-0.004615	-0.004771
0.003604	0.000169	-0.001680
-0.014096	-0.006784	-0.007370
0.032000	-0.026395	-0.026556
0.018236	0.009723	0.009613
0.003416	0.004144	0.003163
0.000446	0.001591	0.001349
0.007079	0.001439	0.000665
0.099639	-0.043276	-0.043410
0.005982	0.001008	0.000877
-0.002559	0.007803	0.007671
-0.002555	-0.003796	-0.006823
-0.013509	0.001969	0.001826
-0.005525	0.012984	0.010602
0.034168	-0.001067	-0.001168
-0.001660	-0.007972	-0.008436
-0.011535	0.012980	0.009974
-0.617753	-0.679391	-0.679553
-0.000607	-0.003212	-0.003342
-0.099891	0.138691	0.138559
-0.033459	-0.002739	-0.002954
-0.029287	0.005926	0.005596
-83.969452	84.020359	0.022958
-83.996511	83.974447	-0.025448
-84.009466	84.011217	0.011333
-84.009166	84.000419	0.001085
-84.026175	83.975020	-0.024787
-83.992508	84.003417	0.003596
-84.001777	83.998711	-0.001040
-84.009267	84.007373	0.007644
-83.999917	83.988742	-0.009520
-101.924282	102.396837	1.421091
-84.008101	84.000193	0.000321
-83.987658	83.996404	-0.003537
-84.037797	84.044289	0.043047
-84.002931	84.001923	0.002036
-83.978900	84.022305	0.022496
-84.018610	83.993150	-0.005512
-83.990826	83.996620	-0.003224
-83.996735	83.995659	-0.003993
-83.967855	84.004985	0.005119
-84.018185	83.977291	-0.022573
-84.016986	84.014301	0.014441
-84.008077	83.989494	-0.008685
-84.038698	83.953179	-0.046691
-84.003468	83.993824	-0.005915
-83.999780	83.998067	-0.001196
-84.025410	83.988877	-0.010844
-83.999419	83.999349	-0.000201
-84.013871	84.011409	0.012104
-84.006089	83.993474	-0.006398
-83.988585	84.009183	0.009351
-84.011558	84.002920	0.003272
-83.998889	83.995211	-0.004566
-84.039184	83.975637	-0.024048
-83.989003	84.010837	0.011606
-84.007800	83.988915	-0.010638
-84.011947	84.002914	0.003026
-84.004108	83.995711	-0.003366
-84.004287	83.994134	-0.004541
-83.982102	83.993803	-0.006058
-84.018177	83.999815	0.000015
-83.987137	83.992531	-0.007299
-83.956320	83.956552	-0.043309
-68.191796	138.114588	0.522714
-84.000410	84.009590	0.011852
-84.031663	84.002279	0.003163
-84.018218	84.004918	0.003953
-84.007001	83.991559	-0.006556
-84.005741	83.997976	-0.001869
-84.015801	84.008732	0.008849
-83.966537	84.000053	-0.000199
-84.010227	83.990979	-0.008942
-83.996230	84.002931	0.003094
-84.002767	83.992567	-0.006279
-84.002541	83.976507	-0.023343
-83.993164	83.993989	-0.005526
-83.996281	83.971108	-0.056529
-83.999388	83.996683	-0.003033
-83.989955	84.016941	0.017101
-83.992861	84.000369	0.001329
-84.011116	84.001840	0.001950
-84.014310	84.002191	0.002310
-84.071581	84.023005	0.023133
-84.003894	84.000369	0.000567
-83.986418	84.017175	0.020034
-83.994355	83.986037	-0.013248
-84.089294	84.050378	0.050475
-83.983474	84.010335	0.010703
-83.995274	83.991595	-0.008262
-84.003305	83.999501	0.000482
-83.995581	83.993472	-0.005948
-83.949664	84.081958	0.082055
-84.036290	83.994215	-0.005673
-84.005016	84.004260	0.005789
-84.009153	84.006060	0.006319
-84.012186	84.001068	0.001192
-83.988760	83.994594	-0.005310
-84.020460	83.995838	-0.002637
-83.981327	83.996707	-0.003126
-83.996541	83.994950	-0.004886
-83.994810	83.998967	-0.000703
-83.990795	84.009623	0.009852
-84.001868	84.006761	0.006994
-83.989073	83.994059	-0.005127
-83.994901	83.993990	-0.005894
-83.999399	84.001264	0.002170
-84.015847	84.007432	0.008267
-83.999936	83.999503	-0.000255
-84.011830	84.007814	0.007957
-84.055868	84.126619	0.125233
-84.025892	84.031017	0.031103
-83.997059	83.999533	-0.000333
-83.994075	83.983807	-0.015974
-83.992851	84.005694	0.005844
-84.009883	83.999969	0.002353
-83.985290	83.995651	-0.004231
-83.994873	83.991637	-0.006808
-84.034125	84.005384	0.007400
-83.989276	84.007709	0.009684
-84.017827	83.980222	-0.019686
-84.011951	84.007730	0.007183
-84.001005	83.998851	-0.001011
-83.979104	84.010231	0.010296
-84.010811	83.997067	-0.001684
-84.005813	83.994217	-0.004880
-84.016310	83.996110	-0.003752
-83.998555	84.001773	0.002082
-84.035754	84.028945	0.028947
-84.001863	83.997271	-0.002326
-84.007006	83.997214	-0.002671
-84.003854	83.988619	-0.011275
-84.018548	84.026682	0.026788
-83.992535	84.002243	0.002398
-84.001347	84.001668	0.001827
-84.010007	83.999421	-0.000432
-84.004401	83.999793	-0.000072
-83.990868	84.002238	0.002780
-84.001691	83.990212	-0.009296
-83.995485	83.990590	-0.009268
-84.015646	84.007139	0.007239
-84.001415	84.004532	0.004682
-83.992881	83.998929	-0.000888
-84.045370	83.995736	-0.004145
-106.949578	89.780878	-59.010274
-84.042203	84.015444	0.015568
-84.014602	84.003782	0.003866
-83.998995	83.998891	-0.000788
-83.999266	84.002756	0.003098
-83.987262	84.000552	0.000780
-84.002619	83.987776	-0.012068
-83.997998	84.000092	0.000255
-84.011877	84.006637	0.007363
-84.094178	84.022602	0.022710
-84.005385	83.996634	-0.002861
-83.992752	84.013062	0.013270
-83.970689	84.010334	0.010537
-83.993509	83.979016	-0.020270
-83.962655	83.966283	-0.033645
-84.001297	84.003023	0.003494
-83.985965	84.010507	0.010707
-83.894599	83.887460	-0.112873
-113.077789	98.575263	-7.963353
-102.662733	102.537459	0.963694
-84.006266	84.000382	0.000733
-84.021303	83.994702	-0.003018
-83.982294	84.041377	0.041501
-84.000037	83.998776	-0.000722
-83.996204	83.997640	-0.002211
-84.035299	84.024785	0.026630
-84.000512	83.996025	-0.003635
-84.051756	84.001575	0.001741
-96.210304	111.437795	8.085193
-84.052257	83.987706	-0.012254
-84.014354	83.977086	-0.021016
-84.008211	83.994433	-0.005477
-83.986795	83.982897	-0.016839
-84.004627	83.992456	-0.007197
-84.009291	84.000274	0.000397
-84.001196	84.003217	0.003319
-83.998159	84.007045	0.007327
-104.432356	102.288589	0.057548
-83.992191	83.994712	-0.005048
-83.998037	83.998363	-0.001434
-83.999229	84.005470	0.005832
-83.999213	84.002666	0.002877
-84.003259	84.005396	0.005553
-83.973263	84.008781	0.010815
-83.996477	83.990905	-0.008980
-84.030542	84.002674	0.003403
-84.012336	83.981959	-0.015328
-83.993330	83.998886	-0.000988
-83.982808	84.010695	0.010982
-83.994979	83.947043	-0.050475
-83.985061	84.000928	0.001203
-83.986082	84.002333	0.004991
-84.010080	83.993537	-0.006355
-83.997653	83.994167	-0.005631
-98.889957	112.647630	-78.581509
-83.976945	84.038602	0.038697
-83.995534	83.985684	-0.016179
-84.017435	84.002391	0.002485
-83.997236	83.999400	-0.000215
-84.017299	84.012586	0.012759
-83.942676	83.987539	-0.010277
-84.002762	83.996975	-0.002734
-83.928055	83.919374	-0.080615
-83.895496	84.047001	0.047059
-84.004600	84.008783	0.009250
-83.996436	84.001200	0.001340
-84.003475	84.006688	0.006831
-83.991935	84.001446	0.001698
-84.018362	83.987681	-0.011649
-83.999814	83.993661	-0.005962
-84.008709	84.011869	0.011961
-84.015733	84.011461	0.013519
-83.996808	83.996032	-0.001983
-84.009942	84.009921	0.010005
-84.006032	83.999668	0.000203
-83.991075	83.994848	-0.003376
-84.000429	83.999336	-0.000456
-84.005290	83.963177	-0.036811
-84.050981	83.917556	-0.082437
-83.998866	84.002148	0.002564
-83.940444	84.001161	0.004143
-84.000495	84.001892	0.002089
