0.010242	0.015447	0.015325
-0.138339	-0.074520	-0.074722
-0.000998	-0.001012	-0.001514
0.004928	0.002442	0.002157
-0.007567	0.000362	0.000075
0.025019	0.001750	0.001539
0.001793	0.002756	0.001991
0.001626	0.001549	-0.001008
45.940172	10.751994	10.726441
0.075289	-0.040164	-0.040353
0.001543	0.004185	0.003944
-0.004074	-0.007058	-0.007867
0.004061	0.005819	0.005336
0.015627	-0.000231	-0.000939
-0.010576	-0.001286	-0.004012
0.002033	0.018290	0.018184
0.014579	-0.001261	-0.001384
-0.002114	0.001569	0.000599
0.004047	-0.003538	-0.003781
0.003791	-0.003315	-0.004021
-0.129759	0.007565	0.005630
0.009793	-0.018305	-0.018462
0.046178	-0.439023	-0.442507
-0.041038	-0.000659	-0.000864
0.002082	-0.007306	-0.007482
0.000291	0.001955	0.001752
0.004669	0.001324	0.000764
0.006064	0.009626	0.007486
0.004134	0.002387	0.002140
0.015596	-0.001905	-0.002029
-0.010212	0.011520	0.011297
-0.063722	0.059611	0.059470
0.005425	-0.000260	-0.000852
-0.002767	0.006256	0.006094
0.005532	0.000622	0.000398
0.004656	0.001295	0.001049
0.011495	-0.009501	-0.009793
-0.002866	0.000100	-0.000175
-0.003622	-0.014156	-0.014291
-0.005232	-0.002808	-0.002935
0.016655	-0.015831	-0.016044
0.000969	-0.011484	-0.011803
0.004633	-0.000196	-0.000429
-0.002377	0.001242	0.001008
0.003974	-0.002374	-0.002591
-0.003651	-0.007562	-0.007840
0.003307	0.002428	0.002273
-0.040218	-0.015400	-0.017477
0.004700	0.004244	0.001586
0.003651	0.000278	0.000062
0.001314	0.001169	-0.000237
0.046132	-0.013380	-0.013560
0.004065	0.019908	0.019352
-0.000534	-0.001525	-0.001869
0.011147	0.004477	0.004183
0.032891	14.028799	14.021540
0.001589	0.001935	0.001235
0.006074	-0.019152	-0.019547
0.061463	-0.018026	-0.020989
0.030942	-0.004638	-0.004760
-0.008495	0.001083	0.000929
0.004138	0.016126	0.015905
-0.002399	0.009966	0.009642
-0.017859	0.002638	0.002501
-0.000276	-0.007067	-0.007455
0.006259	0.008092	0.007926
-0.001326	-0.027502	-0.028970
-0.024441	0.021076	0.020968
-0.076716	-0.058747	-0.059651
0.000802	0.006600	0.005830
0.090593	-0.019536	-0.022783
-0.002840	-0.010643	-0.010824
-0.000775	0.007292	0.007161
0.039354	-0.015935	-0.016040
-0.047311	0.032477	0.032133
0.042734	0.055091	0.054958
-0.004654	0.009250	0.007348
-0.000819	0.004523	0.003027
0.007205	-0.007407	-0.008302
0.010378	-0.001565	-0.001687
0.006469	-0.005742	-0.006820
-61.989224	-40.796034	-40.758035
-0.009696	-0.035042	-0.035223
0.001839	-0.002141	-0.002511
0.007510	-0.009123	-0.009249
-0.007728	0.013498	0.013306
-0.004084	-0.018456	-0.018593
0.047703	-0.014913	-0.016274
0.045521	0.018913	0.017402
0.145313	0.091420	0.091220
0.016111	0.000968	0.000863
-0.007237	0.058176	0.057999
-0.016653	-0.005409	-0.005552
0.000699	0.002464	0.000642
-0.013506	0.006458	0.005587
-0.002784	-0.001404	-0.001797
-0.019990	0.024449	0.021072
0.021379	0.013692	0.013371
0.009018	0.025355	0.025251
0.021638	-0.000234	-0.000354
0.052833	0.027405	0.027302
0.030385	-0.009337	-0.009467
0.116229	-0.129918	-0.130054
0.015960	0.003082	0.002982
0.035286	-0.050110	-0.050499
-0.001278	0.002407	0.002208
-0.008459	-0.009424	-0.009732
-0.004313	0.001009	0.000831
-0.012936	-0.030992	-0.031318
0.001199	0.000159	-0.000124
0.009368	0.002264	0.002150
-0.014831	0.008932	0.008511
0.068583	-0.452430	-0.452564
-0.004545	-0.002929	-0.003176
-0.006469	-0.006700	-0.009190
-0.002761	0.005055	0.004680
0.013396	0.002074	0.001948
0.014390	0.001676	0.000026
0.005653	0.015697	0.015569
-0.003085	-0.007706	-0.007816
-0.000045	-0.001949	-0.002122
-0.011007	0.005966	0.005593
0.019390	-0.069251	-0.069392
-0.004630	0.009520	0.009407
0.008512	-0.008653	-0.008832
0.007901	0.009977	0.009837
0.003226	0.000858	0.000603
-0.025084	0.012169	0.011916
0.063458	-0.056542	-0.058175
0.010698	-0.007070	-0.007361
-0.006109	0.004848	0.004422
-0.005102	0.022165	0.021833
-0.004987	0.006583	0.004826
-0.052747	-0.011945	-0.012051
-0.000803	-0.002040	-0.002213
0.008412	0.028454	0.028289
0.002092	-0.001611	-0.002806
-0.073844	0.001908	0.001714
0.071065	0.075911	0.075041
-0.006670	0.001885	0.000816
0.002714	0.009209	0.007640
0.065919	0.001312	-0.000602
0.008695	-0.002045	-0.002181
0.011320	0.026256	0.026094
0.012336	0.003248	0.003088
0.028326	0.014648	0.014530
-0.005635	0.010651	0.010508
0.022424	-0.008712	-0.008831
0.002867	-0.002011	-0.003136
0.004414	0.001806	0.001652
0.017303	0.001062	0.000723
0.002163	-0.005945	-0.006732
-0.090378	0.369483	0.369349
-0.011438	0.017002	0.013626
-0.009949	0.020586	0.020407
0.008631	0.008613	0.006335
-0.002569	-0.000290	-0.000560
-0.222726	0.425836	0.422343
0.001278	-0.001791	-0.002440
-0.011024	-0.000816	-0.004074
0.003309	-0.004213	-0.004535
0.648194	0.725302	0.725135
-0.038716	0.052257	0.051870
0.004911	0.003289	0.002722
-0.008961	0.016722	0.016587
-0.003771	-0.009350	-0.010417
-0.004725	-0.005469	-0.005982
0.013536	-0.002929	-0.004189
0.001836	-0.009480	-0.009635
-0.005981	0.005749	0.005571
-0.029553	0.030362	0.030219
-0.010633	0.008083	0.005356
0.044228	-0.052503	-0.052606
0.013774	0.019762	0.019628
0.043376	-0.021614	-0.021950
-0.003433	-0.001581	-0.002060
-0.002883	-0.008043	-0.008277
0.003600	-0.026887	-0.027064
0.001926	0.002142	0.001165
3.748410	-1373.658687	-1373.032673
0.003909	0.002022	0.001472
0.002151	0.003864	0.003677
0.014153	-0.004673	-0.004834
0.003657	0.000197	-0.001718
-0.014270	-0.006877	-0.007480
0.032422	-0.026743	-0.026909
0.018477	0.009853	0.009739
0.003465	0.004214	0.003201
0.000452	0.001616	0.001367
0.007181	0.001469	0.000668
0.100999	-0.043875	-0.044013
0.006064	0.001023	0.000887
-0.002591	0.007908	0.007772
-0.002598	-0.003814	-0.006932
-0.013683	0.001997	0.001849
-0.005604	0.013182	0.010730
0.034618	-0.001080	-0.001184
-0.001673	-0.008071	-0.008553
-0.011696	0.013180	0.010088
-0.653957	-0.719473	-0.719641
-0.000613	-0.003252	-0.003386
-0.101423	0.140794	0.140657
-0.033896	-0.002773	-0.002995
-0.029666	0.006007	0.005665
-83.969041	84.020608	0.023280
-83.996465	83.974106	-0.025786
-84.009593	84.011362	0.011483
-84.009285	84.000415	0.001100
-84.026524	83.974688	-0.025113
-83.992409	84.003459	0.003643
-84.001799	83.998690	-0.001054
-84.009388	84.007466	0.007744
-83.999910	83.988574	-0.009639
-101.924879	102.396721	1.421325
-84.008210	84.000193	0.000326
-83.987499	83.996356	-0.003588
-84.037703	84.044283	0.043112
-84.002970	84.001946	0.002062
-83.978621	84.022597	0.022795
-84.018856	83.993041	-0.005578
-83.990709	83.996573	-0.003265
-83.996691	83.995597	-0.004046
-83.967431	84.005049	0.005186
-84.018426	83.976993	-0.022867
-84.017213	84.014486	0.014631
-84.008184	83.989327	-0.008787
-84.039210	83.952554	-0.047312
-84.003514	83.993738	-0.005992
-83.999777	83.998030	-0.001210
-84.025746	83.988726	-0.010987
-83.999413	83.999333	-0.000204
-84.014059	84.011548	0.012266
-84.006168	83.993386	-0.006482
-83.988438	84.009302	0.009474
-84.011715	84.002956	0.003319
-83.998878	83.995145	-0.004625
-84.039666	83.975317	-0.024353
-83.988855	84.010969	0.011761
-84.007905	83.988762	-0.010777
-84.012107	84.002951	0.003067
-84.004165	83.995640	-0.003406
-84.004350	83.994037	-0.004590
-83.981870	83.993719	-0.006137
-84.018420	83.999811	0.000018
-83.986968	83.992430	-0.007395
-83.955733	83.955972	-0.043885
-68.191836	138.114368	0.523393
-84.000418	84.009695	0.012022
-84.032111	84.002318	0.003201
-84.018489	84.005025	0.003937
-84.007092	83.991424	-0.006632
-84.005820	83.997947	-0.001892
-84.016011	84.008845	0.008966
-83.966092	84.000071	-0.000229
-84.010363	83.990860	-0.009060
-83.996184	84.002967	0.003136
-84.002814	83.992453	-0.006351
-84.002575	83.976196	-0.023650
-83.993075	83.993902	-0.005599
-83.996191	83.970974	-0.056626
-83.999385	83.996636	-0.003070
-83.989827	84.017162	0.017327
-83.992763	84.000362	0.001348
-84.011264	84.001863	0.001977
-84.014500	84.002218	0.002342
-84.072560	84.023300	0.023433
-84.003949	84.000371	0.000575
-83.986232	84.017373	0.020308
-83.994286	83.985842	-0.013419
-84.090533	84.051096	0.051196
-83.983263	84.010467	0.010848
-83.995215	83.991483	-0.008370
-84.003361	83.999483	0.000498
-83.995521	83.993379	-0.006025
-83.948960	84.083104	0.083201
-84.036771	83.994138	-0.005748
-84.005091	84.004294	0.005872
-84.009278	84.006137	0.006404
-84.012346	84.001080	0.001208
-83.988614	83.994525	-0.005380
-84.020731	83.995763	-0.002662
-83.981086	83.996662	-0.003166
-83.996497	83.994881	-0.004950
-83.994748	83.998949	-0.000710
-83.990679	84.009747	0.009985
-84.001897	84.006847	0.007088
-83.988939	83.993970	-0.005186
-83.994836	83.993909	-0.005972
-83.999397	84.001267	0.002203
-84.016067	84.007521	0.008386
-83.999939	83.999493	-0.000257
-84.011988	84.007915	0.008062
-84.056726	84.128698	0.126985
-84.026236	84.031427	0.031516
-83.997022	83.999524	-0.000339
-83.994001	83.983592	-0.016181
-83.992757	84.005767	0.005921
-84.010010	83.999942	0.002396
-83.985099	83.995592	-0.004287
-83.994805	83.991506	-0.006890
-84.034584	84.005426	0.007513
-83.989135	84.007786	0.009823
-84.018063	83.979961	-0.019945
-84.012131	84.007875	0.007230
-84.001019	83.998833	-0.001024
-83.978827	84.010369	0.010432
-84.010967	83.997013	-0.001701
-84.005898	83.994128	-0.004936
-84.016527	83.996057	-0.003800
-83.998542	84.001793	0.002113
-84.036236	84.029336	0.029329
-84.001894	83.997229	-0.002353
-84.007100	83.997175	-0.002706
-84.003906	83.988467	-0.011424
-84.018802	84.027037	0.027146
-83.992439	84.002270	0.002429
-84.001366	84.001687	0.001851
-84.010141	83.999412	-0.000436
-84.004462	83.999788	-0.000073
-83.990752	84.002258	0.002817
-84.001711	83.990077	-0.009417
-83.995427	83.990464	-0.009390
-84.015853	84.007232	0.007334
-84.001438	84.004590	0.004745
-83.992792	83.998913	-0.000897
-84.045967	83.995679	-0.004199
-106.949779	89.780711	-59.010050
-84.042761	84.015645	0.015773
-84.014796	84.003833	0.003917
-83.998987	83.998872	-0.000797
-83.999262	84.002789	0.003142
-83.987099	84.000556	0.000792
-84.002657	83.987613	-0.012226
-83.997976	84.000091	0.000259
-84.012042	84.006731	0.007476
-84.095424	84.022900	0.023012
-84.005454	83.996582	-0.002898
-83.992662	84.013232	0.013447
-83.970306	84.010467	0.010678
-83.993421	83.978731	-0.020536
-83.962171	83.965827	-0.034097
-84.001320	84.003058	0.003547
-83.985785	84.010644	0.010850
-83.893111	83.885899	-0.114646
-113.077650	98.575202	-7.963236
-102.662697	102.537565	0.963886
-84.006350	84.000380	0.000743
-84.021578	83.994607	-0.003045
-83.982063	84.041920	0.042049
-84.000045	83.998753	-0.000727
-83.996155	83.997606	-0.002240
-84.035765	84.025090	0.026993
-84.000519	83.995967	-0.003683
-84.052445	84.001593	0.001765
-96.210230	111.437664	8.085255
-84.052953	83.987546	-0.012419
-84.014543	83.976761	-0.021282
-84.008320	83.994359	-0.005549
-83.986620	83.982668	-0.017060
-84.004691	83.992351	-0.007290
-84.009415	84.000276	0.000402
-84.001214	84.003258	0.003362
-83.998140	84.007135	0.007427
-104.431997	102.288869	0.057885
-83.992092	83.994639	-0.005113
-83.998014	83.998339	-0.001453
-83.999224	84.005536	0.005910
-83.999207	84.002699	0.002916
-84.003302	84.005464	0.005626
-83.972914	84.008870	0.010971
-83.996431	83.990784	-0.009098
-84.030954	84.002700	0.003456
-84.012495	83.981693	-0.015517
-83.993244	83.998869	-0.001001
-83.982583	84.010831	0.011127
-83.994904	83.946312	-0.051134
-83.984871	84.000937	0.001222
-83.985891	84.002336	0.005070
-84.010214	83.993451	-0.006438
-83.997622	83.994087	-0.005705
-98.889945	112.647638	-78.581378
-83.976567	84.039117	0.039225
-83.995365	83.985607	-0.016633
-84.017665	84.002421	0.002518
-83.997206	83.999389	-0.000213
-84.017530	84.012749	0.012928
-83.941917	83.987340	-0.010400
-84.002800	83.996930	-0.002770
-83.927045	83.918256	-0.081731
-83.894079	84.047639	0.047702
-84.004663	84.008890	0.009372
-83.996391	84.001214	0.001357
-84.003523	84.006774	0.006921
-83.991834	84.001463	0.001724
-84.018647	83.987544	-0.011853
-83.999813	83.993572	-0.006040
-84.008825	84.012023	0.012117
-84.015867	84.011526	0.013663
-83.996759	83.995957	-0.002001
-84.010074	84.010051	0.010138
-84.006116	83.999655	0.000208
-83.990964	83.994755	-0.003408
-84.000437	83.999324	-0.000462
-84.005361	83.962689	-0.037303
-84.051695	83.916401	-0.083593
-83.998858	84.002172	0.002602
-83.939647	84.001148	0.004212
-84.000505	84.001915	0.002119
