0.010773	0.016255	0.016119
-0.146429	-0.078949	-0.079180
-0.001023	-0.001030	-0.001604
0.005172	0.002585	0.002267
-0.007971	0.000393	0.000073
0.026345	0.001853	0.001611
0.001994	0.002978	0.002124
0.001696	0.001755	-0.001138
45.933947	10.744716	10.718890
0.079387	-0.042287	-0.042502
0.001616	0.004413	0.004144
-0.004260	-0.007368	-0.008291
0.004305	0.006145	0.005589
0.016460	-0.000193	-0.001000
-0.011165	-0.001235	-0.004273
0.002140	0.019248	0.019129
0.015345	-0.001321	-0.001459
-0.002187	0.001712	0.000597
0.004248	-0.003709	-0.003980
0.004026	-0.003443	-0.004255
-0.126504	0.014658	0.012421
0.010315	-0.019250	-0.019428
0.057397	-0.485738	-0.489601
-0.043145	-0.000687	-0.000922
0.002195	-0.007670	-0.007869
0.000309	0.002072	0.001844
0.004865	0.001484	0.000855
0.006371	0.010233	0.007818
0.004359	0.002530	0.002250
0.016413	-0.001996	-0.002136
-0.010725	0.012129	0.011873
-0.067226	0.062857	0.062696
0.005738	-0.000235	-0.000915
-0.002896	0.006587	0.006402
0.005834	0.000669	0.000414
0.004918	0.001374	0.001092
0.012115	-0.009983	-0.010319
-0.002991	0.000117	-0.000197
-0.003809	-0.014879	-0.015031
-0.005496	-0.002944	-0.003088
0.017540	-0.016646	-0.016890
0.001046	-0.012069	-0.012435
0.004891	-0.000192	-0.000458
-0.002486	0.001324	0.001057
0.004176	-0.002482	-0.002726
-0.003817	-0.007946	-0.008265
0.003481	0.002566	0.002392
-0.042354	-0.016096	-0.018445
0.004914	0.004581	0.001604
0.003834	0.000306	0.000064
0.001412	0.001316	-0.000296
0.048537	-0.014071	-0.014276
0.004299	0.020932	0.020312
-0.000536	-0.001584	-0.001978
0.011731	0.004732	0.004400
0.032973	14.029044	14.021714
0.001685	0.002088	0.001293
0.006419	-0.020133	-0.020589
0.064612	-0.018844	-0.022154
0.032557	-0.004873	-0.005011
-0.008925	0.001150	0.000976
0.004346	0.016972	0.016726
-0.002536	0.010492	0.010131
-0.018777	0.002784	0.002630
-0.000268	-0.007406	-0.007848
0.006597	0.008521	0.008332
-0.001456	-0.028688	-0.030386
-0.025724	0.022187	0.022067
-0.080927	-0.061952	-0.062970
0.000865	0.006996	0.006120
0.095557	-0.020563	-0.024176
-0.002993	-0.011184	-0.011386
-0.000814	0.007680	0.007533
0.041415	-0.016764	-0.016882
-0.049807	0.034218	0.033829
0.044894	0.057978	0.057826
-0.004900	0.009831	0.007688
-0.000800	0.004897	0.003173
0.007582	-0.007723	-0.008732
0.010917	-0.001637	-0.001774
0.006826	-0.005981	-0.007231
-61.988942	-40.794937	-40.757185
-0.010199	-0.036909	-0.037110
0.001959	-0.002227	-0.002650
0.007906	-0.009586	-0.009729
-0.008134	0.014207	0.013992
-0.004285	-0.019401	-0.019557
0.049976	-0.015709	-0.017284
0.046781	0.019459	0.017712
0.153801	0.096738	0.096509
0.016952	0.001026	0.000907
-0.007620	0.061261	0.061062
-0.017516	-0.005679	-0.005839
0.000724	0.002690	0.000645
-0.014168	0.006848	0.005878
-0.002917	-0.001445	-0.001890
-0.021086	0.025837	0.022088
0.022518	0.014417	0.014048
0.009493	0.026681	0.026564
0.022766	-0.000237	-0.000372
0.055599	0.028870	0.028754
0.031968	-0.009811	-0.009957
0.123249	-0.137882	-0.138036
0.016792	0.003249	0.003136
0.037152	-0.052798	-0.053232
-0.001332	0.002546	0.002320
-0.008913	-0.009894	-0.010239
-0.004521	0.001071	0.000869
-0.013583	-0.032599	-0.032975
0.001274	0.000189	-0.000132
0.009861	0.002389	0.002261
-0.015571	0.009412	0.008926
0.075232	-0.497140	-0.497293
-0.004763	-0.003064	-0.003345
-0.006795	-0.006941	-0.009777
-0.002884	0.005344	0.004916
0.014091	0.002190	0.002049
0.015140	0.001857	-0.000008
0.005953	0.016520	0.016376
-0.003240	-0.008099	-0.008222
-0.000049	-0.002038	-0.002232
-0.011592	0.006283	0.005867
0.020425	-0.072923	-0.073083
-0.004865	0.010021	0.009894
0.008969	-0.009093	-0.009296
0.008309	0.010503	0.010346
0.003384	0.000917	0.000632
-0.026393	0.012811	0.012529
0.062280	-0.057211	-0.059096
0.011275	-0.007426	-0.007759
-0.006404	0.005130	0.004644
-0.005338	0.023338	0.022957
-0.005269	0.007013	0.005057
-0.055523	-0.012559	-0.012679
-0.000828	-0.002138	-0.002335
0.008835	0.029956	0.029772
0.002219	-0.001618	-0.002977
-0.077832	0.002063	0.001841
0.074994	0.080151	0.079172
-0.007008	0.002052	0.000860
0.002847	0.009777	0.008015
0.069390	0.001488	-0.000681
0.009156	-0.002143	-0.002297
0.011903	0.027626	0.027445
0.012980	0.003429	0.003249
0.029794	0.015415	0.015283
-0.005916	0.011212	0.011050
0.023588	-0.009154	-0.009288
0.003058	-0.002044	-0.003340
0.004641	0.001910	0.001737
0.018218	0.001141	0.000755
0.002311	-0.006218	-0.007131
-0.098067	0.409884	0.409731
-0.012104	0.018000	0.014251
-0.010455	0.021675	0.021473
0.009063	0.009170	0.006609
-0.002681	-0.000289	-0.000597
-0.243538	0.472258	0.468386
0.001384	-0.001848	-0.002596
-0.011643	-0.000721	-0.004368
0.003489	-0.004405	-0.004770
0.890829	0.994761	0.994571
-0.040814	0.055062	0.054630
0.005177	0.003504	0.002862
-0.009425	0.017598	0.017447
-0.003933	-0.009780	-0.011017
-0.004938	-0.005735	-0.006328
0.014353	-0.002987	-0.004444
0.001942	-0.009961	-0.010136
-0.006287	0.006061	0.005861
-0.031090	0.032022	0.031859
-0.011203	0.008626	0.005536
0.046553	-0.055257	-0.055373
0.014499	0.020789	0.020636
0.045682	-0.022738	-0.023118
-0.003577	-0.001644	-0.002196
-0.003012	-0.008453	-0.008722
0.003803	-0.028278	-0.028478
0.002036	0.002322	0.001216
3.748410	-1373.658596	-1373.032592
0.004107	0.002178	0.001558
0.002278	0.004074	0.003861
0.014900	-0.004907	-0.005090
0.003861	0.000319	-0.001872
-0.014965	-0.007250	-0.007921
0.034110	-0.028137	-0.028322
0.019440	0.010371	0.010243
0.003662	0.004501	0.003350
0.000475	0.001719	0.001439
0.007589	0.001597	0.000676
0.106461	-0.046285	-0.046443
0.006390	0.001083	0.000928
-0.002718	0.008327	0.008174
-0.002779	-0.003884	-0.007367
-0.014379	0.002108	0.001939
-0.005929	0.013977	0.011242
0.036419	-0.001129	-0.001246
-0.001726	-0.008466	-0.009021
-0.012351	0.013983	0.010541
-0.896920	-0.988659	-0.988848
-0.000633	-0.003412	-0.003564
-0.107660	0.149340	0.149185
-0.035643	-0.002905	-0.003160
-0.031180	0.006332	0.005940
-83.967386	84.021601	0.024574
-83.996281	83.972739	-0.027139
-84.010100	84.011944	0.012080
-84.009756	84.000397	0.001161
-84.027923	83.973359	-0.026415
-83.992016	84.003625	0.003830
-84.001890	83.998605	-0.001110
-84.009873	84.007837	0.008147
-83.999873	83.987900	-0.010113
-101.927329	102.395917	1.422751
-84.008647	84.000196	0.000346
-83.986864	83.996165	-0.003793
-84.037306	84.044250	0.043369
-84.003128	84.002038	0.002166
-83.977505	84.023765	0.023991
-84.019836	83.992601	-0.005841
-83.990242	83.996388	-0.003428
-83.996512	83.995348	-0.004255
-83.965731	84.005307	0.005457
-84.019393	83.975797	-0.024044
-84.018124	84.015225	0.015389
-84.008609	83.988652	-0.009193
-84.041260	83.950048	-0.049799
-84.003699	83.993395	-0.006304
-83.999763	83.997881	-0.001268
-84.027094	83.988117	-0.011559
-83.999388	83.999266	-0.000213
-84.014810	84.012101	0.012917
-84.006488	83.993034	-0.006819
-83.987851	84.009775	0.009969
-84.012348	84.003095	0.003511
-83.998835	83.994880	-0.004860
-84.041590	83.974030	-0.025570
-83.988263	84.011499	0.012379
-84.008325	83.988147	-0.011334
-84.012744	84.003098	0.003229
-84.004390	83.995354	-0.003569
-84.004596	83.993644	-0.004782
-83.980942	83.993383	-0.006454
-84.019393	83.999794	0.000030
-83.986292	83.992027	-0.007779
-83.953379	83.953645	-0.046196
-68.191928	138.113361	0.525739
-84.000443	84.010110	0.012702
-84.033903	84.002504	0.003353
-84.019662	84.005440	0.003894
-84.007451	83.990883	-0.006932
-84.006134	83.997832	-0.001986
-84.016850	84.009299	0.009432
-83.964340	84.000151	-0.000353
-84.010910	83.990385	-0.009534
-83.996001	84.003113	0.003305
-84.003003	83.991994	-0.006637
-84.002709	83.974950	-0.024878
-83.992720	83.993552	-0.005887
-83.995796	83.970408	-0.057010
-83.999376	83.996447	-0.003218
-83.989315	84.018045	0.018232
-83.992370	84.000330	0.001426
-84.011857	84.001954	0.002082
-84.015262	84.002327	0.002467
-84.076494	84.024481	0.024632
-84.004170	84.000379	0.000611
-83.985483	84.018161	0.021406
-83.994008	83.985058	-0.014103
-84.095516	84.053993	0.054104
-83.982421	84.010995	0.011431
-83.994978	83.991033	-0.008802
-84.003588	83.999408	0.000565
-83.995277	83.993003	-0.006334
-83.946127	84.087716	0.087814
-84.038699	83.993828	-0.006048
-84.005387	84.004428	0.006197
-84.009781	84.006443	0.006747
-84.012986	84.001126	0.001269
-83.988028	83.994248	-0.005660
-84.021812	83.995458	-0.002763
-83.980121	83.996482	-0.003322
-83.996321	83.994603	-0.005209
-83.994501	83.998878	-0.000733
-83.990217	84.010244	0.010515
-84.002015	84.007190	0.007465
-83.988403	83.993613	-0.005420
-83.994573	83.993584	-0.006287
-83.999387	84.001273	0.002337
-84.016947	84.007876	0.008863
-83.999956	83.999454	-0.000261
-84.012623	84.008318	0.008485
-84.060202	84.137164	0.134397
-84.027614	84.033069	0.033169
-83.996872	83.999490	-0.000361
-83.993709	83.982732	-0.017009
-83.992379	84.006056	0.006229
-84.010510	83.999830	0.002571
-83.984335	83.995357	-0.004508
-83.994531	83.990980	-0.007215
-84.036414	84.005586	0.007964
-83.988565	84.008092	0.010380
-84.019009	83.978915	-0.020983
-84.012877	84.008411	0.007367
-84.001073	83.998762	-0.001079
-83.977722	84.010926	0.010972
-84.011594	83.996792	-0.001774
-84.006239	83.993769	-0.005157
-84.017396	83.995846	-0.003993
-83.998489	84.001874	0.002239
-84.038169	84.030902	0.030854
-84.002020	83.997063	-0.002460
-84.007477	83.997021	-0.002845
-84.004111	83.987862	-0.012016
-84.019826	84.028459	0.028583
-83.992057	84.002379	0.002555
-84.001442	84.001761	0.001944
-84.010680	83.999373	-0.000454
-84.004704	83.999770	-0.000074
-83.990285	84.002336	0.002968
-84.001790	83.989535	-0.009903
-83.995195	83.989962	-0.009879
-84.016682	84.007600	0.007714
-84.001528	84.004821	0.004998
-83.992436	83.998849	-0.000935
-84.048357	83.995450	-0.004413
-106.950447	89.780054	-59.009229
-84.044992	84.016449	0.016595
-84.015573	84.004039	0.004118
-83.998955	83.998792	-0.000832
-83.999249	84.002918	0.003322
-83.986449	84.000571	0.000839
-84.002809	83.986960	-0.012858
-83.997885	84.000087	0.000278
-84.012697	84.007112	0.007937
-84.100413	84.024092	0.024221
-84.005730	83.996374	-0.003047
-83.992300	84.013913	0.014158
-83.968775	84.011001	0.011240
-83.993067	83.977586	-0.021598
-83.960237	83.964000	-0.035908
-84.001412	84.003199	0.003758
-83.985067	84.011189	0.011425
-83.887122	83.879684	-0.121655
-113.077118	98.574958	-7.962787
-102.662547	102.537977	0.964668
-84.006686	84.000374	0.000782
-84.022669	83.994224	-0.003152
-83.981139	84.044095	0.044242
-84.000079	83.998661	-0.000744
-83.995960	83.997470	-0.002358
-84.037626	84.026304	0.028448
-84.000545	83.995735	-0.003874
-84.055204	84.001665	0.001862
-96.209924	111.437173	8.085528
-84.055738	83.986904	-0.013082
-84.015293	83.975453	-0.022345
-84.008757	83.994062	-0.005840
-83.985920	83.981751	-0.017946
-84.004951	83.991930	-0.007663
-84.009913	84.000283	0.000425
-84.001286	84.003421	0.003537
-83.998066	84.007496	0.007828
-104.430642	102.289759	0.059198
-83.991701	83.994347	-0.005372
-83.997924	83.998239	-0.001526
-83.999202	84.005797	0.006222
-83.999184	84.002827	0.003074
-84.003472	84.005735	0.005916
-83.971511	84.009216	0.011593
-83.996250	83.990297	-0.009571
-84.032601	84.002801	0.003669
-84.013127	83.980626	-0.016272
-83.992897	83.998800	-0.001055
-83.981683	84.011372	0.011706
-83.994599	83.943384	-0.053773
-83.984109	84.000971	0.001296
-83.985116	84.002345	0.005388
-84.010752	83.993107	-0.006772
-83.997495	83.993767	-0.006001
-98.889896	112.647660	-78.580875
-83.975044	84.041173	0.041343
-83.994611	83.985647	-0.018794
-84.018588	84.002540	0.002648
-83.997084	83.999341	-0.000203
-84.018453	84.013400	0.013605
-83.938866	83.986535	-0.010893
-84.002949	83.996750	-0.002914
-83.922976	83.913758	-0.086224
-83.888390	84.050203	0.050280
-84.004915	84.009317	0.009862
-83.996209	84.001269	0.001426
-84.003717	84.007116	0.007282
-83.991433	84.001530	0.001828
-84.019769	83.987083	-0.012665
-83.999809	83.993211	-0.006352
-84.009291	84.012638	0.012742
-84.016389	84.011780	0.014236
-83.996556	83.995656	-0.002073
-84.010603	84.010572	0.010667
-84.006452	83.999600	0.000228
-83.990512	83.994375	-0.003542
-84.000466	83.999273	-0.000488
-84.005646	83.960737	-0.039277
-84.054571	83.911748	-0.088250
-83.998828	84.002263	0.002756
-83.936445	84.001094	0.004487
-84.000549	84.002004	0.002236
