-303676.285755	-535234.095978	-535234.363234
-122086.046334	554593.179867	554592.755773
117712.930372	56927.485782	56926.441940
111175.214725	-462636.828255	-462637.449141
177945.473957	-532654.508228	-532655.140182
-203140.155058	287234.644503	287234.198136
431490.158622	-370569.147810	-370570.808832
542218.132652	166679.672967	166674.523542
550916.567385	325155.483131	325126.585001
-134059.298693	595002.349513	595001.953192
123588.719303	-570469.010881	-570469.542156
275435.191153	-17671.919813	-17673.597271
135024.558411	304124.180483	304123.186688
239356.958290	-35286.830104	-35288.302162
605621.260988	-126763.086540	-126768.844307
-534663.358908	-246301.995868	-246302.226687
-482022.603156	322437.107649	322436.846842
313930.424822	130086.155582	130084.179972
103024.661371	-544107.358452	-544107.892926
229349.335849	183408.434118	183406.990859
521178.416350	313917.421288	313913.608758
-257627.017829	554072.912420	554072.581748
616732.694488	26300.760903	26293.451663
-98402.418134	582265.530592	582265.100440
-244425.384256	-258807.215558	-258807.595994
-139617.243193	-329328.048249	-329328.487919
296847.546866	-336442.758567	-336443.965301
513585.521506	7127.153296	7122.753320
-122062.535223	-140567.696187	-140568.224411
-501136.041512	129933.193020	129932.928081
-130338.410088	434458.716497	434458.247230
-346834.633275	484883.967429	484883.667641
171792.676018	135908.057158	135906.835195
-248035.526459	532214.984831	532214.641661
-199139.822117	76797.861749	76797.386969
-113639.141501	360158.421249	360157.905224
31412.304907	515498.555746	515497.948024
-60631.966666	376233.036972	376232.464326
-289578.195095	-458202.148571	-458202.444242
-462800.233223	-108101.347421	-108101.623077
-145862.358591	450316.852319	450316.403973
31148.804637	443569.650937	443568.989570
-175185.030424	190509.043788	190508.551646
-171919.431904	-9963.697328	-9964.196119
-14554.830381	-472928.110635	-472928.585721
70357.803317	614512.872938	614512.295782
-267448.545014	-357747.030457	-357747.367473
502117.856002	35789.125566	35784.876042
568574.050725	-27546.536251	-27552.065632
26747.221231	-528538.127387	-528538.601629
407034.674563	123990.029328	123987.183600
-160671.228106	595542.910657	595542.533387
403191.109240	-462704.680345	-462705.903406
-11450.796308	204136.174787	204135.457097
-24305.522947	-208826.391122	-208827.018615
352696.415303	-367626.745483	-367635.364673
265738.337593	-137332.869489	-137334.342504
172631.482156	538090.874540	538090.060008
580964.249978	31121.480431	31115.337660
-456407.961587	415560.787623	415560.527433
-377792.519253	2907.891295	2907.561377
98748.556901	-591891.682447	-591892.171503
262828.238546	-557273.943451	-557274.659527
-422560.356563	-126011.087202	-126011.381246
28726.848209	35547.171331	35546.357485
-335075.787426	213375.115483	213374.762460
476972.383915	350207.698013	350204.778808
-472551.462713	-380118.524257	-380118.759098
400260.036786	-256932.265603	-256934.192863
270370.949933	-61800.919355	-61802.521507
601471.195223	27397.268948	27390.493541
-33160.139339	-571568.534151	-571568.933681
-286371.378688	-490794.604638	-490794.892335
-488546.281636	-370762.652789	-370762.883295
51487.588919	-230637.105089	-230637.841328
-405944.948392	409227.498193	409227.213688
513433.239123	-92857.496692	-92861.456933
437509.526403	242724.810635	242721.823155
381706.662375	-230296.912768	-230298.811530
-352146.479839	-459451.530432	-459451.797037
414516.570686	383806.616768	383804.457207
435725.455792	270145.883429	270184.845958
-12320.059259	-596966.251367	-596966.650321
8252.224556	107621.313966	107620.540819
-476412.135162	-79684.571319	-79684.842796
43217.910407	-616586.785424	-616587.211016
-440707.010457	26838.257871	26837.963075
445799.735325	326385.184630	326382.473217
466275.479665	314869.598873	314866.593440
-129056.125068	550417.934006	550417.513900
-582007.579931	-85095.288715	-85095.515827
-12157.625826	-608527.561592	-608527.953664
-240797.765605	-480904.649286	-480904.962747
530112.397975	-159281.467962	-159285.296567
476790.622140	-373617.815288	-373619.711755
77501.618126	-166565.641446	-166566.475765
617776.763866	-17294.843524	-17301.955414
22164.494015	417297.456294	417296.790085
-599063.067249	2524.323433	2524.099011
-499542.552031	-113716.525934	-113716.784252
-609535.017474	21660.672537	21660.451503
-475025.006038	20621.399450	20621.122271
-445370.951119	-2622.247912	-2622.539156
-598647.254291	-154429.637959	-154429.854595
267491.999778	-476838.675793	-476839.528655
-248527.179533	-11181.939321	-11182.363314
132948.862336	-442040.163695	-442040.836090
-297343.524224	241594.229887	241593.853460
78809.116227	513837.091973	513836.414753
-76338.784282	-90882.968776	-90883.570211
-543117.694831	-27508.365678	-27508.610753
186530.852570	520381.501501	520380.634985
-399628.024297	423002.604930	423002.319819
-155639.227036	95371.449538	95370.927495
558890.289262	265462.523885	265457.578907
19602.640645	939.918074	939.129298
-317294.654900	-482111.765384	-482112.041386
476473.131412	-81124.294457	-81127.719020
-457529.410652	-138715.389328	-138715.664558
-526619.516537	-214139.501819	-214139.739304
-108683.257874	-512589.432256	-512589.811492
305827.251146	-533714.128647	-533714.952983
-335090.026065	516819.187782	516818.889419
-493739.193592	-262366.494712	-262366.739272
-279425.279338	312751.361314	312750.983151
-189012.560512	-567710.529594	-567710.838836
83555.184284	-494474.399000	-494474.956808
155330.036483	-575751.160145	-575751.719020
487763.680657	320699.387345	320696.145922
4245.473177	469493.667324	469493.062932
68681.051999	-15069.345919	-15070.240190
76483.927285	498313.399941	498312.712346
568447.903112	-243502.415840	-243506.169201
-589164.631279	27716.005938	27715.777288
-278711.495406	377821.480798	377821.115748
-71967.955213	-592163.398385	-592163.761479
388483.264247	-51071.807402	-51074.279975
-121384.485482	591493.880792	591493.473193
393179.992750	-263595.333125	-263597.188772
497748.588809	-325348.938667	-325351.247885
510459.575232	-191321.310548	-191324.622461
484250.079778	33496.038124	33492.124961
-444823.342750	203890.030856	203889.741820
-59499.226575	-615501.817085	-615502.175667
-283107.072022	-288860.759535	-288861.105709
-351315.487614	-491961.237326	-491961.496267
-412035.721852	-33474.606492	-33474.914228
-376845.473374	-441798.764899	-441799.025215
356854.094550	184052.072821	184049.800666
-163537.674809	-529458.224453	-529458.562327
-19661.965615	4394.262537	4393.548359
359441.712821	446384.580429	446382.989073
-399277.849600	420733.887539	420733.601534
613947.390938	2145.793419	2138.702310
-305734.316692	30443.455520	30443.075296
540914.562157	-50753.749177	-50758.481005
-111749.763767	184786.736792	184786.168789
617474.194538	24263.934391	24256.597997
218723.075696	259654.704029	259653.379178
593352.295079	172557.887592	172551.271525
3036.491972	-175416.025032	-175416.712880
-278057.999787	-46951.582653	-46959.361972
274106.827270	-486049.617418	-486050.467169
207566.594202	-164069.602345	-164070.799865
-258060.226799	-508101.266471	-508101.562372
436743.924125	425321.285107	425319.146670
281244.389695	549397.912376	549396.863952
402539.073342	264432.518786	264429.996564
-379399.663497	45073.107890	45072.777539
-227396.510525	-288667.288246	-288667.672483
-331645.915923	506412.324076	506412.021368
569602.428260	240799.943882	240794.507650
-610167.017719	35218.303024	35218.081993
-411784.581372	385103.542740	385103.257208
38385.210344	-222816.419506	-222817.138011
181490.026276	426332.808168	426331.825636
-15178.541899	606743.214968	606742.724417
-310428.573330	46403.681272	46403.304072
374700.598064	-165688.143069	-165690.196802
356783.544714	-1894161.075556	-1893473.026702
248644.740658	-271084.192098	-271085.367522
-263386.005743	285871.425249	285871.029914
-347020.193999	247515.481395	247515.139927
481883.381029	184424.471584	184420.635056
415498.757316	-444347.336822	-444348.659230
-78740.000006	-578719.731832	-578720.097622
-522546.712929	-139060.858516	-139061.104953
356018.343261	-89019.216865	-89021.326736
-29511.514325	-347862.608217	-347863.147991
261776.821159	131219.049309	131217.408943
-356099.245443	490989.154510	490988.860988
-428158.217811	300695.857120	300695.568339
-409667.890291	-179039.171568	-179039.465826
584491.086492	99401.060869	99394.648049
-352231.533870	403413.397987	403413.084191
594044.301085	-153069.897955	-153075.077921
-554233.264325	-230702.943758	-230703.169151
143675.020441	332724.558388	332723.567720
608519.056851	-56474.429886	-56480.937484
-316109.456157	-87867.766383	-87867.512940
-455012.903432	137935.724065	137935.437042
-441382.216100	-7605.970932	-7606.264217
-179324.471401	288968.860993	288968.392134
50493.052603	423029.667057	423028.958885
596514.098322	546323.697656	102800.966809
1779822.732853	247542.849023	-195985.317314
1715668.845028	293043.643148	-150484.496632
783278.033770	812292.379653	368765.478531
1454157.756540	279602.368960	-163925.605529
1217032.395782	997131.946850	553603.953875
1071533.252001	958706.702214	515178.867187
997322.500121	989337.537911	545809.754967
629182.330986	660431.431314	216906.860312
1761357.862797	679036.289348	209092.678504
1657380.083788	194329.326836	-249198.788065
1716749.611646	728517.857501	284989.616394
614111.103481	297926.367742	-145606.716981
1586126.769551	848609.118797	405080.974803
1324986.562904	-163714.864709	-607242.845857
743691.971686	557558.962881	114033.467847
1534169.116526	101796.078643	-341731.975612
894779.218538	968636.003941	525108.397220
1591380.058241	524148.648676	80620.550566
1592410.208822	22759.924681	-420768.176094
1540732.366040	-71066.866884	-514594.958328
714166.589494	232101.898331	-211422.707343
1584639.337955	1964.822366	-441563.294947
1169432.899052	801943.973578	358416.160574
820143.037998	723202.506471	279675.743394
1206854.814276	682597.576664	239069.797763
995600.908229	716256.713164	272729.312336
948808.120190	477176.317295	33649.425191
1406409.676081	1013525.555869	569997.447016
1524566.378945	332059.893645	-111468.136599
1046042.747256	-123303.534869	-566831.168231
1387043.650529	358443.995526	-85083.913768
853000.504734	16142.156955	-427385.381854
731758.161911	814191.963580	370665.297598
1035218.961944	645538.750564	202011.338505
1723103.332218	106276.553875	-337251.597726
828999.485263	587070.465532	143544.081722
792264.035853	259325.178926	-184200.434857
1536200.611473	-48405.216092	-491933.314476
1328870.916743	-109647.056189	-553175.018260
1200521.199226	1045900.715700	602372.703170
1322597.250191	1048587.429761	605059.346376
748220.533166	145697.089541	-375495.204296
651799.090325	405950.629303	-37572.842675
784847.239649	111813.148410	-331713.344000
1738651.803632	634544.336187	191014.646610
679806.953899	507517.861819	63993.541390
1556776.994686	223577.684789	-219950.371389
1696203.718968	424744.184937	-18783.952623
1713547.830683	635597.829684	192069.081047
1732117.267292	768787.890114	325259.678489
1500885.227062	62680.722848	-380847.318881
811851.268699	194680.316316	-248845.653747
1261930.368675	1058055.586651	614527.527668
953648.060224	736965.570501	293438.248788
600931.393964	321304.480494	-122296.874716
1263663.453855	154504.814518	-289022.965656
1461147.223277	-80892.704496	-524420.753910
696535.593102	776342.373304	332816.125996
1741876.103646	162307.007881	-281221.148763
1669277.183613	56659.090707	-386869.044490
1579149.605412	-20327.007147	-463855.128933
1434966.251509	202253.076817	-241274.888497
602924.883238	438749.311577	-4772.820844
933214.073947	495302.891382	51776.039158
1659170.158672	860326.421518	416798.243637
1013517.231967	-132438.828063	-575966.427166
1599765.115966	389356.205058	-54171.877798
839612.254408	163000.172807	-280526.150415
775294.007625	873193.644107	429666.559282
1629684.617039	704358.358374	260830.188538
1612969.380650	527225.201396	83697.044248
726984.423335	159253.616383	-284271.594083
1290261.739669	97861.125921	-345666.710770
1433257.403116	989554.793404	546026.674470
1692786.229937	530297.245694	86769.066601
736670.979156	480462.043880	36936.933272
1452836.471998	-41177.896251	-484705.931793
1423055.000239	757195.637972	313667.607621
1202111.095288	158058.994675	-285468.688999
1232189.098607	-159178.404923	-602706.304031
1325252.051256	64017.150446	-379510.740783
904835.254263	194193.030544	-249333.638110
1588441.176691	743655.626875	300127.492155
874072.962798	467637.386489	24110.942068
875391.052997	146782.715321	-296743.905264
1333073.665321	158857.132252	-284670.738943
1568906.449350	89734.972670	-353793.115405
734688.815521	95748.291066	-347781.100986
1786763.653357	234117.612138	-209410.612386
1543299.904736	669821.675135	226293.579311
1285796.064222	-95568.137769	-539096.059403
1252748.025855	1038121.261394	594593.198699
638946.384012	461353.611267	17830.385382
1668594.191643	438239.274324	-5288.864552
707354.415908	555977.769139	112452.739390
686392.288809	206045.148137	-237479.065211
683020.061624	449088.983818	5564.845784
1821918.565836	447065.417136	3537.224564
1765477.296519	603366.051497	159836.850794
1418597.806763	930485.481756	486957.394700
1774728.490330	535169.996367	91641.756441
768423.120411	153513.655983	-290012.128142
889081.839863	252253.457377	-191273.025399
1593798.710577	115172.199946	-328355.897576
1152444.598462	-43281.556347	-486809.284035
1761008.720874	717070.890313	273542.550794
1138114.932506	218537.900232	-224989.626834
1706725.064811	318685.708905	-124842.436574
1590938.795730	908884.860612	465356.701455
1333693.438305	1039840.342635	596312.159788
1534026.433966	504114.721281	60586.665093
1448600.733772	722653.664680	279125.622969
1574271.295568	165535.005126	-277993.070457
1624994.929978	362895.599992	-80632.502223
981919.996818	612995.551929	169468.343438
808851.414503	903317.420664	459790.138539
1542386.593742	590747.195198	147219.114847
1807002.128292	344119.015170	-99409.163568
1482447.932621	-52990.896083	-496518.972208
1415168.439621	-7350.909270	-450878.907667
1357754.835643	1039530.229336	596002.088300
1753530.369251	659401.465678	115013.881919
1564249.219748	-58248.619912	-501776.758786
1723971.819090	522598.061421	79069.852100
1232856.700653	362845.974617	-80681.724432
1149955.656518	44851.788012	-398675.869889
1374043.388512	269775.867691	-173752.031227
1541156.943289	351128.901982	-92399.157309
1520058.123824	171008.944231	-272519.097524
838454.899082	84761.940615	-358764.847769
1599346.011957	-22626.680474	-466154.860992
855009.052390	845846.725805	402319.463261
1287117.163838	-116794.166123	-560322.118944
1419713.803768	260405.946559	-183122.009486
735207.087933	833751.350935	390224.556198
1575405.112930	-8641.656661	-452169.950762
1015470.685960	48778.639596	-394748.734464
1290436.640155	-158422.600181	-601950.568000
731057.611455	101600.087623	-341928.319390
505165.712219	356547.042149	-164490.795385
733279.904149	49948.115878	-438584.256616
1098153.746296	703673.599151	260145.980808
627118.669551	537924.168104	94400.719979
1527238.255629	-83450.529901	-526978.671566
1058016.587323	206579.209273	-236948.109004
1431738.515978	837870.304443	394342.241448
699476.695866	436744.430610	-6780.006291
1024060.755852	839314.797666	395787.162190
1344496.007216	-159295.578034	-602823.630579
563204.806860	400829.301063	-109268.983751
1793617.751906	541067.593288	97539.284903
687241.808503	466476.847496	22952.532212
1703559.481890	803269.980564	359741.786915
980780.236545	1006546.906660	563019.104646
1183885.970298	488310.670897	44783.034192
1671051.272262	349097.168931	-94430.959508
1780100.080414	375586.993158	-67941.181188
1125126.037675	-168859.859734	-612387.647347
695684.360321	93774.514578	-376168.746423
1351873.387348	305536.643804	-137991.231037
1418007.562697	465784.464437	22256.512306
1172331.993161	458971.167064	15443.558389
1396806.422314	173968.927361	-269559.012189
1278813.730162	999538.941564	556010.898300
667476.248045	159790.626778	-283733.553145
1552703.936651	869397.962694	425869.821268
932206.681722	189610.834521	-253916.015629
609123.706120	468654.944278	25132.457339
1508457.997582	851415.903299	407887.788466
1185558.828657	672137.497966	228609.730027
599116.218946	558899.939285	115376.932062
1258037.625243	108184.181773	-335343.622359
601624.036535	514439.102556	70916.495122
1705040.737539	460948.936804	17420.777835
1093923.588977	1048495.628671	604967.691336
742939.905060	75848.210535	-642318.663970
842486.916227	5858.478974	-437669.488330
1757565.885851	666789.479838	223256.892933
1811816.437228	396690.092224	-46838.099135
1024520.211954	-79884.118426	-523411.676986
1442536.934105	265419.103026	-178108.936090
667967.611058	209959.333376	-233564.552369
1147028.480786	757177.520762	313649.770642
1651841.573255	866542.813141	423014.373464
1566737.764269	-23958.482353	-467486.818189
1025252.865925	622922.327428	179394.952291
1549876.669942	561784.924022	118256.835883
1594430.087421	329661.036726	-113867.049061
1212519.612622	-104960.701972	-548488.552674
754848.038558	110186.729991	-333340.172338
1056098.139385	725349.634464	281822.071638
1660661.287097	837122.316427	393594.119755
638444.928346	281074.270138	-162449.896944
618937.278863	626375.044347	182850.993321
1817159.408117	428433.440624	-15094.778189
1029959.485956	482310.493220	38783.258977
700771.329441	171863.733773	-271660.982592
1338118.503492	687329.228273	243801.292214
1754308.494601	729361.340338	285832.983609
1634210.046383	711727.734603	268199.293748
1107043.292836	139870.144116	-303657.356530
589167.106118	464199.105380	20677.230491
1413246.448804	96618.944505	-346909.023937
