-262468.004595	180154.246708	180154.246704
34756.045197	88527.764334	88527.764328
-342017.186508	-109855.618525	-109855.618528
-97326.334600	-195093.444211	-195093.444216
-185229.374442	106741.730818	106741.730814
532289.169534	261703.674752	261703.674732
-23063.391464	-592122.942428	-592122.942432
-454774.791276	-140109.234004	-140109.234007
-159016.683703	561439.980375	561439.980371
-204172.706442	313548.858681	313548.858678
-349450.546055	148421.368821	148421.368818
251451.264979	-20014.142471	-20014.142482
-145533.986104	46477.991131	46477.991126
-584815.905455	-163668.270600	-163668.270603
43670.354873	-113319.166488	-113319.166495
-80825.531619	-253171.251626	-253171.251631
-586001.151577	28742.581498	28742.581496
597271.422266	160083.003095	160083.003066
445930.723822	-424356.488647	-424356.488661
164500.130477	589989.601701	589989.601695
130779.104488	235447.233967	235447.233960
-175002.509668	36500.806123	36500.806119
72346.892731	-77706.561330	-77706.561336
-83972.884689	-478423.286374	-478423.286378
-1207.361566	519477.453076	519477.453072
-189229.347007	-589143.792599	-589143.792603
-170599.253389	-35581.005177	-35581.005181
566087.171243	-55987.131001	-55987.131030
-27265.495966	581558.045121	581558.045117
412576.572671	444752.779710	444752.779699
251374.143514	554940.798733	554940.798726
574837.165361	180957.695120	180957.695094
-550796.679241	52001.489925	52001.489923
490745.448048	-355810.770165	-355810.770183
538840.272020	-258098.231367	-258098.231391
-411733.465595	259560.431345	259560.431342
25898.409524	231042.547237	231042.547231
-385572.539254	71854.707559	71854.707556
413589.964510	297854.918460	297854.918447
243159.146569	385839.957166	385839.957158
81249.355154	611384.526820	611384.526815
16321.880915	400605.810482	400605.810476
-410344.027416	-239054.794051	-239054.794054
-122352.309378	-138424.170742	-138424.170746
-526626.823480	-311657.422961	-311657.422963
329181.992842	265022.090367	265022.090356
-16008.336541	-264646.485752	-264646.485757
130464.863270	5633.039270	5633.039262
280886.657517	513495.765716	513495.765709
470197.121584	-244707.494644	-244707.494663
583786.720281	67665.299235	67665.299205
301921.455058	138502.326392	138502.326381
275509.269833	531970.596711	531970.596704
483320.588427	308551.858165	308551.858149
-615486.095924	25409.256390	25409.256388
-289206.356064	-104807.915654	-104807.915658
-510383.209053	344387.818314	344387.818312
-32563.963553	-192518.295104	-192518.295109
-409231.632619	392624.410881	392624.410879
379564.496274	-260420.575823	-260420.575837
-130015.739814	585777.822848	585777.822845
549526.603722	-271588.239492	-271588.239516
209166.101811	-573350.375407	-573350.375413
-308485.177920	493783.594096	493783.594093
137759.060729	-434535.109960	-434535.109967
-186628.547641	525502.414659	525502.414656
-48753.806792	534897.415318	534897.415314
394194.419513	357310.144888	357310.144876
-200069.946927	-474944.149141	-474944.149144
-187874.390640	138239.758007	138239.758003
502545.611346	356153.087051	356153.087035
-213278.354018	-578176.297256	-578176.297259
395379.008754	-156481.239977	-156481.239993
94099.024387	-225254.028977	-225254.028984
289285.127747	-442115.318785	-442115.318794
-476557.902371	363612.652256	363612.652254
260944.193072	-205783.662148	-205783.662158
89182.290495	-488891.847316	-488891.847322
283566.222720	-368308.001408	-368308.001418
-343606.383901	-21156.918575	-21156.918578
-226246.771612	-573974.235922	-573974.235925
-55751.245952	-406409.068929	-406409.068934
-188962.666899	451161.415064	451161.415060
-69875.697985	24968.726913	24968.726908
-12626.317893	-565864.442162	-565864.442166
132455.682142	-239389.051771	-239389.051779
3220.173895	-617940.949444	-617940.949449
-335430.239150	179435.056606	179435.056603
-68176.000020	594890.209849	594890.209845
131197.348732	122228.940590	122228.940583
-164513.333794	-596235.535064	-596235.535067
425084.809714	-267798.633772	-267798.633788
-581122.612279	4039.382559	4039.382557
128714.191369	-184530.873498	-184530.873506
-385962.123544	-483573.440496	-483573.440499
82525.383241	-56153.147766	-56153.147773
535408.211115	-120596.989086	-120596.989112
-416657.229982	95576.135120	95576.135117
136719.002784	-356928.556422	-356928.556429
-370237.995625	495760.427795	495760.427792
-91973.256936	598209.145696	598209.145692
-494079.485823	349307.942338	349307.942335
-179960.567508	-591998.108575	-591998.108578
492528.511948	-275907.944887	-275907.944906
516971.672449	202237.788561	202237.788541
-403655.654599	322421.278069	322421.278067
-529213.722928	306334.964332	306334.964330
-604552.063158	-55779.493998	-55779.494000
-558638.751833	-93799.663828	-93799.663831
471723.384926	-358665.052791	-358665.052808
576486.656914	19926.508459	19926.508430
513124.376789	265930.641583	265930.641564
537400.055791	196716.701952	196716.701930
-463680.813915	396359.664770	396359.664768
204097.826045	481345.294640	481345.294633
266238.817805	947.050037	947.050026
549486.823626	-208190.263354	-208190.263380
138893.575595	588408.373445	588408.373440
-178078.924510	-485231.656666	-485231.656669
-437147.973485	-421014.991341	-421014.991343
328917.753630	522085.201374	522085.201365
-137779.704358	488360.387774	488360.387771
-453249.282706	246445.326933	246445.326931
315734.670994	-165793.839262	-165793.839275
144961.951544	600835.677042	600835.677037
530311.924126	-229403.135763	-229403.135787
-60317.939507	-615802.409211	-615802.409215
10884.109479	-275708.111531	-275708.111537
570024.977901	179257.020667	179257.020642
-171105.777739	40160.853786	40160.853782
205852.379452	-211701.275902	-211701.275911
-361933.735879	-411664.303098	-411664.303101
573805.986373	-217587.130679	-217587.130707
-589195.306727	-126301.068271	-126301.068273
-338499.079338	-387090.863001	-387090.863004
249428.378943	-505102.628881	-505102.628889
-177110.681267	275454.223807	275454.223803
-340624.354384	-493459.208614	-493459.208617
263607.708652	522725.269559	522725.269552
-224274.766234	498137.836062	498137.836059
151396.990159	298436.826759	298436.826752
92196.179728	-438078.664567	-438078.664573
-443951.120830	230621.461338	230621.461335
377106.872562	-425399.295845	-425399.295856
-489781.660198	272753.655782	272753.655780
332772.268014	-440905.303347	-440905.303357
-249049.880527	63108.124812	63108.124808
-264685.708952	534358.865163	534358.865160
542879.288457	-213687.010262	-213687.010287
-182551.778585	586984.437183	586984.437180
-390468.384452	-295676.277031	-295676.277034
571888.472954	-8884.975519	-8884.975548
534657.528082	131757.276536	131757.276513
-321287.514564	231313.879041	231313.879038
582088.934149	-187271.981046	-187271.981076
11105.072590	554479.561791	554479.561786
-296185.770504	-480944.277124	-480944.277127
248267.066505	538857.812489	538857.812482
-460132.277102	-405558.403641	-405558.403644
-240367.757494	-560761.610272	-560761.610275
472041.899298	-297926.849220	-297926.849238
-600721.409909	-147250.011183	-147250.011185
-413365.157102	228136.547815	228136.547813
-163778.637509	596243.791727	596243.791723
95608.645149	507075.089838	507075.089833
-44810.660525	46673.712208	46673.712202
558288.309664	-36847.621791	-36847.621819
331522.053318	-516289.929657	-516289.929666
243136.350939	479881.321491	479881.321484
-248242.752239	541857.307182	541857.307179
-378576.385899	439505.939745	439505.939742
-239888.479110	534717.294465	534717.294462
-204590.510039	-218871.595753	-218871.595756
-190273.662864	585490.999726	585490.999723
-271699.256678	555823.982458	555823.982455
487514.850207	-134792.632771	-134792.632792
366437.292458	67548.812502	67548.812488
55725.452518	-510037.564939	-510037.564944
82372.220914	148722.126746	148722.126739
-95327.252677	-422121.638609	-422121.638613
293666.275231	127474.333591	127474.333580
494398.173716	-301872.798478	-301872.798498
-291889.975561	-297842.605706	-297842.605709
-573651.425892	-158849.106241	-158849.106243
403533.504979	-449479.543759	-449479.543771
-86719.331029	-136346.419794	-136346.419799
35741.996356	604185.043757	604185.043753
231376.779736	-130554.628972	-130554.628982
28292.806221	363629.944575	363629.944570
-270979.242965	-548122.120036	-548122.120039
581057.707282	-211080.248211	-211080.248240
-415808.922698	-202076.461370	-202076.461373
-269108.159612	183852.630454	183852.630451
-40854.676487	580898.244078	580898.244074
-352113.682299	-178739.223832	-178739.223835
-496716.092068	306706.415817	306706.415815
-533369.445978	-312085.742140	-312085.742142
-358860.813189	121817.647713	121817.647710
-465007.786706	-332358.961294	-332358.961297
-127004.025716	215977.382900	215977.382896
43485.007756	616328.937462	616328.937458
-228422.355756	-438203.879453	-438203.879456
44299.013334	46055.110576	46055.110569
-457335.974403	261966.249781	261966.249778
1851591.070476	-402657.499192	-413165.899188
2212220.067077	-71994.644462	-82503.044460
2046981.780229	154873.956948	144365.556951
1506667.817986	513395.395130	502886.995136
1267348.292912	-365198.446377	-375706.846366
2073680.674108	-266311.605576	-276820.005573
1823967.931957	-445074.585168	-455582.985166
1946654.297290	-241391.870059	-251900.270056
2139685.538990	363736.893021	353228.493024
1401128.085673	-181465.048268	-191973.448258
1724962.353908	529441.160998	518932.761002
2184736.646930	140089.894633	129581.494635
1120751.720041	-264236.264241	-274744.664221
1458968.567546	-181912.456465	-192420.856458
1863030.154482	67073.684960	56565.284963
1706357.942000	620893.731187	610385.331190
1949648.249999	-341641.654391	-352150.054388
1905443.536007	546171.780568	535663.380571
1488706.722387	322307.370327	311798.970334
2163635.844322	195053.354365	184544.954366
1177676.896602	312948.698502	302440.298517
1059105.463274	-201799.006218	-212307.406191
1395119.859105	578302.124310	567793.724316
2079488.213920	-211339.746157	-221848.146156
1575116.701721	612713.984527	602205.584532
2074771.629615	-239982.297386	-250490.697393
2217036.131488	-114406.973124	-124915.373123
1267622.620581	502883.438709	492375.038719
1676829.883845	-607155.584677	-617663.984673
1736652.944748	606478.307469	595969.907467
1595251.936932	-480361.265156	-490869.665152
1648912.136028	-138113.238585	-148621.638580
1719178.640440	-200583.855948	-211092.255944
1041101.574697	-48988.597120	-59496.997090
2095357.570997	-384159.397279	-394667.797277
1838847.911219	-339845.567760	-350353.967757
1056608.759274	-119146.571798	-129654.971770
1566128.886224	309826.593819	299318.193824
1486200.576550	202071.628319	191563.228326
2248427.537918	-43483.785505	-53992.185505
1637429.460000	-598325.889140	-608834.289139
1651388.753706	-274716.182015	-285224.582010
1708171.084463	475536.115064	465027.715068
2251375.964582	-80174.974681	-90683.374686
1706001.473112	340494.004871	329985.604875
1949524.189755	-491930.504902	-502438.904899
1053546.095972	126680.094637	116171.694664
1906365.273756	-428493.879983	-439002.279982
1474339.539935	-158493.504179	-169001.904177
1560242.404303	617145.253791	606636.853734
1652500.378843	-402100.987325	-412609.387320
1837142.491347	-436904.445060	-447412.845108
1903903.041995	-494342.684938	-504851.084939
1435170.063348	-165461.692366	-175970.092372
1226978.605402	470821.865858	460313.465868
1585111.375079	-448679.603928	-459188.003926
1721982.857706	141360.155352	130851.755357
1209367.694358	-430288.857251	-440797.257238
1944466.130316	-324057.676072	-334566.076086
1276512.340414	488354.024350	477845.624335
1325290.640625	-113197.088504	-123705.488492
2178952.752475	-64987.229124	-75495.629130
1544059.878678	328544.251750	318035.851748
1603973.176090	-308025.474817	-318533.874812
2134219.431350	282429.109149	271920.709151
1045413.450666	-92279.243557	-102787.643533
2014259.181367	-161477.415684	-171985.815682
1779406.402202	-234886.107045	-245394.507041
1714945.969962	177850.056595	167341.656597
1101719.439504	-110631.810020	-121140.210000
1857355.478166	284995.371250	274486.971254
2188310.951588	296318.925255	285809.456676
1052419.348582	-183677.688003	-194186.087989
1864982.026186	-181558.500734	-192066.900731
1682614.702971	54635.349771	44126.949776
1479201.314505	-503577.966557	-514086.366552
1542030.906480	-405594.965177	-416103.365173
1105002.572856	-241201.300207	-251709.700191
2232730.200357	143063.201920	132554.801919
2224634.206765	188795.345442	178286.945441
1211863.583568	-135932.886442	-146441.286427
1327686.076082	142370.526559	131862.126570
1086164.414750	-183943.897522	-194452.297511
2243579.405179	123486.281525	112977.881516
1937580.317245	457567.937342	447059.537344
1434751.170488	105584.416379	95076.016387
1756949.492291	443533.168770	433024.768771
2188289.707239	296344.025015	285830.289494
1688193.342437	-374728.359032	-385236.759030
1064182.404057	123185.192807	112676.792673
1684457.829867	-140580.371890	-151088.771891
1787334.998140	360661.533140	350153.133142
1233504.621934	377362.672845	366854.272856
2001437.687494	225401.736196	214893.336198
1054791.017858	131015.439376	120507.038258
2172547.282218	303253.418549	292745.018465
1196527.119306	-93501.902218	-104010.302203
1967657.017757	-354038.108748	-364546.508765
1132834.070342	4927.150301	-5581.249678
1481694.496607	556330.899175	545822.499178
1986749.457191	-85767.616275	-96276.016273
1538021.916821	-570854.666041	-581363.066037
2215370.527509	155509.510021	145001.109996
1205127.209813	-78716.061185	-89224.461192
2244962.685202	28137.871105	17629.471106
1026812.423774	15741.689355	5233.289386
1950119.635493	545686.517045	535178.117045
1458123.157748	203789.603971	193281.203967
1192969.354219	346442.474596	335934.074606
1548719.998691	504095.363509	493586.963511
1056900.483342	155165.900153	144657.500166
2150241.418312	359276.712383	348768.312245
1973533.042448	-297304.714892	-307813.114894
2091141.315682	-355101.119119	-365609.519121
2211981.832073	229093.074861	218584.674859
1170939.086250	-160366.277632	-170874.677617
1312920.072586	-484509.016643	-495017.416634
1023999.976103	-10569.729377	-21078.129352
1456677.682278	122473.207064	111964.807064
1689770.582840	336929.677954	326421.277905
1903079.239336	482083.994072	471575.594071
1442668.304779	-477580.182389	-488088.582385
1241621.173831	250256.534187	239748.134200
1161031.371579	-173091.581870	-183599.981883
1287906.461072	-357439.538185	-367947.938195
1164430.522092	-379728.997579	-390237.397565
2037367.233845	445193.558403	434685.158405
1181672.263208	-290037.698782	-300546.098768
2111259.911198	217283.302641	206774.902641
1439162.454134	450721.820837	440213.420843
2045365.626012	-415221.274484	-425729.674484
2165807.108481	332881.532522	322373.132511
2025773.666536	139612.529090	129104.129082
1455407.754437	415883.345317	405374.945322
1789056.014778	43699.918344	33191.518348
1747784.188791	553846.325138	543337.925137
2084057.914768	-58267.687399	-68776.087398
1280845.424007	-471281.640708	-481790.040704
1063222.149852	235540.401345	225032.001368
1751290.683226	-484956.985068	-495465.385066
1315390.654655	219027.899616	208519.499626
1707767.338591	580068.529747	569560.129744
1292954.170196	-498089.671257	-508598.071264
1135578.896774	-348436.923894	-358945.323879
1729929.929950	577217.103179	566708.703149
1631250.651588	610056.375908	599547.975908
1258459.312726	-456793.886038	-467302.286039
1331912.366816	-202681.805972	-213190.205963
1915401.969949	504742.473774	494234.073767
1725790.320820	420446.601447	409938.201447
1765028.559713	39903.695752	29395.295738
1924210.801688	149378.004745	138869.604747
1557965.613058	164107.264102	153598.864107
2020160.089535	-380918.357670	-391426.757672
1690246.585126	-217769.062976	-228277.462978
1924103.976429	-226610.951259	-237119.351267
1477235.577847	446458.557140	435950.157139
1753950.995828	443100.890565	432592.481511
1480581.882182	487001.365439	476492.965438
1837581.179421	423018.925662	412510.525663
1155320.002880	382035.873664	371527.473676
1271934.038644	-406855.824357	-417364.224351
1893299.239571	574387.621986	563879.221983
2058942.795031	304092.594163	293584.194163
1824708.836833	-98564.726016	-109073.126013
1965676.682307	518395.308471	507886.908466
2161393.021494	63475.046840	52966.646841
1430202.447415	136679.286052	126170.886050
1247875.628385	412249.213470	401740.813478
2199132.569396	196832.838431	186324.438410
1444323.517285	282668.955571	272160.555577
1482533.939742	393333.646054	382825.246055
2047525.480322	-451516.155214	-462024.555215
1502175.094806	430084.933426	419576.533420
1305197.955245	513404.617951	502896.217952
1752305.949085	545064.670729	534556.270610
2132408.108349	-171902.729853	-182411.129853
1962027.692953	-476733.476917	-487241.876934
2163027.440161	340433.830399	329925.430189
1400559.799688	-486455.932730	-496964.332727
1173248.559346	-215267.399435	-225775.799421
1837105.915610	529195.044412	518686.644411
1405598.580638	-555054.365632	-565562.765626
2021714.762682	297247.191059	286738.791056
1784199.647995	-276062.780830	-286571.180828
2087882.733466	-376810.744337	-387319.144470
1591578.340413	241938.712210	231430.312215
2024305.298733	-97301.723528	-107810.123530
1360547.647361	162901.389777	152392.989782
1317107.868915	-507699.901659	-518208.301672
1083187.609295	-260157.025755	-270665.425744
1111878.476736	-89067.571610	-99575.971599
1535585.293172	-588889.242056	-599397.642068
2235871.293532	111313.640255	100805.240212
1141729.237725	233101.818498	222593.418515
1477334.413685	-555022.471232	-565530.871230
2249026.936376	-77837.597649	-88346.001560
1470786.842029	-567051.258756	-577559.658796
1059841.469865	107084.519334	96576.119321
1965289.682198	-175878.685540	-186387.085541
1423208.807035	-147425.704385	-157934.104393
1443058.517489	-263243.113323	-273751.513316
1078073.935803	-198492.926373	-209001.326417
1583808.757293	-324526.636937	-335035.036941
