0.001141	0.001715	0.001714
-0.014681	-0.007837	-0.007838
-0.000166	-0.000152	-0.000155
0.000542	0.000240	0.000237
-0.000854	0.000008	0.000005
0.002760	0.000184	0.000182
0.000154	0.000223	0.000217
0.000040	0.000025	0.000013
0.053449	-0.044019	-0.044027
0.008232	-0.004457	-0.004458
0.000167	0.000441	0.000438
-0.000525	-0.000856	-0.000862
0.000397	0.000629	0.000626
0.001688	-0.000085	-0.000090
-0.001271	-0.000352	-0.000369
0.000219	0.002034	0.002033
0.001615	-0.000148	-0.000149
-0.000326	0.000113	0.000108
0.000447	-0.000425	-0.000427
0.000351	-0.000413	-0.000418
-0.013802	-0.000457	-0.000466
0.001073	-0.002053	-0.002054
0.000504	-0.036742	-0.036761
-0.004626	-0.000078	-0.000079
0.000217	-0.000838	-0.000839
0.000017	0.000196	0.000194
0.000513	0.000075	0.000070
0.000569	0.000925	0.000913
0.000438	0.000243	0.000240
0.001729	-0.000223	-0.000224
-0.001173	0.001279	0.001277
-0.006955	0.006528	0.006526
0.000544	-0.000068	-0.000072
-0.000334	0.000695	0.000693
0.000590	0.000052	0.000050
0.000487	0.000134	0.000132
0.001248	-0.001071	-0.001073
-0.000359	-0.000000	-0.000002
-0.000414	-0.001602	-0.001603
-0.000601	-0.000327	-0.000328
0.001832	-0.001777	-0.001779
0.000066	-0.001294	-0.001296
0.000487	-0.000037	-0.000039
-0.000295	0.000119	0.000117
0.000436	-0.000292	-0.000294
-0.000445	-0.000851	-0.000853
0.000358	0.000254	0.000252
-0.004571	-0.001864	-0.001875
0.000418	0.000285	0.000270
0.000402	0.000005	0.000003
0.000038	0.000042	0.000034
0.005142	-0.001499	-0.001501
0.000450	0.002176	0.002171
-0.000104	-0.000192	-0.000194
0.001224	0.000470	0.000468
0.001231	0.063290	0.063285
0.000126	0.000151	0.000146
0.000630	-0.002150	-0.002153
0.006758	-0.002214	-0.002229
0.003445	-0.000526	-0.000527
-0.000971	0.000107	0.000106
0.000459	0.001780	0.001778
-0.000275	0.001081	0.001078
-0.002016	0.000282	0.000281
-0.000075	-0.000823	-0.000826
0.000677	0.000896	0.000894
-0.000249	-0.003149	-0.003155
-0.002727	0.002336	0.002335
-0.008409	-0.006453	-0.006460
0.000027	0.000673	0.000668
0.009713	-0.002274	-0.002292
-0.000321	-0.001214	-0.001216
-0.000094	0.000800	0.000799
0.004380	-0.001786	-0.001787
-0.005276	0.003571	0.003568
0.004834	0.006139	0.006137
-0.000612	0.000886	0.000874
-0.000210	0.000430	0.000422
0.000761	-0.000918	-0.000925
0.001155	-0.000191	-0.000192
0.000633	-0.000681	-0.000686
-0.059461	0.049701	0.049692
-0.001093	-0.003887	-0.003889
0.000162	-0.000267	-0.000269
0.000826	-0.001034	-0.001035
-0.000869	0.001489	0.001487
-0.000476	-0.002080	-0.002081
0.005241	-0.001714	-0.001720
0.004993	0.002156	0.002149
0.015405	0.009720	0.009718
0.001792	0.000098	0.000097
-0.000811	0.006435	0.006434
-0.001873	-0.000623	-0.000625
0.000002	0.000123	0.000111
-0.001541	0.000632	0.000625
-0.000346	-0.000197	-0.000200
-0.002344	0.002507	0.002488
0.002347	0.001520	0.001518
0.000995	0.002825	0.002824
0.002408	-0.000038	-0.000040
0.005882	0.003022	0.003022
0.003386	-0.001059	-0.001060
0.012143	-0.013488	-0.013489
0.001776	0.000335	0.000334
0.003879	-0.005561	-0.005565
-0.000168	0.000252	0.000250
-0.000957	-0.001091	-0.001093
-0.000509	0.000102	0.000101
-0.001489	-0.003466	-0.003468
0.000104	-0.000009	-0.000011
0.001034	0.000243	0.000242
-0.001709	0.000989	0.000986
0.005920	-0.038855	-0.038856
-0.000541	-0.000347	-0.000349
-0.000864	-0.000865	-0.000876
-0.000350	0.000535	0.000532
0.001492	0.000217	0.000215
0.001522	0.000056	0.000046
0.000618	0.001745	0.001744
-0.000357	-0.000873	-0.000874
-0.000013	-0.000240	-0.000242
-0.001244	0.000629	0.000625
0.002133	-0.007674	-0.007675
-0.000531	0.001054	0.001053
0.000927	-0.000979	-0.000980
0.000879	0.001100	0.001099
0.000353	0.000066	0.000064
-0.002812	0.001334	0.001331
0.007725	-0.006610	-0.006617
0.001160	-0.000801	-0.000803
-0.000729	0.000507	0.000504
-0.000616	0.002461	0.002459
-0.000611	0.000579	0.000567
-0.005872	-0.001345	-0.001346
-0.000116	-0.000236	-0.000238
0.000947	0.003149	0.003147
0.000152	-0.000277	-0.000285
-0.008125	0.000161	0.000160
0.007690	0.008191	0.008184
-0.000780	0.000102	0.000093
0.000238	0.000893	0.000882
0.007220	0.000007	-0.000003
0.000954	-0.000238	-0.000240
0.001263	0.002921	0.002919
0.001367	0.000346	0.000344
0.003165	0.001626	0.001625
-0.000652	0.001181	0.001180
0.002503	-0.000990	-0.000991
0.000222	-0.000290	-0.000296
0.000487	0.000183	0.000182
0.001899	0.000090	0.000088
0.000167	-0.000688	-0.000693
-0.008469	0.029577	0.029576
-0.001375	0.001681	0.001662
-0.001135	0.002280	0.002279
0.000864	0.000795	0.000782
-0.000324	-0.000050	-0.000052
-0.020193	0.034658	0.034640
0.000072	-0.000233	-0.000237
-0.001383	-0.000278	-0.000292
0.000342	-0.000505	-0.000508
0.036304	0.040980	0.040978
-0.004280	0.005722	0.005719
0.000507	0.000313	0.000309
-0.001011	0.001856	0.001855
-0.000512	-0.001080	-0.001086
-0.000585	-0.000622	-0.000625
0.001406	-0.000389	-0.000395
0.000185	-0.001075	-0.001077
-0.000686	0.000624	0.000622
-0.003313	0.003317	0.003316
-0.001335	0.000770	0.000759
0.004914	-0.005850	-0.005850
0.001523	0.002210	0.002209
0.004781	-0.002426	-0.002429
-0.000441	-0.000192	-0.000195
-0.000355	-0.000905	-0.000906
0.000377	-0.003016	-0.003018
0.000156	0.000149	0.000142
-0.000818	-0.062610	-0.062615
0.000408	0.000166	0.000162
0.000214	0.000422	0.000421
0.001562	-0.000533	-0.000535
0.000280	-0.000086	-0.000095
-0.001610	-0.000822	-0.000827
0.003615	-0.002997	-0.002999
0.002056	0.001092	0.001091
0.000317	0.000385	0.000378
0.000034	0.000152	0.000150
0.000726	0.000112	0.000108
0.011085	-0.004784	-0.004785
0.000659	0.000107	0.000106
-0.000306	0.000872	0.000871
-0.000425	-0.000626	-0.000641
-0.001554	0.000216	0.000215
-0.000708	0.001281	0.001266
0.003864	-0.000131	-0.000132
-0.000245	-0.000925	-0.000928
-0.001410	0.001257	0.001239
-0.036987	-0.040356	-0.040357
-0.000088	-0.000374	-0.000376
-0.010519	0.014681	0.014680
-0.003817	-0.000322	-0.000323
-0.003362	0.000661	0.000659
-83.996463	84.002480	0.002498
-83.999598	83.997127	-0.002872
-84.001057	84.001282	0.001283
-84.001025	84.000120	0.000126
-84.002934	83.997186	-0.002812
-83.999145	84.000411	0.000412
-84.000196	83.999884	-0.000113
-84.001047	84.000867	0.000870
-83.999943	83.998878	-0.001109
-84.047356	84.066468	0.066469
-84.000900	84.000031	0.000032
-83.998589	83.999603	-0.000396
-84.009219	84.009965	0.009980
-84.000324	84.000233	0.000234
-83.997602	84.002532	0.002533
-84.002040	83.999341	-0.000650
-83.998936	83.999625	-0.000373
-83.999628	83.999548	-0.000448
-83.996353	84.000577	0.000578
-84.002043	83.997428	-0.002571
-84.001900	84.001633	0.001635
-84.000806	83.998928	-0.001062
-84.004364	83.994733	-0.005266
-84.000379	83.999330	-0.000668
-83.999945	83.999858	-0.000136
-84.002855	83.998772	-0.001226
-83.999908	83.999976	-0.000020
-84.001513	84.001354	0.001359
-84.000687	83.999276	-0.000722
-83.998683	84.001054	0.001056
-84.001264	84.000340	0.000343
-83.999845	83.999475	-0.000523
-84.004471	83.997236	-0.002759
-83.998741	84.001308	0.001315
-84.000852	83.998790	-0.001206
-84.001338	84.000338	0.000339
-84.000410	83.999600	-0.000393
-84.000389	83.999417	-0.000575
-83.997948	83.999308	-0.000692
-84.002032	83.999985	-0.000014
-83.998537	83.999174	-0.000825
-83.995097	83.995122	-0.004877
-83.898169	84.001241	0.001248
-83.999898	84.001257	0.001271
-84.003466	84.000292	0.000298
-84.002076	84.000511	0.000512
-84.000704	83.999196	-0.000791
-84.000629	83.999781	-0.000218
-84.001775	84.001001	0.001002
-83.996217	84.000000	0.000000
-84.001151	83.998987	-0.001012
-83.999547	84.000341	0.000342
-84.000211	83.999220	-0.000773
-84.000283	83.997355	-0.002643
-83.999199	83.999371	-0.000625
-83.996986	83.992811	-0.007172
-83.999892	83.999640	-0.000358
-83.998835	84.001928	0.001929
-83.999171	84.000141	0.000149
-84.001244	84.000216	0.000217
-84.001605	84.000255	0.000256
-84.007950	84.002634	0.002634
-84.000414	84.000055	0.000057
-83.998340	84.002173	0.002190
-83.999302	83.998481	-0.001514
-84.009862	84.005495	0.005495
-83.998077	84.001181	0.001183
-83.999444	83.999059	-0.000940
-84.000278	83.999992	-0.000002
-83.999493	83.999323	-0.000671
-83.994452	84.009028	0.009029
-84.004084	83.999359	-0.000642
-84.000444	84.000565	0.000573
-84.001001	84.000701	0.000703
-84.001378	84.000138	0.000139
-83.998712	83.999396	-0.000603
-84.002230	83.999653	-0.000338
-83.997856	83.999634	-0.000365
-83.999594	83.999447	-0.000552
-83.999367	83.999901	-0.000096
-83.998922	84.001097	0.001099
-84.000178	84.000779	0.000780
-83.998682	83.999371	-0.000624
-83.999410	83.999333	-0.000666
-83.999860	84.000220	0.000226
-84.001711	84.000882	0.000887
-83.999958	83.999958	-0.000040
-84.001319	84.000895	0.000895
-84.005765	84.013571	0.013578
-84.002913	84.003509	0.003508
-83.999652	83.999963	-0.000036
-83.999296	83.998171	-0.001827
-83.999186	84.000664	0.000665
-84.001009	84.000186	0.000200
-83.998315	83.999518	-0.000481
-83.999344	83.999185	-0.000805
-84.003708	84.000728	0.000738
-83.998676	84.001030	0.001042
-84.002009	83.997768	-0.002231
-84.001334	84.000835	0.000836
-84.000107	83.999887	-0.000111
-83.997638	84.001161	0.001162
-84.001111	83.999732	-0.000262
-84.000575	83.999399	-0.000595
-84.001829	83.999567	-0.000432
-83.999794	84.000211	0.000214
-84.004023	84.003261	0.003262
-84.000162	83.999715	-0.000282
-84.000778	83.999694	-0.000305
-84.000430	83.998722	-0.001277
-84.002054	84.003016	0.003013
-83.999133	84.000270	0.000272
-84.000139	84.000208	0.000210
-84.001113	83.999944	-0.000055
-84.000480	83.999988	-0.000011
-83.998924	84.000309	0.000313
-84.000188	83.998945	-0.001051
-83.999472	83.998948	-0.001051
-84.001761	84.000819	0.000820
-84.000135	84.000520	0.000521
-83.999164	83.999886	-0.000113
-84.005135	83.999528	-0.000472
-83.958953	83.933436	-0.066760
-84.004764	84.001759	0.001759
-84.001641	84.000438	0.000438
-83.999847	83.999900	-0.000097
-83.999871	84.000327	0.000330
-83.998523	84.000079	0.000081
-84.000273	83.998627	-0.001372
-83.999748	84.000021	0.000022
-84.001261	84.000761	0.000766
-84.010634	84.002559	0.002558
-84.000600	83.999675	-0.000320
-83.999146	84.001486	0.001486
-83.996654	84.001184	0.001185
-83.999253	83.997700	-0.002294
-83.995730	83.996229	-0.003777
-84.000092	84.000361	0.000364
-83.998377	84.001197	0.001198
-83.988349	83.987984	-0.012025
-84.161623	83.844799	-0.155199
-84.100123	84.087936	0.087940
-84.000687	84.000083	0.000086
-84.002332	83.999580	-0.000405
-83.997976	84.004693	0.004692
-83.999945	83.999891	-0.000106
-83.999558	83.999751	-0.000248
-84.003887	84.002949	0.002959
-84.000045	83.999589	-0.000408
-84.005821	84.000188	0.000187
-83.828503	84.151690	0.150871
-84.005893	83.998619	-0.001382
-84.001525	83.997559	-0.002431
-84.000923	83.999380	-0.000619
-83.998502	83.998094	-0.001904
-84.000489	83.999177	-0.000821
-84.001036	84.000042	0.000043
-84.000121	84.000374	0.000375
-83.999752	84.000805	0.000807
-84.098512	84.003747	0.003569
-83.999081	83.999418	-0.000580
-83.999753	83.999833	-0.000165
-83.999874	84.000654	0.000656
-83.999880	84.000316	0.000317
-84.000365	84.000633	0.000634
-83.996830	84.001103	0.001113
-83.999592	83.998983	-0.001016
-84.003384	84.000343	0.000347
-84.001275	83.998171	-0.001813
-83.999234	83.999890	-0.000109
-83.998032	84.001244	0.001245
-83.999354	83.994228	-0.005759
-83.998267	84.000120	0.000122
-83.998336	84.000473	0.000489
-84.001128	83.999278	-0.000722
-83.999732	83.999363	-0.000635
-83.897664	83.914017	-0.086351
-83.997567	84.004327	0.004329
-83.999515	83.998335	-0.001665
-84.001965	84.000281	0.000281
-83.999637	83.999943	-0.000054
-84.001935	84.001440	0.001439
-83.993394	83.998735	-0.001257
-84.000295	83.999691	-0.000307
-83.992096	83.991097	-0.008911
-83.988321	84.005244	0.005236
-84.000487	84.001045	0.001048
-83.999578	84.000151	0.000152
-84.000374	84.000771	0.000772
-83.999048	84.000171	0.000173
-84.001924	83.998652	-0.001344
-83.999956	83.999323	-0.000674
-84.000976	84.001360	0.001360
-84.002056	84.001772	0.001784
-83.999580	83.999720	-0.000266
-84.001116	84.001130	0.001130
-84.000635	84.000011	0.000015
-83.998858	83.999515	-0.000478
-84.000031	83.999948	-0.000050
-84.000603	83.995856	-0.004146
-84.005598	83.990944	-0.009065
-83.999819	84.000265	0.000268
-83.993164	84.000362	0.000379
-84.000027	84.000225	0.000227
