-303668.634704	-535222.530746	-535222.912734
-122192.344442	554535.696639	554535.064393
117712.251645	56926.834097	56925.276996
111178.864503	-462634.953176	-462635.841334
177939.785514	-532654.200932	-532655.099543
-203121.372815	287235.986999	287235.324615
431491.749511	-370566.860794	-370569.227149
542219.250975	166681.158626	166673.573712
579392.199895	331815.982722	331770.462230
-134002.438743	594972.211120	594971.620840
123589.852282	-570465.850404	-570466.605162
275432.203465	-17677.029520	-17679.523867
135027.685347	304128.605086	304127.101272
239368.688294	-35286.855091	-35289.040073
605613.203679	-126763.749168	-126771.972014
-534661.840521	-246288.301575	-246288.634887
-482011.679211	322436.183322	322435.800285
313928.932708	130087.516007	130084.537052
103027.661512	-544109.965234	-544110.726002
229352.271036	183406.092482	183403.909857
521099.267279	313927.534012	313921.751388
-257619.657811	554059.247311	554058.757205
616811.125501	25856.126672	25845.714755
-98433.026296	582265.056541	582264.414761
-244423.808864	-258812.639090	-258813.190175
-139617.016641	-329326.542466	-329327.177486
296850.976630	-336441.539678	-336443.276354
513589.993921	7134.637644	7128.197528
-122059.409634	-140565.849807	-140566.621632
-501124.358033	129931.794160	129931.406684
-130345.993932	434467.362085	434466.662238
-346882.875753	484928.995420	484928.552566
171796.814409	135907.979992	135906.142623
-248037.551936	532219.680621	532219.171730
-199135.587942	76798.297940	76797.597785
-113635.603107	360159.423409	360158.653442
31420.962908	515491.488827	515490.575061
-60634.042424	376233.148892	376232.291863
-289580.899616	-458212.697861	-458213.121875
-462804.162062	-108103.416622	-108103.817153
-145849.850740	450305.040147	450304.372002
31149.603771	443561.102173	443560.106994
-175181.517270	190508.934046	190508.204583
-171921.257594	-9962.683441	-9963.416666
-14551.873526	-472929.841324	-472930.521539
70355.139112	614507.247768	614506.379916
-267446.066236	-357745.183090	-357745.668738
502087.607353	35777.892076	35771.648597
568577.443032	-27543.058211	-27551.044565
26749.931697	-528537.881337	-528538.557840
407035.705162	123991.153395	123986.881898
-160636.716283	595532.920513	595532.359287
403194.199712	-462689.822087	-462691.554004
-11451.126360	204135.095812	204134.022858
-24297.174478	-208822.976929	-208823.891263
352716.943269	-358928.253145	-358941.564421
265739.554806	-137331.273651	-137333.438424
172636.106115	538076.600668	538075.366439
581010.041601	31108.307243	31099.455410
-456384.804648	415557.339748	415556.956956
-377798.804565	2908.749817	2908.267516
98751.630235	-591879.601156	-591880.295501
262826.408195	-557266.467123	-557267.481222
-422573.752138	-126009.102691	-126009.529982
28726.693351	35541.974383	35540.766323
-335071.068449	213381.188135	213380.667979
476971.143945	350187.960033	350183.501480
-472569.778418	-380102.719072	-380103.056698
400201.957000	-256976.700116	-256979.485143
270371.596477	-61795.829760	-61798.201994
601539.694352	27382.562317	27372.861417
-33162.279701	-571576.455396	-571577.024455
-286371.957407	-490789.127821	-490789.539802
-488516.811264	-370774.572233	-370774.903715
51452.096284	-230612.663154	-230613.735041
-405913.178256	409268.762753	409268.343470
513429.711683	-92850.311375	-92856.076473
437508.615824	242729.034683	242724.501154
381712.038989	-230302.265816	-230305.020942
-352138.723614	-459452.673532	-459453.055806
414521.421366	383802.526399	383799.213726
397291.700085	244853.366143	244915.257669
-12327.308355	-596992.592268	-596993.159622
8253.657535	107619.787258	107618.635537
-476406.530516	-79691.351370	-79691.746129
43212.120135	-616576.671295	-616577.275418
-440710.023963	26824.506998	26824.076410
445834.530671	326374.207352	326370.061640
466306.252777	314883.511298	314878.927769
-128944.513559	550488.086238	550487.460034
-581995.533348	-85094.540640	-85094.870144
-12163.057664	-608483.877607	-608484.434879
-240810.209604	-480908.661082	-480909.110138
530112.854391	-159279.365437	-159284.896657
476780.608036	-373612.840021	-373615.531241
77499.565764	-166566.597930	-166567.819221
617761.625051	-17276.266356	-17286.395729
22180.555229	417307.734827	417306.732803
-599056.308636	2543.308857	2542.982532
-499526.385727	-113716.672815	-113717.047820
-609495.454570	21681.291125	21680.969625
-475002.275140	20614.461006	20614.056582
-445280.895765	-2723.271643	-2723.696605
-598635.323188	-154427.314194	-154427.627721
267518.491204	-476876.396588	-476877.610602
-248525.590329	-11181.334355	-11181.969546
132942.498316	-442047.151882	-442048.114721
-297346.701895	241595.010827	241594.455025
78799.515870	513813.932451	513812.911394
-76337.854916	-90882.777048	-90883.659499
-543110.679158	-27506.644909	-27507.001386
186519.846608	520388.231326	520386.916723
-399563.200609	422568.858140	422568.437743
-155642.515755	95369.196783	95368.424595
558885.543131	265457.773028	265450.403499
19600.622402	943.778106	942.610374
-317284.643113	-482110.189615	-482110.585001
476483.864127	-81122.784289	-81127.797369
-457525.201104	-138703.639671	-138704.039172
-526621.817045	-214145.243420	-214145.586789
-108683.297778	-512590.853703	-512591.395884
305818.982231	-533709.646361	-533710.813540
-335075.444945	516767.183926	516766.742962
-493742.643162	-262359.360940	-262359.714060
-279418.873209	312744.922045	312744.362529
-189006.662818	-567703.048809	-567703.489980
83557.568701	-494473.715051	-494474.511692
155311.263860	-575742.034526	-575742.827663
487799.657219	320663.190987	320658.256047
4253.531879	469488.419475	469487.511626
68676.539453	-15065.630149	-15066.954695
76480.194528	498330.040287	498329.003479
568444.080999	-243497.270594	-243502.614149
-589204.178575	27707.097998	27706.765235
-278712.048605	377819.980123	377819.439584
-71961.710317	-592142.052698	-592142.569589
388484.855571	-51072.794168	-51076.448816
-121440.165917	591495.480639	591494.873250
393233.838269	-263537.695598	-263540.376700
497743.595671	-325347.349437	-325350.635951
510461.551599	-191314.190146	-191318.971008
484299.465981	33497.314510	33491.546825
-444816.811792	203888.526278	203888.102115
-59490.777947	-615482.171310	-615482.681141
-283097.840653	-288858.300721	-288858.801200
-351294.321617	-491950.268719	-491950.639506
-412039.903839	-33466.587271	-33467.036149
-376828.715016	-441805.249359	-441805.622871
356856.343810	184050.800457	184047.358439
-163534.381867	-529456.844922	-529457.327724
-19648.997059	4395.132015	4394.075917
359443.413712	446380.254222	446377.814996
-399358.695295	421105.621232	421105.199708
613938.600471	2158.793651	2148.683329
-305741.659605	30458.885146	30458.327562
540920.931308	-50747.019037	-50753.890827
-111751.627207	184786.564555	184785.720333
617262.448748	24699.787226	24689.346120
218724.142225	259653.476165	259651.464367
593343.880433	172557.618799	172548.028939
3038.990096	-175419.094920	-175420.100003
-136823.550757	105817.956895	105784.903318
274077.620921	-486010.267447	-486011.475955
207570.289005	-164067.017725	-164068.773099
-258066.922614	-508088.743612	-508089.167000
436741.177030	425314.478652	425311.199459
281240.944867	549393.884623	549392.286868
402550.851672	264430.153810	264426.312329
-379398.237451	45066.059141	45065.575505
-227400.963897	-288662.955228	-288663.511055
-331668.018480	506435.277693	506434.830263
569594.412168	240806.291732	240798.251018
-610133.869695	35178.971871	35178.650267
-411774.257326	385118.317162	385117.896531
38417.796746	-222832.585122	-222833.631764
181487.550852	426331.690198	426330.197530
-15180.638171	606737.227615	606736.493076
-310425.791974	46383.582420	46383.029012
374702.047083	-165686.352045	-165689.354604
359107.563293	-2745829.331277	-2744753.166892
248647.647462	-271082.542624	-271084.247129
-263384.352466	285874.341111	285873.756051
-347009.578140	247512.014782	247511.511501
481886.081914	184424.933337	184419.188317
415488.203256	-444352.518274	-444354.392022
-78715.750416	-578739.740666	-578740.261765
-522532.905402	-139053.473524	-139053.830815
356020.962442	-89015.874095	-89018.985449
-29511.176794	-347861.344852	-347862.123842
261782.277219	131220.304861	131217.832068
-356023.069401	490955.945669	490955.512171
-428153.651709	300696.641499	300696.216734
-409669.829599	-179033.254528	-179033.681321
584488.975218	99398.533613	99389.280813
-352241.720263	403414.912190	403414.448841
594039.979542	-153059.762681	-153067.168356
-554207.383498	-230703.734304	-230704.059882
143673.863140	332718.600586	332717.099759
608510.142654	-56464.273523	-56473.571648
-303661.000322	-73583.308779	-73581.145200
-455013.325690	137933.319948	137932.899527
-441461.155940	-7496.735297	-7497.163155
-179349.776765	288966.820879	288966.124342
50470.947367	423034.199829	423033.132900
544457.408400	598418.929686	102818.596127
1727745.380238	299603.424016	-196004.637969
1663581.649149	345132.113038	-150475.910744
731191.131856	864372.583964	368766.313284
1402057.867705	331663.402472	-163944.374790
1164958.070095	1049214.494380	553606.671604
1019451.916843	1010785.675555	515178.077067
945235.493621	1041423.074468	545815.547242
577102.510559	712502.686125	216899.725593
1698160.293099	742518.331426	209977.949859
1605293.918123	246409.450504	-249198.534266
1664678.917257	780595.127412	284986.868489
562008.807142	350033.687694	-145579.369098
1534044.539904	900690.547534	405082.508236
1272922.566406	-111617.988305	-607225.768974
691597.898573	609633.547099	114029.372433
1482096.019943	153873.495019	-341734.398052
842701.714235	1020712.656908	525105.376934
1539324.433698	576232.414901	80624.429173
1540316.408434	74822.723200	-420785.238456
1488639.449607	-18976.077486	-514584.024431
662080.519846	284173.585108	-211429.152448
1532529.986626	54009.226622	-441598.755443
1117350.267345	854019.240221	358411.681467
768063.222685	775280.905458	279674.855674
1154755.539594	734669.082642	239061.579360
943521.337526	768336.123694	272729.164785
896717.561449	529264.813984	33658.636254
1354325.069766	1065600.586775	569992.599552
1472494.986148	384146.817581	-111461.044479
993953.923639	-71221.371661	-566828.628432
1334964.445912	410520.326167	-85087.356020
800891.216268	68203.643266	-427403.458562
679686.541194	866280.058359	370674.113519
983133.032217	697610.257831	202003.291580
1671014.258603	158358.741695	-337249.296365
776916.364142	639147.039989	143541.577976
740180.756697	311400.479325	-184203.741122
1484134.125165	3670.057145	-491937.896802
1276777.100184	-57567.219517	-553174.971603
1148450.941587	1097975.027542	602367.176033
1270550.512642	1100634.395448	605026.443904
705941.506770	231325.671903	-375166.469285
599718.814478	458037.663005	-37563.700180
732743.033572	163895.170354	-331710.899678
1686557.107167	686628.387088	191017.116956
627721.711728	559591.195695	63988.700634
1504692.609671	275656.124936	-219951.772781
1644111.726509	476830.781554	-18777.248424
1661492.998963	687678.094492	192068.668747
1680029.495195	820861.056177	325252.893729
1448808.035031	114762.916252	-380844.956932
759769.066881	246754.478629	-248850.288753
1209848.443340	1110117.764812	614509.848086
901573.231533	789040.919415	293434.071799
548854.877558	373364.987138	-122332.918299
1211583.851066	206582.256010	-289025.225557
1409074.780936	-28799.900439	-524407.783878
644461.061825	828422.510233	332817.158939
1689787.660050	214388.382323	-281219.663516
1617186.319896	108740.730639	-386867.282159
1527014.851689	31770.319734	-463837.668299
1382883.255213	254333.320494	-241274.440856
550855.299404	490842.018275	-4757.540268
881138.304969	547372.165798	51766.047176
1607021.603221	912445.381482	416837.292767
961449.671342	-80351.054678	-575958.257237
1547688.661177	441429.817796	-54178.125593
787529.611134	215079.650115	-280525.667954
723217.393733	925268.609973	429662.068753
1577643.345341	756501.415966	260893.300594
1560861.838199	579300.807547	83692.737703
674900.574718	211336.606468	-284267.173914
1238174.745521	149945.673677	-345661.891836
1381168.178030	1041635.573069	546027.572795
1640714.725332	582373.181628	86765.031728
684575.499951	532538.643843	36935.047547
1400770.561946	10899.587332	-484708.274974
1370977.604399	809271.776490	313663.903495
1150034.950028	210138.156444	-285469.178505
1180116.005467	-107091.146576	-602698.803290
1273170.578450	116102.231411	-379505.415392
852763.428336	246268.388139	-249337.411647
1536365.021057	795731.049992	300123.013476
821993.370823	519718.163855	24112.647781
823298.926717	198868.233175	-296737.516675
1280993.654979	210936.714379	-284670.904007
1516817.453339	141820.865782	-353787.075029
682564.772090	147929.327841	-347682.566503
1734663.995562	286221.135261	-209386.999849
1491222.119047	721901.292621	226293.311027
1233720.494721	-43500.429657	-539108.119802
1200673.445578	1090205.545525	594597.627100
586858.988886	513433.287459	17832.302940
1616525.303859	490315.963857	-5292.066582
655278.339442	608051.189863	112447.677855
634286.383861	258128.874748	-237473.300850
630948.236519	501174.544861	5572.316629
1769825.041689	499130.421319	3522.306740
1713387.868798	655451.945749	159841.587042
1366517.041435	982564.579616	486956.624560
1722664.331034	587257.801120	91649.530584
716334.795297	205591.277160	-290013.384498
836997.348535	304328.903513	-191276.615593
1541706.326566	167249.232339	-328358.723227
1100365.624341	8799.744794	-486807.654275
1708901.462896	769172.952782	273564.463677
1086033.442627	270615.760162	-224991.339881
1654639.733874	370763.576424	-124844.454477
1538855.870041	960956.222466	465348.163350
1281599.238029	1091940.612462	596332.536399
1481952.059476	556196.391471	60588.480051
1396519.699754	774734.888611	279126.998775
1522183.681909	217614.542031	-277993.382734
1572911.566236	414975.419202	-80632.550108
929846.880765	665077.128501	169470.463445
756770.169873	955389.930594	459783.110394
1490309.999289	642820.047966	147212.089300
1754910.261236	396204.400957	-99403.681912
1430366.812054	-907.486190	-496515.404698
1363093.776528	44728.255357	-450879.551518
1305640.463768	1091606.988736	595998.963158
1687220.304029	715064.077587	78429.247582
1512137.221861	-6156.950826	-501764.959447
1671880.729463	574680.953728	79072.761988
1180777.402724	414925.068037	-80682.299480
1097876.139727	96933.824384	-398673.469668
1321972.976220	321856.242304	-173751.420900
1489074.919139	403199.614667	-92408.287382
1467979.595643	223088.985335	-272518.888518
786365.871733	136847.056975	-358759.039610
1547194.577705	29470.448116	-466137.615473
802925.001657	897924.086170	402317.303571
1235042.594606	-64704.295416	-560312.027293
1367655.972871	312493.741693	-183114.004489
683132.049143	885815.343982	390209.217702
1523353.303403	43412.634843	-452195.567271
963389.638010	100860.865030	-394746.000410
1238367.210252	-106334.668164	-601942.424356
679058.821845	153593.560505	-342016.413182
435058.774665	417663.071116	-169426.988339
669629.426056	113522.323501	-437984.657926
1046068.987126	755753.808596	260146.537376
575022.655857	589999.873760	94398.572265
1475171.644769	-31339.200250	-526947.208725
1005936.468740	258658.191452	-236948.590546
1379661.379145	889948.482290	394340.562182
647369.984541	488842.953720	-6759.680405
971980.372444	891391.717840	395784.410105
1292376.697421	-107214.421503	-602822.294731
503555.285352	469919.593440	-104255.341447
1741498.055657	593138.290543	97529.924403
635150.986452	518539.205383	22936.735243
1651473.248481	855345.750842	359737.631548
928710.256418	1058613.903990	563006.351682
1131802.422029	540384.882551	44777.600297
1618964.209711	401177.354014	-94430.653141
1728019.148180	427669.410891	-67938.666686
1073047.364540	-116774.558655	-612382.046729
630939.524950	157194.934596	-376129.967705
1299799.245879	357612.594081	-137995.033347
1365929.013461	517863.183219	22255.432789
1120252.525576	511055.227755	15447.990617
1344726.964951	226050.908437	-269556.812234
1226731.266073	1051622.989803	556015.097214
615416.536594	211876.952658	-283725.238331
1500626.594213	921471.051393	425863.018532
880103.438797	241692.732293	-253913.334579
557034.439816	520720.962430	25120.976702
1456383.035985	903495.028973	407887.034383
1133491.841959	724225.534494	228618.053385
547040.174739	610939.434318	115338.725463
1205968.868777	160264.837629	-335342.675272
549554.735835	566520.564038	70920.417245
1652953.080951	513024.034264	17415.966437
1041845.376511	1100571.173680	604963.427597
681628.253019	145689.748279	-691037.979855
790425.256546	57967.757305	-437639.923684
1705488.961981	718862.613350	223241.283971
1759723.216171	448771.883910	-46836.219462
972442.237550	-27804.628344	-523411.772299
1390443.793881	317508.601453	-178099.253781
615931.192753	262029.466398	-233572.226415
1094946.379054	809255.165102	313647.699978
1599816.988087	918560.916779	422952.500300
1514737.532172	28157.409458	-467450.844911
973169.359482	675008.873366	179401.967343
1497799.353131	613865.810998	118257.844350
1542347.422708	381746.071280	-113861.871382
1160445.654004	-52879.637727	-548487.220809
702753.905547	162258.082794	-333349.154327
1004018.268474	777424.753481	281817.561620
1608574.669478	889211.278055	393603.164885
586353.896926	333161.998901	-162440.034633
566859.825959	678451.791725	182849.580734
1765071.860079	480520.951078	-15087.191781
977874.867750	534390.125610	38783.441361
648698.085070	223939.525058	-271663.436556
1286038.159984	739408.676607	243800.943591
1702224.462042	781413.401746	285804.972686
1582090.807101	763744.272455	268135.818238
1054964.067635	191951.701660	-303655.354892
537132.447078	516279.681305	20680.509338
1361166.022548	148700.345402	-346907.417919
