-303706.667925	-535279.860039	-535279.860297
-121682.996322	554809.649997	554809.649678
117716.275852	56930.817772	56930.817040
111160.621047	-462643.841058	-462643.841629
177967.972661	-532655.363799	-532655.364402
-203214.118724	287229.552906	287229.552563
431485.279699	-370576.687024	-370576.688426
542214.056694	166676.459473	166676.457000
500356.158384	314895.917842	314895.916152
-134281.058318	595121.236498	595121.236197
123584.171824	-570481.248215	-570481.248731
275447.747313	-17650.405181	-17650.406300
135012.924776	304107.108142	304107.107486
239310.966763	-35285.644694	-35285.645706
605652.895136	-126757.650242	-126757.653798
-534669.345375	-246356.198938	-246356.199148
-482065.765624	322440.909973	322440.909757
313937.317722	130082.055581	130082.054394
103012.670878	-544096.656144	-544096.656656
229338.607826	183418.658498	183418.657590
521541.292880	313915.144340	313915.142527
-257655.919899	554127.299919	554127.299659
616641.733050	27478.903709	27478.899812
-98280.328649	582267.527505	582267.527182
-244431.458220	-258785.369015	-258785.369350
-139618.011523	-329333.676730	-329333.677120
296833.568045	-336446.046578	-336446.047583
513568.061867	7099.867016	7099.864537
-122074.642499	-140574.587530	-140574.587966
-501182.230517	129938.930392	129938.930167
-130307.876158	434424.609869	434424.609518
-346647.153024	484708.338475	484708.338235
171777.022871	135909.171970	135909.171160
-248027.132429	532196.463504	532196.463236
-199156.041142	76796.161621	76796.161245
-113652.713192	360154.671239	360154.670855
31378.465426	515526.841721	515526.841290
-60623.174400	376232.843153	376232.842736
-289567.387252	-458159.992820	-458159.993099
-462784.590101	-108092.915244	-108092.915486
-145911.560521	450363.901766	450363.901429
31146.248828	443603.829046	443603.828581
-175198.557306	190509.753337	190509.752958
-171912.170186	-9967.219427	-9967.219827
-14566.587090	-472920.870043	-472920.870485
70368.914030	614535.376361	614535.375952
-267458.287111	-357754.105055	-357754.105362
502237.438133	35836.054717	35836.052367
568560.501486	-27557.587222	-27557.590354
26736.410406	-528538.770369	-528538.770821
407031.485215	123987.367463	123987.365876
-160808.037857	595582.654542	595582.654254
403178.966353	-462763.488938	-462763.490060
-11448.889663	204140.887562	204140.887046
-24338.466600	-208839.442208	-208839.442727
352629.193008	-384754.646256	-384754.647356
265733.947612	-137338.081159	-137338.082226
172613.820458	538147.811277	538147.810734
580782.200180	31176.625661	31176.622379
-456499.690636	415574.613759	415574.613545
-377767.152610	2904.785608	2904.785330
98736.293727	-591939.392943	-591939.393423
262835.417713	-557303.308692	-557303.309386
-422507.216112	-126018.814482	-126018.814739
28727.975331	35568.418755	35568.418156
-335094.198758	213351.173531	213351.173247
476976.978278	350290.016528	350290.015048
-472479.005323	-380180.909600	-380180.909820
400485.954945	-256759.134269	-256759.135735
270368.977837	-61819.967379	-61819.968481
601205.422111	27455.833906	27455.830291
-33151.698684	-571536.776423	-571536.776811
-286369.034076	-490816.138928	-490816.139202
-488662.912588	-370715.344368	-370715.344583
51627.782155	-230732.981988	-230732.982592
-406072.329719	409064.190685	409064.190454
513447.497795	-92883.742733	-92883.745182
437512.762103	242712.069387	242712.067840
381685.509017	-230274.209668	-230274.211085
-352177.253195	-459446.769579	-459446.769832
414498.010504	383824.051581	383824.050407
503518.782247	312376.395857	312376.394142
-12291.222397	-596862.590975	-596862.591366
8247.080880	107627.899862	107627.899300
-476434.329841	-79657.386199	-79657.386436
43240.876779	-616626.713247	-616626.713668
-440694.748389	26893.166092	26893.165842
445658.909730	326429.876224	326429.874820
466141.849502	314812.607164	314812.605644
-129479.462051	550151.375405	550151.375088
-582055.337772	-85098.083050	-85098.083252
-12136.150653	-608699.622152	-608699.622539
-240748.267957	-480888.459164	-480888.459461
530110.654820	-159287.568146	-159287.570661
476830.903080	-373636.333903	-373636.335504
77510.106137	-166561.154718	-166561.155377
617836.311089	-17365.618820	-17365.622763
22101.363986	417256.920751	417256.920282
-599089.742493	2449.151019	2449.150821
-499606.700747	-113715.734537	-113715.734765
-609691.608409	21579.715477	21579.715283
-475115.120032	20649.231038	20649.230801
-445707.810447	-2246.599523	-2246.599771
-598694.574386	-154438.709814	-154438.710010
267387.856338	-476690.477529	-476690.478316
-248523.204983	-11188.943893	-11188.944240
132974.012209	-442011.931248	-442011.931859
-297330.529723	241591.322575	241591.322276
78847.824160	513929.085352	513929.084882
-76342.138478	-90883.224104	-90883.224585
-543145.408533	-27515.006931	-27515.007146
186575.247121	520355.099570	520355.098998
-399814.054006	424227.442180	424227.441949
-155625.498569	95380.303840	95380.303434
558910.266341	265483.579612	265483.577359
19611.123860	925.168059	925.167468
-317334.387212	-482117.809555	-482117.809818
476430.878293	-81128.187039	-81128.189174
-457546.091697	-138761.897983	-138761.898225
-526610.283075	-214116.541833	-214116.542048
-108683.081725	-512583.487416	-512583.487777
305860.073801	-533731.597323	-533731.598114
-335147.284901	517024.065933	517024.065694
-493725.362038	-262394.669269	-262394.669492
-279450.364282	312777.139870	312777.139572
-189035.994401	-567740.036756	-567740.037057
83545.637175	-494476.735714	-494476.736236
155404.533161	-575787.102268	-575787.102813
487567.288257	320869.808716	320869.807109
4213.989525	469514.747981	469514.747550
68699.505342	-15083.443086	-15083.443746
76499.415167	498247.786952	498247.786475
568462.857208	-243520.758752	-243520.761432
-589008.357347	27751.528655	27751.528455
-278708.919000	377827.609141	377827.608854
-71993.000235	-592247.584658	-592247.585013
388477.554816	-51066.210563	-51066.212142
-121166.608221	591488.708796	591488.708488
392971.313167	-263817.965186	-263817.966608
497768.533241	-325353.715093	-325353.716939
510451.812548	-191347.565257	-191347.567526
484055.412306	33493.349737	33493.347544
-444849.020151	203896.181129	203896.180889
-59532.817285	-615579.648562	-615579.648916
-283143.613988	-288870.266087	-288870.266397
-351399.561474	-492004.629893	-492004.630140
-412018.836409	-33506.143727	-33506.143990
-376912.013081	-441772.786288	-441772.786533
356846.269063	184058.645006	184058.643716
-163550.743924	-529463.449228	-529463.449552
-19713.078323	4391.346813	4391.346271
359435.839980	446402.470292	446402.469367
-399026.179780	419755.248504	419755.248272
613981.430551	2097.085216	2097.081349
-305704.632127	30382.542871	30382.542558
540889.387022	-50777.940265	-50777.943037
-111741.871143	184787.748124	184787.747697
618086.944477	23130.018777	23130.014847
218719.799000	259660.325542	259660.324711
593385.640764	172562.040906	172562.037873
3026.854800	-175403.249020	-175403.249577
-321240.862478	-93717.668792	-93717.669097
274221.243518	-486203.710210	-486203.711000
207552.278427	-164078.920588	-164078.921492
-258033.573983	-508150.799818	-508150.800101
436755.757522	425349.399692	425349.398530
281258.833494	549414.263191	549414.262528
402499.571324	264441.786934	264441.785583
-379404.966465	45101.369364	45101.369088
-227378.647964	-288684.205168	-288684.205509
-331558.173537	506322.937814	506322.937573
569634.768932	240777.280218	240777.277765
-610298.017370	35373.916482	35373.916289
-411825.344354	385044.881771	385044.881539
38257.040243	-222752.234162	-222752.234751
181500.640925	426337.654037	426337.653399
-15169.740161	606767.142249	606767.141890
-310439.068410	46483.554121	46483.553811
374695.219912	-165693.769472	-165693.770924
352683.758088	-381386.481495	-381386.482600
248633.278175	-271089.710694	-271089.711635
-263392.197918	285860.041990	285860.041680
-347062.052612	247529.442457	247529.442182
481873.332692	184424.909147	184424.907217
415541.153342	-444326.642509	-444326.643704
-78836.152944	-578640.342015	-578640.342371
-522601.489514	-139090.028618	-139090.028838
356008.489135	-89031.013283	-89031.014697
-29512.763872	-347867.190320	-347867.190796
261756.048159	131215.148298	131215.147274
-356397.087723	491118.228290	491118.228055
-428176.075726	300692.883830	300692.883593
-409660.089026	-179062.546763	-179062.547023
584499.283674	99414.111958	99414.108764
-352190.741161	403407.534431	403407.534180
594061.183981	-153107.523753	-153107.527055
-554335.967496	-230699.663199	-230699.663404
143680.416551	332748.717901	332748.717250
608554.029206	-56511.840771	-56511.844514
-318308.083987	-90463.645323	-90463.645630
-455010.945978	137945.463851	137945.463611
-441089.089324	-8013.720549	-8013.720800
-179223.683131	288977.190867	288977.190509
50581.431875	423011.939294	423011.938802
992902.052886	149781.245032	102732.848676
2176292.215034	-148860.499044	-195908.898840
2112177.204822	-103470.172223	-150518.572004
1179785.580815	415810.614529	368762.215842
1850716.243060	-116802.643117	-163851.042771
1613489.833342	600641.507933	553593.108334
1468018.582484	562230.369854	515181.970400
1393830.368635	592835.152241	545786.752841
1025661.968398	263984.167908	216935.770667
2186707.820337	252523.525369	205475.125499
2053884.324406	-202151.320234	-249199.719996
2113192.400171	332048.600527	285000.200742
1010749.193427	-98731.075836	-145779.472627
1982615.532475	452123.230074	405074.830322
1721403.097408	-560261.980189	-607310.379864
1140227.582652	161098.680005	114050.281990
1930621.355447	-294673.820994	-341722.220713
1291249.418696	572168.791223	525120.391995
1987763.392347	127653.573976	80605.174253
1988944.780376	-373651.787814	-420700.187571
1937263.265399	-467589.984240	-514638.383992
1110670.294321	-164347.597367	-211395.995360
1981235.562354	-394374.716892	-441423.116838
1565923.248680	405482.335056	358433.935586
1216622.236496	326727.763288	279679.364615
1603411.072973	286150.787101	239102.387634
1392079.011864	319778.310665	272729.911502
1345329.460645	80661.537266	33613.138338
1802907.978286	617065.073157	570016.673445
1921011.889157	-64447.827665	-111496.227361
1442557.186132	-519792.407494	-566840.806944
1783520.109686	-38021.736151	-85070.135758
1249599.240131	-380264.381520	-427312.780517
1128205.086885	417678.825345	370630.426826
1431722.227759	249091.741895	202043.342691
2119619.158521	-290212.267647	-337260.667441
1225491.530086	190602.715930	143554.317387
1188756.354585	-137137.895988	-184186.294404
1932626.622123	-444866.666753	-491915.066661
1725405.385896	-506126.552553	-553174.952228
1596962.491539	649443.041746	602394.642120
1718946.325100	652237.724266	605189.324574
1119508.644743	-329212.253473	-376260.652002
1048279.518788	9440.482485	-37607.914552
1181421.513226	-284674.020600	-331722.419238
2135187.124263	238050.287536	191001.887719
1076307.590200	111062.087714	64013.690305
1953274.111510	-172896.308120	-219944.707846
2092731.135956	28237.842167	-18810.557600
2109927.462068	239117.806922	192069.406811
2128627.965922	372334.962787	325286.562966
1897353.706105	-333808.163838	-380856.563577
1208338.916606	-201777.883884	-248826.282492
1658417.986843	661646.119083	614597.719381
1350107.358023	340503.269884	293454.870753
997384.148460	-75053.907355	-122102.303960
1660141.344039	-241965.336005	-289013.735540
1857596.826200	-477423.719417	-524472.119159
1092994.099853	379860.571930	332812.173711
2138389.432091	-234178.586709	-281226.986520
2065800.109849	-339827.551598	-386875.951399
1975843.468934	-416876.426205	-463924.826179
1831457.773034	-194228.135323	-241276.534987
999363.631496	42215.952697	-4832.443594
1329676.736599	98864.391062	51815.991986
2055916.416335	463696.856940	416648.457145
1409947.180277	-528950.003384	-575998.402927
1996230.763976	-7098.600229	-54146.999966
1236101.539431	-233478.750682	-280527.149477
1171760.736469	476732.849549	429684.450745
2026014.667329	307634.228915	260585.829148
2009558.303354	130762.496209	83714.095999
1123478.692461	-237239.961702	-284288.359982
1686769.015592	-298637.212559	-345685.612144
1829774.041452	593071.466278	546023.066493
2089232.336981	133833.446140	86785.046354
1133212.035644	83993.601518	36945.203599
1849260.118244	-437648.050377	-484696.450136
1819524.510085	360730.689962	313682.290299
1598575.178001	-238418.047165	-285466.446664
1628641.167199	-555687.406388	-602735.806022
1721737.436226	-332483.285566	-379531.685208
1301281.860777	-202269.476134	-249317.875076
1984905.760951	347193.601767	300145.202003
1270550.716129	71152.987264	24104.588565
1271918.133104	-249719.969229	-296768.368211
1729553.233543	-237621.486236	-284669.885859
1965421.879011	-306768.598502	-353816.998359
1131331.742209	-301105.518323	-348153.916891
2183321.361975	-162455.601888	-209504.002306
1939770.970733	273342.964376	226294.564650
1682258.017192	-491999.498354	-539047.898048
1649206.515798	641624.013225	594575.613321
1035455.639994	64872.265894	17823.868964
2065029.835683	41772.270932	-5276.128973
1103818.631013	159521.919789	112473.521926
1082973.903639	-190452.139444	-237500.537383
1079467.274330	52584.593527	5536.196033
2218452.105393	50644.824557	3596.424744
2161993.108311	206863.509943	159815.110075
1815080.788721	534008.813773	486960.414061
2171145.728965	138659.242696	91610.842877
1164934.855849	-242958.109821	-290006.508442
1285578.772413	-144209.614448	-191258.013291
1990327.631256	-281296.161748	-328344.561596
1548919.959031	-439766.981153	-486815.380670
2157595.994046	320504.056291	273455.656416
1534600.196733	-177934.088809	-224982.488194
2103226.028559	-77785.986668	-124834.386552
1987430.348140	512439.011445	465390.611664
1730228.806097	643280.210507	596231.809720
1930483.844613	107627.856844	60579.457114
1845084.696689	326168.508034	279120.108325
1970781.249079	-230943.326376	-277991.726154
2021488.039870	-33583.864295	-80632.264114
1378372.284068	216508.409271	169460.010182
1205336.529978	506866.495013	459818.096029
1938852.909503	194295.394865	147246.995139
2203529.105780	-52382.530637	-99430.930457
1878932.005752	-449484.581615	-496532.981595
1811626.821537	-403827.748721	-450876.148453
1754371.237331	643062.982209	596014.582005
2184832.027186	255338.728503	208290.269461
1960856.007793	-454775.141654	-501823.541838
2120495.639743	126106.626567	79058.226591
1629333.416813	-33630.890035	-80679.289502
1546433.136310	-351636.626603	-398685.026077
1770484.844537	-126705.919833	-173754.319460
1937644.658338	-45314.431183	-92362.831076
1916531.930601	-225471.414317	-272519.814093
1234970.037415	-311738.012002	-358786.410911
1996108.929155	-419174.628502	-466223.029037
1251505.226782	449376.455892	402328.056891
1683575.138836	-513313.495922	-560361.895846
1816105.498239	-136105.229472	-183153.629240
1131667.570685	437333.921019	390285.522178
1971772.513248	-405020.697116	-452069.099078
1411954.224266	-347710.604392	-394759.003688
1686874.201843	-554934.256390	-601982.656239
1127223.499185	-294548.351252	-341596.754753
1002441.228664	-89285.771065	-136334.170844
1178661.387449	-394965.031868	-442013.430971
1494652.457255	307192.164480	260143.765126
1023662.445518	141458.759444	94410.362449
1923664.899900	-480054.990702	-527103.391065
1454496.293835	-189897.349522	-236945.748798
1828207.029587	441397.273122	394348.873427
1096062.243269	40188.812934	-6859.585060
1420542.231595	442846.475004	395798.075687
1741131.312233	-555780.397749	-602828.798088
1000843.891700	-90761.535265	-137810.179180
2190254.674431	144624.482273	97576.081867
1083764.477989	70064.554487	23016.156526
2100064.127737	406806.648345	359758.248506
1377220.540397	610118.126661	563069.727060
1580379.652741	91853.120253	44804.720848
2067559.102669	-47383.734352	-94432.134214
2176583.576863	-20902.754469	-67951.154328
1521600.224075	-565361.112407	-612409.511977
1123990.020810	-329261.896714	-376310.350833
1748329.670244	-90927.587205	-137975.986848
1814481.492445	69309.244829	22260.845191
1568809.419223	62474.457363	15426.057909
1793283.844275	-222519.200125	-269567.599831
1675303.515460	603042.564854	555994.165122
1063874.987707	-236716.800804	-283765.198745
1949173.285078	472945.222705	425896.822871
1328778.006140	-206877.540985	-253925.940250
1005640.305631	72227.589151	25179.192469
1904917.873079	454939.139990	407890.740194
1581987.015406	275625.105173	228576.705428
995580.903073	162577.467504	115529.070108
1654472.416752	-288298.733693	-335347.133401
998061.940253	117950.554741	70902.158185
2101550.958098	64488.303026	17439.903138
1490396.533177	652033.011139	604984.611587
1176420.584282	-393040.035874	-440088.546346
1238900.142067	-390737.047887	-437785.447786
2154032.652273	270352.410754	223304.010684
2208348.800942	202.828057	-46845.571853
1420991.557382	-476362.419734	-523410.819172
1839068.791205	-131098.851170	-178147.251652
1064274.695956	-186484.563163	-233532.961635
1543516.685309	360706.378074	313657.978612
2048107.453695	470303.213261	423254.810559
1962904.986558	-420579.092608	-467627.495035
1421746.498606	226415.544118	179367.144745
1946345.837474	165301.207178	118252.807350
1990920.400458	-66839.178785	-113887.578619
1608975.092598	-501445.116022	-548493.515669
1151381.939691	-286256.797366	-333305.196642
1452577.446906	328888.399105	281839.999742
2057167.404616	440606.513777	393558.113735
1034975.590928	-115444.676534	-162493.073956
1015407.519621	229905.728147	182857.331092
2213669.238888	31923.564208	-15124.835950
1426457.315427	85831.120150	38782.720987
1097223.667176	-224601.691665	-271650.090106
1734599.681462	290851.052215	243802.652609
2150804.440865	332991.858167	285943.457449
2030841.788781	315493.129222	268444.726489
1503519.522357	-256616.497344	-303664.896737
985467.906557	67713.918652	20665.521901
1809727.731843	-299866.834768	-346915.234470
