-0.006177	0.003332	0.003332
0.000020	-0.000125	-0.000125
0.000255	0.000003	0.000003
0.000205	0.000068	0.000068
-0.000021	0.000071	0.000071
-0.001440	0.000143	0.000143
0.000035	0.000169	0.000169
0.000118	-0.000015	-0.000015
-0.000160	0.000335	0.000335
0.000063	-0.000153	-0.000153
0.000164	-0.000035	-0.000035
0.000177	0.000298	0.000298
-0.001086	-0.000309	-0.000309
0.002604	0.001807	0.001807
0.000115	0.000106	0.000106
0.000231	0.000118	0.000118
-0.000156	-0.000303	-0.000303
-0.000774	0.000389	0.000388
-0.000337	0.000131	0.000131
-0.001638	0.000127	0.000127
-0.000034	-0.000023	-0.000023
0.008424	0.007646	0.007646
0.000114	0.000265	0.000265
-0.000062	0.000107	0.000106
-0.000170	0.000294	0.000294
0.004836	-0.001117	-0.001117
0.000086	0.000108	0.000107
-0.000266	0.000499	0.000498
-0.003120	-0.000318	-0.000318
-0.000156	-0.000088	-0.000089
-0.000007	-0.001321	-0.001322
-0.017331	-0.006181	-0.006182
-0.000052	-0.000217	-0.000217
-0.001552	0.000074	0.000073
0.000118	-0.000254	-0.000254
-0.000554	-0.000329	-0.000329
0.000047	-0.000054	-0.000054
0.000050	0.000240	0.000240
0.000100	-0.000030	-0.000031
-0.000021	0.000008	0.000007
-0.000473	-0.000303	-0.000303
0.000046	-0.000108	-0.000108
0.000131	0.000140	0.000140
0.000541	-0.000015	-0.000015
-0.011657	-0.000735	-0.000736
0.000069	-0.000017	-0.000017
0.000449	-0.000066	-0.000066
-0.000053	-0.000031	-0.000032
-0.001364	0.001093	0.001093
0.000355	-0.000215	-0.000216
-0.000105	-0.000074	-0.000074
-0.000824	-0.001152	-0.001152
-0.001899	-0.001304	-0.001304
-0.000063	-0.000147	-0.000148
0.001119	-0.000064	-0.000064
-0.000098	0.000000	0.000000
0.002200	0.000284	0.000284
-0.000079	0.000006	0.000006
-0.000114	-0.000118	-0.000118
0.000461	0.000019	0.000018
-0.000316	-0.000167	-0.000167
-0.001087	0.001014	0.001013
-0.000027	0.000202	0.000202
0.000309	0.000064	0.000064
-0.000262	0.000037	0.000036
-0.000215	0.000109	0.000108
0.000199	0.000192	0.000192
0.000020	-0.000121	-0.000122
0.000615	-0.000218	-0.000218
-0.000056	-0.000210	-0.000210
-0.000177	-0.000208	-0.000208
-0.001698	0.000776	0.000776
0.000041	-0.000068	-0.000069
0.000307	0.000014	0.000014
0.000346	0.000111	0.000111
-0.000374	-0.000579	-0.000579
-0.000101	0.000063	0.000063
-0.000186	0.000069	0.000069
0.000070	0.000019	0.000019
0.000145	0.000022	0.000022
0.002382	-0.000178	-0.000178
-0.000200	-0.000085	-0.000085
0.000051	0.000204	0.000204
0.000117	0.000229	0.000229
-0.000149	-0.000174	-0.000175
-0.000194	0.000228	0.000227
-0.000349	0.000399	0.000399
0.000163	-0.000125	-0.000125
-0.000402	-0.000434	-0.000434
-0.000154	0.000003	0.000003
-0.002784	0.001021	0.001020
0.000310	0.000090	0.000089
-0.000016	0.000418	0.000418
0.000023	-0.000102	-0.000102
0.000503	0.000120	0.000120
-0.000164	-0.000360	-0.000361
-0.000201	-0.000135	-0.000136
0.000483	-0.000036	-0.000036
0.000020	0.000033	0.000033
0.000435	-0.000144	-0.000144
0.000752	-0.000582	-0.000582
-0.000802	-0.000323	-0.000323
-0.003550	0.001439	0.001439
-0.000037	-0.000105	-0.000105
0.001301	-0.000375	-0.000376
-0.000149	-0.000119	-0.000119
0.001138	0.000038	0.000038
0.000323	-0.000028	-0.000028
-0.000002	-0.000129	-0.000129
0.001349	0.000457	0.000456
-0.000105	-0.000235	-0.000236
0.001184	-0.000364	-0.000365
-0.000591	0.000004	0.000003
0.000282	-0.000407	-0.000407
0.000448	0.000109	0.000108
-0.000253	-0.000323	-0.000323
-0.002527	-0.003405	-0.003406
0.001120	0.000967	0.000967
-0.000648	0.000353	0.000353
-0.000045	0.000357	0.000357
-0.000810	-0.000099	-0.000099
-0.000162	0.000141	0.000141
0.000656	0.000301	0.000301
0.000008	-0.000045	-0.000046
-0.000068	-0.001649	-0.001649
0.000859	0.000540	0.000539
0.000222	0.000334	0.000333
-0.000450	0.000318	0.000318
0.016833	0.005970	0.005969
-0.007172	-0.007212	-0.007212
0.000068	0.000072	0.000072
0.000218	0.000179	0.000179
0.000827	0.002566	0.002565
0.000219	-0.000480	-0.000480
-0.000099	-0.000162	-0.000162
0.000050	0.000170	0.000170
-0.000067	-0.000010	-0.000010
0.000245	0.000220	0.000220
0.001542	0.000822	0.000821
0.000132	0.000355	0.000354
-0.000024	-0.000063	-0.000063
0.000246	0.000017	0.000017
0.000444	0.000918	0.000918
-0.000004	-0.000091	-0.000092
0.000834	-0.000014	-0.000014
-0.000014	0.000166	0.000166
0.000262	0.000035	0.000035
0.002377	0.000756	0.000756
0.003840	0.002209	0.002208
-0.006989	-0.001684	-0.001684
0.000077	0.000059	0.000059
-0.000132	-0.000066	-0.000067
0.000126	0.000158	0.000158
-0.000045	-0.000162	-0.000162
-0.000679	-0.000823	-0.000824
-0.000372	0.000021	0.000021
-0.000000	0.000010	0.000010
0.001174	-0.000138	-0.000138
0.000681	-0.000152	-0.000152
0.000876	-0.000520	-0.000520
0.001224	0.000296	0.000295
0.001332	-0.000155	-0.000156
-0.000630	0.000396	0.000396
-0.000749	-0.001187	-0.001187
-0.000050	0.000058	0.000058
-0.000207	-0.000184	-0.000184
0.000248	-0.000261	-0.000262
-0.000116	0.000245	0.000245
-0.000247	0.000277	0.000277
0.000889	-0.002210	-0.002210
0.000134	-0.000096	-0.000096
-0.002614	0.001687	0.001687
0.000132	0.000056	0.000056
0.009228	0.001336	0.001336
0.001199	-0.000977	-0.000978
0.000199	-0.000072	-0.000073
-0.000049	0.000006	0.000005
0.000151	0.000236	0.000236
0.000074	-0.000117	-0.000118
0.000227	0.000046	0.000045
0.000834	0.001059	0.001059
-0.001037	0.000702	0.000702
0.000010	0.000040	0.000040
-0.003044	-0.000751	-0.000751
-0.000252	0.000408	0.000408
-0.000318	-0.000083	-0.000083
0.000666	0.000706	0.000706
0.000021	-0.000068	-0.000069
-0.000025	0.000112	0.000112
0.000797	-0.000086	-0.000086
-0.003806	-0.001998	-0.001999
0.000205	-0.000043	-0.000043
0.005936	-0.003432	-0.003432
0.002533	0.000121	0.000120
-0.000014	0.000021	0.000021
-0.000083	-0.000047	-0.000047
0.012351	0.000800	0.000800
0.000182	0.000248	0.000248
0.000087	0.000098	0.000098
-0.000075	-0.000045	-0.000045
-0.000388	-0.001370	-0.001370
0.000125	-0.000138	-0.000138
-0.000070	0.000064	0.000064
0.000378	-0.000775	-0.000775
-84.000004	83.999881	-0.000119
-83.999843	83.999993	-0.000007
-84.000388	83.999772	-0.000228
-83.999917	83.999688	-0.000312
-83.999162	84.000257	0.000257
-84.000287	84.000341	0.000341
-83.998569	84.001030	0.001030
-84.000453	84.000259	0.000259
-83.996716	83.998111	-0.001889
-83.999569	84.000255	0.000255
-83.999502	84.000364	0.000364
-83.999408	84.000267	0.000267
-84.000393	84.000487	0.000488
-84.000499	84.000573	0.000573
-84.000155	83.999992	-0.000008
-83.999730	83.999367	-0.000633
-83.999579	84.000246	0.000247
-84.000021	83.999842	-0.000158
-83.999803	83.999973	-0.000027
-83.999532	84.000010	0.000010
-83.999821	84.000100	0.000100
-83.998171	84.000983	0.000984
-83.999850	83.999780	-0.000220
-84.000273	83.999811	-0.000189
-84.001712	84.000350	0.000350
-84.000249	83.999998	-0.000002
-84.000135	84.000383	0.000383
-83.999221	83.999149	-0.000851
-84.000423	84.000246	0.000246
-84.000606	83.999474	-0.000526
-84.000163	84.000283	0.000283
-83.999575	83.999895	-0.000104
-84.000276	83.999804	-0.000196
-83.999835	83.999930	-0.000069
-84.002494	84.002199	0.002199
-83.999942	84.000023	0.000023
-83.999574	84.000224	0.000225
-84.000396	84.000234	0.000234
-84.000703	84.000000	0.000000
-84.000435	83.999608	-0.000392
-83.999871	84.000126	0.000126
-84.000052	83.999993	-0.000007
-83.999778	83.999891	-0.000109
-84.020194	84.019536	0.019536
-84.001832	83.999652	-0.000347
-83.999949	84.000785	0.000785
-83.993301	84.008306	0.008307
-84.000226	84.000110	0.000110
-84.000810	83.999672	-0.000328
-83.997887	83.999181	-0.000820
-83.999975	84.000155	0.000155
-84.001201	83.999424	-0.000577
-83.999770	84.000326	0.000326
-83.999984	84.000110	0.000110
-83.999578	83.999963	-0.000036
-84.000024	83.999975	-0.000025
-84.000079	84.000112	0.000112
-83.999625	84.000124	0.000125
-83.999662	83.999435	-0.000565
-84.000307	84.000649	0.000648
-84.000076	83.999907	-0.000093
-83.999498	83.999871	-0.000129
-83.999914	83.999731	-0.000269
-84.000277	83.999770	-0.000230
-83.999662	84.000177	0.000177
-83.999506	83.999781	-0.000218
-84.000247	83.999936	-0.000064
-84.000101	83.999951	-0.000049
-84.000050	83.999862	-0.000138
-84.000031	84.000243	0.000244
-84.000062	84.000012	0.000012
-102.625593	102.435415	-1.020416
-83.998644	83.999316	-0.000683
-83.999974	83.999926	-0.000074
-83.999916	84.000020	0.000020
-84.000219	84.000090	0.000090
-83.999917	83.999997	-0.000003
-84.000038	83.999829	-0.000170
-84.000949	84.000020	0.000020
-84.001153	83.999989	-0.000011
-84.000374	83.999984	-0.000016
-83.999673	84.000161	0.000161
-84.000874	83.999132	-0.000867
-84.001380	83.999629	-0.000371
-84.000359	84.000183	0.000183
-83.999724	84.000554	0.000555
-84.057952	83.991581	-0.008419
-103.594047	93.626922	-53.886395
-84.000176	83.999984	-0.000016
-84.005508	84.002030	0.002028
-84.000413	83.999929	-0.000071
-84.000183	84.000059	0.000059
-84.000044	83.999998	-0.000002
-83.999917	83.999986	-0.000014
-84.000972	83.988758	-0.011261
-83.997801	83.998981	-0.001025
-83.999770	84.000498	0.000499
-84.000722	84.000602	0.000601
-84.000104	83.999901	-0.000098
-83.999868	83.999727	-0.000273
-83.999728	83.999843	-0.000156
-84.000345	83.999645	-0.000355
-83.999842	83.999543	-0.000458
-84.000576	83.999140	-0.000860
-84.000270	84.000019	0.000019
-83.999882	83.999657	-0.000342
-84.000556	83.999577	-0.000423
-83.999342	83.999903	-0.000097
-83.999926	83.999952	-0.000048
-84.000388	83.999919	-0.000081
-83.999930	83.999151	-0.000849
-84.002890	84.000431	0.000428
-84.000289	83.999833	-0.000167
-84.000449	83.999416	-0.000584
-84.000457	83.999681	-0.000319
-84.000688	83.999269	-0.000730
-84.000748	83.999637	-0.000363
-83.999765	84.000098	0.000098
-84.000786	84.000042	0.000042
-83.998216	84.000436	0.000435
-83.999850	84.000235	0.000235
-84.000161	83.999879	-0.000121
-83.999955	83.999957	-0.000042
-83.999538	84.000784	0.000784
-84.000976	83.999627	-0.000373
-83.999861	84.000197	0.000198
-84.000251	83.999918	-0.000082
-84.000143	84.000145	0.000146
-83.999840	83.999964	-0.000036
-83.999301	83.999785	-0.000215
-84.000201	84.000246	0.000246
-84.001457	84.002831	0.002830
-83.999599	84.000362	0.000361
-83.999495	84.000140	0.000140
-84.000902	83.999900	-0.000100
-83.999442	83.997937	-0.002062
-84.000079	83.999924	-0.000076
-83.999850	84.000035	0.000035
-83.999815	83.999882	-0.000118
-83.999988	84.000199	0.000199
-83.999951	83.999939	-0.000061
-83.998650	83.999736	-0.000264
-83.998889	84.000575	0.000575
-83.999730	84.000058	0.000059
-84.000852	83.999797	-0.000203
-84.000022	83.999777	-0.000223
-83.999368	83.999846	-0.000154
-83.999928	84.000103	0.000103
-84.000207	83.999778	-0.000222
-83.999638	84.000290	0.000290
-83.999182	84.000179	0.000179
-83.999963	84.000003	0.000003
-84.000160	84.000058	0.000059
-84.000046	84.000079	0.000079
-83.999697	84.000147	0.000147
-83.999616	83.999759	-0.000241
-84.000028	83.999700	-0.000300
-83.942324	84.008423	0.008260
-83.999795	83.999847	-0.000153
-84.000233	84.000047	0.000047
-83.999658	83.999830	-0.000170
-84.000064	84.000082	0.000083
-84.000056	83.999467	-0.000533
-84.000174	83.999857	-0.000143
-84.000031	83.999939	-0.000061
-84.000692	84.000013	0.000013
-84.000009	84.000097	0.000097
-83.999651	83.999710	-0.000290
-84.000008	83.999833	-0.000167
-83.999933	83.999751	-0.000249
-83.999857	84.000004	0.000004
-84.000110	84.000297	0.000297
-84.000307	84.000360	0.000360
-84.000666	84.000102	0.000102
-84.000364	83.999609	-0.000391
-84.001606	84.001968	0.001966
-84.000299	84.000014	0.000014
-84.000702	83.999689	-0.000311
-83.999449	83.997025	-0.002978
-83.999808	84.000085	0.000085
-84.000293	84.000186	0.000186
-84.000045	83.999902	-0.000098
-83.999746	84.000255	0.000255
-83.999580	83.999987	-0.000013
-84.000039	84.000134	0.000134
-83.998467	83.998493	-0.001509
-84.000123	84.000022	0.000022
-84.000319	84.000039	0.000039
-84.000049	83.999873	-0.000127
-84.000616	84.000870	0.000870
-83.999171	84.000462	0.000462
-84.000232	83.999526	-0.000474
-84.000088	84.000860	0.000860
-83.999795	84.001367	0.001366
-83.999976	83.999955	-0.000045
-84.000539	83.999107	-0.000893
-83.981264	83.980766	-0.019304
-83.999323	84.001327	0.001326
-83.999979	84.001526	0.001526
-83.999947	83.999962	-0.000038
-83.999635	83.999288	-0.000712
-84.000031	84.000112	0.000112
-84.001054	84.000714	0.000714
-83.999574	84.000341	0.000341
