-303666.522529	-535219.334925	-535219.751321
-122222.084447	554519.585814	554518.888834
117712.069078	56926.667343	56924.951824
111179.868723	-462634.429683	-462635.397752
177938.210924	-532654.111927	-532655.089870
-203116.175916	287236.360989	287235.631734
431492.209664	-370566.203803	-370568.778565
542219.541127	166681.598905	166673.293252
586740.531854	333534.760967	333484.857528
-133986.663043	594963.873386	594963.222818
123590.162809	-570464.973994	-570465.795253
275431.381818	-17678.421379	-17681.165609
135028.557873	304129.836181	304128.172812
239371.930605	-35286.844684	-35289.247855
605610.956394	-126763.905663	-126772.845983
-534661.422595	-246284.517744	-246284.882085
-482008.659124	322435.930314	322435.509710
313928.526826	130087.914684	130084.626683
103028.487143	-544110.680858	-544111.509066
229353.091432	183405.462823	183403.050483
521078.537785	313930.193471	313923.815327
-257617.620645	554055.475777	554054.936297
616847.220363	25696.695442	25685.382378
-98441.471345	582264.928068	582264.220433
-244423.370816	-258814.133881	-258814.736679
-139616.952751	-329326.121919	-329326.815943
296851.929382	-336441.181233	-336443.076308
513591.216126	7136.733379	7129.686440
-122058.539458	-140565.332367	-140566.178457
-501121.128048	129931.411573	129930.986584
-130348.082801	434469.753825	434468.982286
-346896.277008	484941.490326	484941.003285
171797.964234	135907.973118	135905.944925
-248038.106347	532220.979849	532220.419621
-199134.348365	76798.404758	76797.635219
-113634.619517	360159.704001	360158.855089
31423.361032	515489.541822	515488.532353
-60634.608412	376233.184227	376232.238607
-289581.646245	-458215.607715	-458216.070317
-462805.256801	-108103.984837	-108104.423363
-145846.389895	450301.780619	450301.044163
31149.832498	443558.745906	443557.646339
-175180.538867	190508.903138	190508.100334
-171921.762989	-9962.382399	-9963.187513
-14551.058574	-472930.314351	-472931.056034
70354.410458	614505.698111	614504.739328
-267445.380846	-357744.669757	-357745.200261
502079.224762	35774.817429	35767.979481
568578.360672	-27542.068523	-27550.777120
26750.678055	-528537.809127	-528538.546052
407035.988327	123991.492325	123986.786819
-160627.182374	595530.163156	595529.544802
403195.057003	-462685.720843	-462687.602936
-11451.212542	204134.803721	204133.620433
-24294.866593	-208822.026194	-208823.027663
352722.240803	-356683.408407	-356697.953438
265739.892184	-137330.816286	-137333.191077
172637.391854	538072.664579	538071.298568
581022.665461	31104.697135	31095.052098
-456378.406187	415556.389901	415555.969368
-377800.533922	2908.998169	2908.469280
98752.476621	-591876.261801	-591877.017227
262825.898390	-557264.399464	-557265.501879
-422577.469155	-126008.556480	-126009.024307
28726.652787	35540.551089	35539.221545
-335069.758910	213382.867548	213382.295933
476970.763305	350182.607823	350177.676108
-472574.842758	-380098.348460	-380098.717080
400185.819671	-256989.044413	-256992.085255
270371.777593	-61794.406294	-61797.013490
601558.706756	27378.477852	27367.924695
-33162.872930	-571578.639092	-571579.258771
-286372.117299	-490787.612583	-490788.061890
-488508.666429	-370777.865573	-370778.227514
51442.278243	-230605.893305	-230607.066960
-405904.424796	409280.169472	409279.708646
513428.726421	-92848.300138	-92854.601320
437508.188338	242730.264929	242725.258792
381713.519664	-230303.725728	-230306.737193
-352136.582011	-459452.986355	-459453.403415
414522.755698	383801.424327	383797.752681
387373.338106	238326.508919	238394.247811
-12329.310459	-596999.885620	-597000.503190
8254.053299	107619.374847	107618.106030
-476404.989881	-79693.217967	-79693.650264
43210.519461	-616573.875492	-616574.532760
-440710.852251	26820.717428	26820.245337
445844.033506	326371.221552	326366.633569
466314.436033	314887.396422	314882.328753
-128913.294983	550507.700462	550507.010169
-581992.208197	-85094.330797	-85094.691432
-12164.560505	-608471.789214	-608472.395733
-240813.645739	-480909.765591	-480910.255370
530112.967796	-159278.759806	-159284.793662
476777.847262	-373611.451001	-373614.376011
77499.001914	-166566.851118	-166568.190181
617757.418068	-17271.108766	-17282.114411
22184.999404	417310.578870	417309.471881
-599054.441053	2548.556534	2548.199161
-499521.926798	-113716.710169	-113717.120657
-609484.520757	21687.002513	21686.650394
-474995.996739	20612.551808	20612.108520
-445255.597886	-2751.698712	-2752.164507
-598632.029843	-154426.670237	-154427.013161
267525.823134	-476886.846826	-476888.168162
-248524.971264	-11181.199327	-11181.899570
132940.736418	-442049.075375	-442050.125085
-297347.572822	241595.228970	241594.617849
78796.871961	513807.537785	513806.409040
-76337.592903	-90882.713936	-90883.682305
-543108.742084	-27506.165266	-27506.555685
186516.815281	520390.097123	520388.641770
-399541.954495	422424.181701	422423.719571
-155643.117367	95368.449216	95367.598582
558884.249534	265456.480381	265448.389415
19600.067721	944.855645	943.571372
-317281.878607	-482109.751721	-482110.182978
476486.820040	-81122.340807	-81127.828815
-457524.046926	-138700.394665	-138700.831940
-526622.453435	-214146.827642	-214147.203101
-108683.309554	-512591.242280	-512591.833278
305816.693896	-533708.405953	-533709.674624
-335071.407511	516752.792094	516752.307067
-493743.595523	-262357.389611	-262357.775589
-279417.098662	312743.146876	312742.531324
-189005.035166	-567700.980451	-567701.461108
83558.224128	-494473.521342	-494474.389340
155306.076918	-575739.511159	-575740.373928
487808.539079	320653.766150	320648.313635
4255.764046	469486.974986	469485.972323
68675.297437	-15064.591967	-15066.048732
76479.172441	498334.645055	498333.498876
568443.010943	-243495.829711	-243501.637422
-589215.115917	27704.641170	27704.276663
-278712.195799	377819.568471	377818.973659
-71959.991063	-592136.148633	-592136.711444
388485.293794	-51073.042973	-51077.055450
-121455.604691	591495.944538	591495.275029
393248.798242	-263521.669611	-263524.596993
497742.211612	-325346.893296	-325350.467133
510462.086772	-191312.201067	-191317.416185
484313.112745	33497.697556	33491.374910
-444815.003634	203888.113855	203887.648208
-59488.446344	-615476.743841	-615477.298786
-283095.289980	-288857.619237	-288858.166413
-351288.477479	-491947.237623	-491947.642009
-412041.061080	-33464.360205	-33464.852160
-376824.087653	-441807.037183	-441807.444759
356856.974963	184050.482293	184046.680012
-163533.473285	-529456.460668	-529456.986891
-19645.414720	4395.384001	4394.222765
359443.889401	446379.075389	446376.370262
-399384.334571	421233.171960	421232.708675
613936.141378	2162.410057	2151.422475
-305743.671304	30463.158227	30462.546294
540922.675078	-50745.131937	-50752.636604
-111752.137328	184786.515419	184785.585701
617189.365057	24856.910556	24845.569780
218724.448202	259653.150370	259650.924036
593341.532235	172557.573960	172547.117173
3039.683157	-175419.933252	-175421.034878
-100376.515374	145242.577896	145202.992421
274069.522494	-485999.363790	-486000.678839
207571.310662	-164066.289756	-164068.214526
-258068.771556	-508085.282823	-508085.744467
436740.421667	425312.623092	425308.988800
281240.002005	549392.780783	549391.010291
402554.262407	264429.231625	264424.984526
-379397.835934	45064.120357	45063.589793
-227402.191234	-288661.755393	-288662.363150
-331674.124287	506441.649216	506441.157066
569592.189961	240808.070311	240799.259837
-610124.705206	35168.099856	35167.747591
-411771.402774	385122.397503	385121.935246
38426.816274	-222837.051450	-222838.197648
181486.876090	426331.389926	426329.737052
-15181.210539	606735.577408	606734.766751
-310425.007335	46378.036523	46377.429094
374702.444990	-165685.837363	-165689.125474
359707.310317	-2965614.682174	-2964438.359378
248648.448462	-271082.072881	-271083.936585
-263383.890046	285875.149060	285874.505379
-347006.641207	247511.060321	247510.507197
481886.811378	184425.092451	184418.772760
415485.298397	-444353.953225	-444355.989636
-78709.051800	-578745.269116	-578745.836612
-522529.096042	-139051.432162	-139051.823127
356021.685418	-89014.929841	-89018.344612
-29511.083454	-347860.989820	-347861.840934
261783.791056	131220.670945	131217.940816
-356001.945833	490946.721684	490946.244959
-428152.386385	300696.860463	300696.393862
-409670.369746	-179031.623634	-179032.090678
584488.368192	99397.864896	99387.782672
-352244.528363	403415.332902	403414.823391
594038.766179	-153056.938702	-153064.993272
-554200.237018	-230703.951268	-230704.307188
143673.552757	332716.964608	332715.304000
608507.656715	-56461.441052	-56471.551772
-300448.513838	-69896.939745	-69894.291271
-455013.437182	137932.659879	137932.198575
-441483.383347	-7466.024314	-7466.493258
-179356.761581	288966.260462	288965.493393
50464.849956	423035.457035	423034.277861
531023.868784	611863.125261	102823.487535
1714306.112320	313038.050960	-196009.979391
1650139.659133	358574.449325	-150473.539350
717749.231469	877812.629701	368766.545492
1388612.368096	345098.158981	-163949.557916
1151519.637444	1062655.193730	553607.421613
1006011.549708	1024225.386924	515177.858781
931793.560370	1054864.598855	545817.147462
563662.575780	725940.253001	216897.762259
1681851.132061	758900.354025	210206.651128
1591852.212260	259849.482102	-249198.462967
1651241.483201	794034.372454	284986.099181
548563.183149	363480.717416	-145572.248440
1520603.923266	914130.939142	405082.930805
1259486.989513	-98173.329700	-607221.048310
678154.018847	623072.029686	114028.249250
1468657.921779	167312.778727	-341735.064858
829262.406477	1034151.726840	525104.543515
1525891.169404	589673.454431	80625.499969
1526872.594390	88257.972320	-420789.946639
1475195.876807	-5533.102755	-514581.005251
648638.856533	297611.254937	-211430.922413
1519081.876124	67439.380152	-441608.560257
1103909.540589	867457.927194	358410.444677
754623.277608	788720.450006	279674.612694
1141310.213839	748106.729268	239059.309134
930081.456173	781775.950881	272729.124771
883274.642177	542707.144974	33661.185053
1340883.798452	1079039.211708	569991.260706
1459057.359318	397588.726229	-111459.084662
980511.480078	-57780.780711	-566827.919677
1321524.660971	423959.307949	-85088.304830
787443.164242	81638.515226	-427408.438216
666248.862065	879722.283746	370676.551359
969691.393489	711047.902044	202001.070500
1657571.750178	171799.343649	-337248.659738
763475.504345	652586.076173	143540.891434
726739.853798	324839.154719	-184204.641896
1470697.852809	17108.747731	-491939.161675
1263333.279306	-44127.267576	-553174.954642
1135013.632402	1111413.453494	602365.649839
1257119.720456	1114065.257531	605017.345209
695030.784041	253423.171887	-375081.346060
586278.749908	471479.587865	-37561.159049
719296.355314	177335.760546	-331710.197585
1673112.929448	700069.515499	191017.772370
614280.275872	573029.330062	63987.374901
1491251.394897	289095.691075	-219952.158193
1630668.411904	490272.601682	-18775.396880
1648059.910553	701118.188865	192068.542480
1666587.345811	834299.168606	325251.018200
1435368.805479	128203.518854	-380844.302473
746328.452953	260192.845078	-248851.558312
1196407.911709	1123552.840038	614504.965621
888134.660306	802479.624925	293432.919427
535415.916848	386799.784386	-122342.319260
1198143.954046	220021.543819	-289025.845369
1395636.862787	-15356.367543	-524404.199793
631022.580362	841862.535218	332817.447264
1676345.325666	227828.759651	-281219.252411
1603743.317024	122181.181287	-386866.794029
1513559.665762	45215.093032	-463832.853774
1369442.422930	267773.383609	-241274.315078
537418.193247	504285.504366	-4753.313656
867699.471289	560809.187616	51763.292411
1593562.557318	925896.239729	416848.177249
948013.099377	-66908.915070	-575955.993331
1534249.636788	454868.051525	-54179.849952
774088.871004	228519.491686	-280525.523232
709778.334044	938707.211300	429660.830460
1564214.115704	769958.952024	260910.848908
1547414.225191	592739.593112	83691.546334
661459.514339	224777.415881	-284265.950111
1224732.807579	163386.924490	-345660.557080
1367725.631095	1055075.785318	546027.820430
1627277.068894	595812.062976	86763.913557
671131.232280	545977.681136	36934.537657
1387334.447599	24338.889606	-484708.919248
1357538.322249	822710.706153	313662.880147
1136596.006985	223577.918193	-285469.308654
1166677.906160	-93649.145819	-602696.727264
1259730.165701	129543.629824	-379503.941346
839325.678222	259707.089830	-249338.442163
1522926.081151	809169.783459	300121.774937
808553.481945	533158.359602	24113.125676
809855.568770	212309.745265	-296735.738637
1267553.646049	224376.594036	-284670.946305
1503374.965087	155262.490329	-353785.405223
669112.407762	161397.749192	-347654.823554
1721218.561321	299667.635504	-209380.472109
1477782.729224	735341.184092	226293.235091
1220281.712345	-30063.827813	-539111.446140
1187234.943197	1103646.725864	594598.850467
573416.961277	526873.172381	17832.843327
1603088.369764	503755.048036	-5292.950817
641839.432196	621489.350239	112446.288971
620839.230715	271569.871603	-237471.697163
617510.506020	514616.055775	5574.392292
1756381.304317	512566.278063	3518.185562
1699945.229265	668893.535911	159842.836527
1353076.829875	996004.327113	486956.411435
1709228.707373	600699.960852	91651.671627
702892.490965	219030.613187	-290013.729219
823556.102477	317767.626417	-191277.596137
1528262.903267	180688.410278	-328359.501725
1086925.900778	22240.098774	-486807.197884
1695453.911035	782619.063332	273570.511403
1072593.023621	284055.160438	-224991.807331
1641198.259079	384202.985032	-124845.011219
1525415.061534	974393.835022	465345.805629
1268155.298284	1105386.218245	596338.174471
1468513.610330	569636.849693	60588.980959
1383079.412994	788175.222418	279127.377816
1508741.575685	231054.411268	-277993.467291
1559470.634183	428415.366641	-80632.562584
916408.780100	678517.551399	169471.050738
743329.830870	968827.854850	459781.171078
1476870.938366	656258.072096	147210.147989
1741466.982168	409645.885958	-99402.168186
1416926.497376	12533.452808	-496514.416959
1349655.244613	58168.021703	-450879.726024
1292190.970277	1105046.092880	595998.101903
1670107.943253	729428.492238	68988.164531
1498688.381367	7286.268475	-501761.699814
1658437.662683	588121.755678	79073.561150
1167337.590991	428364.810009	-80682.455730
1084436.265963	110374.380341	-398672.800410
1308535.617908	335296.340718	-173751.250094
1475634.355971	416637.046541	-92410.807674
1454539.997501	236528.993364	-272518.828957
772923.386739	150288.475666	-358757.409492
1533734.837470	42915.179778	-466132.847385
789483.887015	911363.348417	402316.708207
1221604.088306	-51261.572242	-560309.235412
1354222.092512	325935.890834	-183111.790898
669693.425303	899250.912696	390204.983413
1509921.078080	56845.514382	-452202.657965
949949.342959	114301.471225	-394745.235085
1224930.123069	-92892.480863	-601940.171328
665641.429366	167009.429107	-342040.985234
416966.775751	433434.887373	-170700.750333
653203.544822	129928.650641	-437829.701473
1032627.672300	769193.858007	260146.691382
561578.251086	603438.664196	94397.990412
1461735.340487	-17890.548932	-526938.515990
992496.427605	272097.899536	-236948.716086
1366222.168837	903387.975404	394340.097950
633922.616390	502288.047032	-6754.051769
958540.267778	904830.860244	395783.650385
1278925.828702	-93774.106544	-602821.923812
488161.959399	487749.251115	-102961.399648
1728047.079459	606575.719057	97527.326952
621708.008874	531974.306670	22932.383159
1638031.525519	868784.581266	359736.483064
915273.026082	1072050.308158	563002.829916
1118361.438260	553823.275679	44776.101584
1605522.256600	414617.402689	-94430.567899
1714578.887929	441110.076540	-67937.972238
1059607.724105	-103333.099218	-612380.493951
614231.445665	173561.534111	-376119.711977
1286360.858143	371051.470494	-137996.080989
1352489.410660	531302.824742	22255.135410
1106812.668051	524496.339942	15449.216430
1331287.109326	239491.451004	-269556.202236
1213290.586324	1065064.103811	556016.256135
601982.150417	225318.670326	-283722.935161
1487187.327168	934909.140307	425861.139725
866657.010581	255133.241658	-253912.582897
543591.892337	534157.074426	25117.814699
1442944.426237	916934.784283	407886.825494
1120055.435949	737667.747168	228620.352823
533601.287567	624368.211899	115328.170838
1192531.966654	173705.013022	-335342.409537
536117.711878	579960.942465	70921.510709
1639510.964000	526462.679878	17414.637438
1028405.871562	1114009.939699	604962.250352
665805.902903	163713.364025	-703610.600214
776990.405786	71415.841690	-437631.730236
1692049.492603	732301.088169	223236.955780
1746279.563218	462212.376622	-46835.700776
959002.790690	-14364.776565	-523411.790471
1377000.161127	330951.220750	-178096.577588
602503.256267	275466.701041	-233574.340512
1081505.798307	822694.507729	313647.128263
1586392.405378	931983.721422	422935.312906
1501319.636772	41607.357164	-467440.870346
959728.390149	688450.669853	179403.905885
1484360.092559	627306.053759	118258.121695
1528906.683429	395187.458195	-113860.441009
1147007.315523	-39439.347790	-548486.847641
689310.009056	175695.752464	-333351.587263
990578.303875	790863.397140	281816.316885
1595132.839620	902653.749958	393605.661314
572910.937198	346604.050356	-162437.345123
553420.546821	691890.873254	182849.198303
1751629.773628	493963.024958	-15085.095870
964433.588709	547830.011315	38783.495024
635259.958291	237378.335768	-271664.107729
1272598.063599	752848.518975	243800.847012
1688783.344328	794845.679885	285797.219374
1568639.894427	777166.621969	268118.161301
1041524.273516	205392.123300	-303654.795163
523704.997991	529719.816310	20681.423977
1347725.899435	162140.728410	-346906.971654
