-303665.715905	-535218.114119	-535218.543957
-122233.488639	554513.404643	554512.682103
117711.999771	56926.605233	56924.827342
111180.251862	-462634.229130	-462635.228381
177937.609126	-532654.077489	-532655.086343
-203114.189784	287236.504111	287235.748489
431492.387496	-370565.950148	-370568.605923
542219.649686	166681.769981	166673.184309
589496.138127	334179.298217	334127.741147
-133980.629327	594960.687212	594960.012842
123590.281146	-570464.638877	-570465.486051
275431.068239	-17678.950858	-17681.793177
135028.891978	304130.307395	304128.580952
239373.169171	-35286.838790	-35289.327633
605610.095509	-126763.962887	-126773.180704
-534661.263152	-246283.072349	-246283.448845
-482007.505263	322435.833950	322435.398563
313928.372288	130088.069572	130084.660060
103028.802157	-544110.953721	-544111.808223
229353.405753	183405.224275	183402.721356
521070.728779	313931.195253	313924.584436
-257616.842065	554054.035547	554053.476595
616864.763023	25626.649863	25614.988147
-98444.695958	582264.879283	582264.145639
-244423.203196	-258814.704488	-258815.327547
-139616.928211	-329325.960793	-329326.677912
296852.294424	-336441.042011	-336442.998867
513591.681278	7137.536777	7130.253667
-122058.206318	-140565.133977	-140566.009212
-501119.894068	129931.265906	129930.826173
-130348.880012	434470.667776	434469.867931
-346901.404539	484946.269513	484945.765059
171798.403973	135907.972162	135905.868750
-248038.317546	532221.476348	532220.895871
-199133.873548	76798.447465	76797.650622
-113634.243133	360159.811552	360158.931474
31424.277719	515488.798723	515487.751410
-60634.823801	376233.198184	376232.217571
-289581.931390	-458216.718719	-458217.196406
-462805.676046	-108104.201522	-108104.654955
-145845.067333	450300.535965	450299.772540
31149.920707	443557.846479	443556.705635
-175180.162893	190508.890810	190508.059103
-171921.954929	-9962.266311	-9963.099687
-14550.747499	-472930.494485	-472931.260172
70354.132920	614505.106691	614504.111946
-267445.118989	-357744.473360	-357745.021417
502076.019623	35773.645936	35766.576476
568578.708859	-27541.687597	-27550.676342
26750.962870	-528537.781089	-528538.541588
407036.095961	123991.624880	123986.749368
-160623.540700	595529.110200	595528.469296
403195.384765	-462684.154643	-462686.095104
-11451.245652	204134.692404	204133.465582
-24293.984871	-208821.662232	-208822.697859
352724.226515	-355841.583813	-355856.594033
265740.021081	-137330.639803	-137333.096867
172637.883840	538071.161932	538069.743758
581027.484398	31103.321073	31093.368663
-456375.961996	415556.027388	415555.591996
-377801.193984	2909.094175	2908.546982
98752.799622	-591874.986067	-591875.765297
262825.703194	-557263.609438	-557264.746225
-422578.890807	-126008.348090	-126008.831819
28726.637601	35540.009006	35538.631644
-335069.257950	213383.509321	213382.917447
476970.613451	350180.574057	350175.456576
-472576.777742	-380096.678513	-380097.059261
400179.644755	-256993.767920	-256996.908444
270371.846929	-61793.860659	-61796.560025
601565.979185	27376.914831	27366.031867
-33163.099751	-571579.472709	-571580.112135
-286372.178383	-490787.033564	-490787.497457
-488505.554918	-370779.123624	-370779.497483
51438.526484	-230603.305429	-230604.518954
-405901.083728	409284.527424	409284.050237
513428.348676	-92847.529237	-92854.038960
437508.013907	242730.733794	242725.542355
381714.084601	-230304.281434	-230307.392889
-352135.764107	-459453.105524	-459453.536185
414523.264486	383801.006551	383797.193387
383653.974571	235878.950336	235948.874763
-12330.075154	-597002.673425	-597003.310578
8254.203750	107619.218860	107617.903898
-476404.402307	-79693.930264	-79694.377291
43209.907922	-616572.807393	-616573.485374
-440711.168323	26819.270936	26818.782540
445847.651952	326370.086454	326365.324660
466317.529929	314888.885229	314883.627594
-128901.324841	550515.220248	550514.504648
-581990.938425	-85094.250294	-85094.623141
-12165.134812	-608467.169421	-608467.795142
-240814.958084	-480910.187076	-480910.692770
530113.009537	-159278.526000	-159284.755051
476776.793192	-373610.918930	-373613.934703
77498.786874	-166566.946627	-166568.331877
617755.808291	-17269.136225	-17280.480645
22186.697717	417311.665728	417310.517240
-599053.727676	2550.561334	2550.191776
-499520.224434	-113716.724094	-113717.148500
-609480.343860	21689.185882	21688.821745
-474993.598793	20611.823391	20611.364840
-445245.884742	-2762.619179	-2763.101011
-598630.772198	-154426.424046	-154426.778494
267528.625368	-476890.841981	-476892.205116
-248524.740091	-11181.144190	-11181.869920
132940.063005	-442049.809337	-442050.892947
-297347.904578	241595.312594	241594.679684
78795.862927	513805.095567	513803.924220
-76337.492134	-90882.688800	-90883.690916
-543108.002346	-27505.981585	-27506.385325
186515.658334	520390.810597	520389.299527
-399533.208851	422363.976529	422363.497956
-155643.344722	95368.168827	95367.287333
558883.757304	265455.988312	265447.616726
19599.856305	945.268577	943.938458
-317280.822793	-482109.584181	-482110.029457
476487.947903	-81122.168692	-81127.841810
-457523.607064	-138699.155276	-138699.607367
-526622.696639	-214147.432571	-214147.820604
-108683.314142	-512591.390262	-512592.000323
305815.819370	-533707.931926	-533709.240085
-335069.864250	516747.291835	516746.789441
-493743.959252	-262356.636562	-262357.035410
-279416.420223	312742.469211	312741.831575
-189004.413632	-567700.190210	-567700.686281
83558.474117	-494473.446837	-494474.342675
155304.095539	-575738.547054	-575739.436949
487811.826194	320650.223462	320644.568098
4256.617296	469486.423824	469485.383678
68674.823562	-15064.194050	-15065.702812
76478.782999	498336.404861	498335.215416
568442.600539	-243495.277455	-243501.264886
-589219.295162	27703.703181	27703.326213
-278712.251367	377819.411549	377818.795341
-71959.335031	-592133.892624	-592134.473349
388485.460833	-51073.135470	-51077.287945
-121461.508493	591496.124263	591495.430227
393254.522314	-263515.536374	-263518.559736
497741.682273	-325346.717335	-325350.402683
510462.289836	-191311.439099	-191316.822939
484318.325673	33497.847046	33491.308045
-444814.312526	203887.956732	203887.474767
-59487.556002	-615474.670679	-615475.243218
-283094.315656	-288857.358700	-288857.924166
-351286.245524	-491946.079727	-491946.497245
-412041.503417	-33463.508277	-33464.017147
-376822.320381	-441807.719700	-441808.140596
356857.217071	184050.365146	184046.421267
-163533.126362	-529456.313554	-529456.856733
-19644.046086	4395.481652	4394.279055
359444.071548	446378.626999	446375.816761
-399394.754696	421286.836659	421286.356931
613935.198593	2163.793871	2152.467065
-305744.439022	30464.791647	30464.158350
540923.339208	-50744.408304	-50752.158864
-111752.330356	184786.493135	184785.529709
617157.674578	24926.088824	24914.400592
218724.566214	259653.027389	259650.716324
593340.632628	172557.559654	172546.767392
3039.948218	-175420.252421	-175421.391912
-86708.879822	160026.812273	159984.775701
274066.425684	-485995.195067	-485996.551603
207571.700952	-164066.010182	-164068.001324
-258069.477719	-508083.960761	-508084.437352
436740.133281	425311.917136	425308.142850
281239.642734	549392.360193	549390.521317
402555.552107	264428.870871	264424.464312
-379397.682060	45063.380767	45062.831758
-227402.659732	-288661.296796	-288661.924892
-331676.456549	506444.086484	506443.576708
569591.340305	240808.752008	240799.642648
-610121.203825	35163.946259	35163.581958
-411770.312116	385123.955962	385123.477313
38430.263486	-222838.757595	-222839.942804
181486.619250	426331.276223	426329.559945
-15181.428437	606734.947517	606734.106777
-310424.706777	46375.919000	46375.290331
374702.596571	-165685.638678	-165689.038338
359932.215471	-3048034.188337	-3046820.306167
248648.754195	-271081.891985	-271083.817902
-263383.712668	285875.457926	285874.791141
-347005.518827	247510.696141	247510.123391
481887.087740	184425.156287	184418.612264
415484.189864	-444354.501720	-444356.601344
-78706.493149	-578747.380973	-578747.966572
-522527.641561	-139050.652292	-139051.056462
356021.961347	-89014.566936	-89018.100462
-29511.047798	-347860.853561	-347861.732887
261784.369865	131220.812976	131217.981538
-355993.867954	490943.192569	490942.698810
-428151.902603	300696.944377	300696.461308
-409670.576584	-179031.001105	-179031.483931
584488.133595	99397.612372	99387.208965
-352245.600303	403415.493875	403414.966175
594038.300428	-153055.857722	-153064.163389
-554197.507630	-230704.033994	-230704.401801
143673.435103	332716.340811	332714.617020
608506.704458	-56460.356531	-56470.781606
-299243.832901	-68514.544932	-68511.715557
-455013.479254	137932.408267	137931.930889
-441491.923928	-7454.229796	-7454.714875
-179359.428835	288966.046645	288965.251758
50462.521875	423035.937819	423034.714257
525986.338857	616904.726914	102825.358128
1709266.392057	318075.997810	-196012.020140
1645098.898772	363615.341325	-150472.633596
712708.506317	882852.646063	368766.634377
1383570.266819	350136.155655	-163951.537517
1146480.236119	1067695.460385	553607.708016
1000971.409680	1029265.276140	515177.775408
926752.822194	1059905.180591	545817.758722
558622.602487	730979.321963	216897.013111
1675735.189746	765043.576593	210292.431119
1586811.560389	264889.493879	-249198.435599
1646202.462808	799074.083996	284985.804026
543521.088473	368523.351232	-145569.571638
1515563.687661	919171.088387	405083.092099
1254448.679296	-93131.550651	-607219.244783
673112.537959	628111.447893	114027.821077
1463618.647655	172352.504827	-341735.319288
824222.671225	1039191.371011	525104.225287
1520853.742492	594713.851407	80625.908877
1521831.137357	93296.157727	-420791.744434
1470154.511585	-491.967160	-514579.852158
643598.222951	302650.361449	-211431.597534
1514038.777903	72475.617560	-441612.306444
1098869.263046	872497.425068	358409.972329
749583.299098	793760.274662	279674.520138
1136268.179456	753145.829585	239058.441986
925041.501555	786815.883798	272729.109578
878233.526952	547748.033574	33662.159095
1335843.312988	1084078.686218	569990.749339
1454018.265310	402629.454819	-111458.335997
975470.546085	-52740.555777	-566827.648135
1316484.742623	428998.918504	-85088.667010
782400.092654	86676.554618	-427410.338890
661209.749290	884763.132683	370677.482827
964650.767532	716087.001150	202000.222327
1652530.791834	176839.573300	-337248.416466
758435.176334	657625.706177	143540.629750
721699.509510	329878.645972	-184204.984699
1465659.276058	22148.247149	-491939.644710
1258291.819402	-39087.286280	-553174.947699
1129974.660170	1116452.851968	602365.066958
1252083.239789	1119101.765715	605013.868680
690939.262168	261709.715118	-375049.397868
581238.726818	476520.321395	-37560.186802
714253.806324	182375.988617	-331709.925752
1668071.320925	705109.946544	191018.020224
609239.728957	578068.615039	63986.869652
1486210.930521	294135.525015	-219952.305215
1625627.145636	495313.296680	-18774.689709
1643022.545628	706158.226986	192068.493374
1661546.524547	839338.447636	325250.301640
1430329.099194	133243.748648	-380844.052265
741288.218119	265232.218950	-248852.042159
1191367.708677	1128590.958760	614503.100832
883095.206136	807519.129441	293432.479432
530376.322186	391837.814748	-122345.855225
1193103.992663	225061.271156	-289026.081611
1390597.657342	-10315.018563	-524402.830645
625983.161313	846902.543464	332817.557728
1671304.433801	232868.903511	-281219.095289
1598702.169824	127221.353149	-386866.607431
1508513.858224	50256.914756	-463831.015812
1364402.104534	272813.407236	-241274.266795
532379.300478	509326.833726	-4751.698821
862659.916640	565848.048378	51762.240780
1588515.269820	930940.398401	416852.346117
942974.407920	-61868.098727	-575955.127783
1529210.009038	459907.376662	-54180.508433
769048.587525	233559.429748	-280525.466713
704738.693791	943746.676229	429660.357724
1559178.238077	775005.663904	260917.565133
1542371.316715	597779.129158	83691.091030
656419.109830	229817.723613	-284265.482110
1219692.066719	168427.401628	-345660.046839
1362684.658416	1060115.866051	546027.914964
1622237.963642	600851.636064	86763.485944
666089.603302	551017.310999	36934.344031
1382295.931073	29378.622793	-484709.164999
1352498.596291	827750.296920	313662.489251
1131556.409874	228617.826414	-285469.357792
1161638.631372	-88608.382100	-602695.933830
1254690.007409	134584.163376	-379503.377971
834286.536904	264746.592164	-249338.834503
1517886.485884	814209.299447	300121.301707
803513.524377	538198.432322	24113.308947
804814.285520	217350.321517	-296735.058027
1262513.641987	229416.547503	-284670.962087
1498334.014310	160303.110467	-353784.767273
664067.662502	166448.661655	-347644.166411
1716176.485171	304710.118651	-209377.978144
1472742.962123	740381.142332	226293.205892
1215242.176760	-25025.126120	-539112.716102
1182195.515304	1108687.176384	594599.317768
568376.188621	531913.125927	17833.050729
1598049.540432	508794.698078	-5293.288547
636799.850752	626528.645328	112445.759413
615796.498973	276610.249123	-237471.083579
612471.374359	519656.630365	5575.186308
1751339.876605	517604.695372	3516.611352
1694904.217621	673934.138607	159843.308245
1348036.749062	1001044.230307	486956.329990
1704190.379103	605740.786024	91652.488629
697851.610783	224070.359184	-290013.860226
818515.626130	322807.136509	-191277.969477
1523221.595428	185728.096013	-328359.798853
1081886.005631	27280.233337	-486807.022851
1690411.023786	787661.399341	273572.820820
1067552.862809	289094.930383	-224991.985232
1636157.695522	389242.758879	-124845.223802
1520374.752686	979432.922963	465344.905154
1263113.791472	1110428.360241	596340.329106
1463474.202368	574677.024370	60589.172226
1378039.303352	793215.349449	279127.522487
1503700.770851	236094.360996	-277993.499395
1554430.277863	433455.346272	-80632.567267
911369.505410	683557.711563	169471.275256
738289.701943	973867.061297	459780.430571
1471831.296867	661297.317210	147209.406394
1736425.729576	414686.452869	-99401.590053
1411886.376615	17573.811132	-496514.039419
1344615.804698	63207.932117	-450879.792298
1287147.344228	1110085.750633	595997.773168
1663690.799625	734815.134349	65447.768905
1493645.004435	12327.497667	-501760.454717
1653396.490853	593162.062241	79073.865775
1162297.662316	433404.710592	-80682.515118
1079396.313419	115414.591926	-398672.544066
1303496.626211	340336.377731	-173751.184602
1470594.140426	421676.065306	-92411.770144
1449500.150486	241568.996050	-272518.806000
767882.438975	155329.017834	-358756.784025
1528687.296507	47956.987130	-466131.025647
784443.461779	916403.065723	402316.480945
1216564.658145	-46220.532490	-560308.168526
1349184.429562	330976.711262	-183110.945115
664653.951617	904289.219118	390203.366371
1504884.046328	61882.792433	-452205.368044
944909.229727	119341.701753	-394744.941619
1219891.234898	-87851.645836	-601939.310352
660610.086451	172040.181754	-342050.399278
410182.287741	439349.311954	-171178.401621
647043.844953	136081.030927	-437771.569042
1027587.170108	774233.875960	260146.750242
556536.570805	608478.199940	94397.769258
1456696.751826	-12847.244768	-526935.195474
987456.411052	277137.786804	-236948.763200
1361182.470352	908427.781404	394339.920592
628879.803394	507329.990155	-6751.900400
953500.227970	909870.531941	395783.360263
1273881.676099	-88733.986767	-602821.781918
482389.473169	494435.363066	-102476.160560
1723002.885787	611614.736421	97526.333437
616666.873057	537012.432976	22930.721955
1632990.867296	873824.134395	359736.044307
910234.084218	1077088.934251	563001.484847
1113321.062143	558862.661025	44775.529390
1600481.510345	419657.421007	-94430.535273
1709538.788223	446150.330547	-67937.707004
1054567.860702	-98292.542349	-612379.900194
607965.941706	179699.010659	-376115.842068
1281321.473323	376091.040763	-137996.480848
1347449.562005	536342.687306	22255.021912
1101772.722015	529536.763696	15449.684818
1326247.163877	244531.657709	-269555.968977
1208250.326798	1070104.528862	556016.698700
596944.295847	230359.323431	-283722.054985
1482147.607013	939948.410128	425860.422128
861614.554536	260173.434557	-253912.294569
538550.920685	539195.586866	25116.607716
1437904.957107	921974.690473	407886.745644
1115016.808691	742708.591536	228621.231163
528561.714916	629403.921917	115324.139031
1187493.149078	178745.079345	-335342.307567
531078.850968	585001.084580	70921.929261
1634470.155182	531502.162537	17414.129788
1023366.060808	1119049.468007	604961.800753
659872.522854	170472.218962	-708325.322161
771952.381353	76458.929077	-437628.597680
1687009.661043	737340.532170	223235.312583
1741238.167830	467252.564572	-46835.502726
953963.001317	-9324.834059	-523411.796475
1371958.773230	335992.220722	-178095.555190
597467.867138	280505.640734	-233575.147660
1076465.576495	827734.255911	313646.909926
1581358.307039	937017.142059	422928.736755
1496288.088078	46651.160676	-467437.056076
954688.019885	693491.354770	179404.646430
1479320.374793	632346.146234	118258.227474
1523866.400707	400227.987522	-113859.894644
1141967.949375	-34399.237525	-548486.704503
684268.522065	180734.867196	-333352.510272
985538.317415	795902.878196	281815.841568
1590092.140479	907694.693739	393606.614623
567869.815908	351644.825556	-162436.321442
548380.824147	696930.520514	182849.052999
1746588.976525	499003.817022	-15084.295283
959393.099880	552869.966251	38783.515891
630220.674786	242417.878908	-271664.363450
1267558.026639	757888.458188	243800.810094
1683742.916907	799882.729934	285794.256009
1563595.717666	782199.866151	268111.402682
1036484.351314	210432.283353	-303654.580597
518669.794955	534759.865620	20681.774059
1342685.851829	167180.874247	-346906.800897
