357.261783	-21.005112	-16.865032
351.063891	-8.733104	-0.264430
339.864019	22.501259	7.723327
330.074406	-12.051908	-14.595631
1289.644302	-305.005821	-310.184367
311.118600	18.057145	2.148297
310.321752	44.343093	23.236334
334.915735	33.328201	46.350471
392.182540	-0.322060	-18.785446
334.376474	-18.505582	-17.165933
336.331476	-41.200320	-38.654767
129.891022	146.234774	-54.835746
382.122535	-0.043914	-10.691913
396.476457	190.869618	195.057409
353.511269	3.159368	2.516503
332.251597	15.907022	22.017158
321.758228	11.777869	11.488229
367.111606	65.022315	50.891289
284.852394	60.573517	39.728845
-5961.701167	41165.915516	41165.886756
326.740620	-18.667684	-2.136800
346.337082	29.074746	19.524144
346.606910	27.856878	20.117470
339.107343	52.672509	25.533181
290.110333	50.854015	40.527209
273.196339	-137.982525	-146.928731
589.324987	299.252066	289.558598
386.508345	69.659915	70.585405
371.302942	105.705804	81.020798
627.712768	-89.117802	-119.636106
345.330108	-7.014664	0.872738
346.966156	-18.290792	-14.445992
73.867351	1157.848826	1154.063948
388.545635	-55.232170	-55.210430
239.339298	-24.739709	21.530073
349.043586	-11.936287	-13.031502
245.134017	5.037109	10.381131
393.214547	-75.470718	-39.687708
292.792178	16.817017	-74.514463
-98.210276	-111.474618	-116.424224
344.791564	-41.047974	-36.644066
386.929223	38.025329	38.682202
371.782168	-39.261102	-37.668361
292.936705	11.468983	7.639208
371.909870	-81.736904	-91.375002
553.278557	22.326859	15.988604
284.449995	-12.176829	-7.086609
365.229753	-25.105127	-28.318304
327.745174	-27.796405	-27.090773
403.876263	9.977915	-23.319559
386.165843	50.160093	31.031346
302.758994	1.111071	16.071370
281.934284	32.031682	29.650512
365.586477	55.872463	50.116896
301.915174	-79.412972	-83.969451
332.196468	-9.717248	-5.118659
276.972380	20.910124	13.989109
181.216914	-79.764925	166.364026
341.198498	-31.710243	-15.508678
416.346183	2.397015	-20.731212
484.331412	165.441474	274.686150
323.014251	-6.472460	-5.141279
295.833691	-37.768038	-30.774719
380.350987	-28.299519	-36.672543
329.592322	-58.249704	-44.473985
372.243240	78.243708	55.027647
381.873600	33.373888	26.741861
162.390923	246.674017	237.258992
428.960923	-126.398363	363.928601
360.143967	-23.368159	-33.451633
294.547845	-62.346051	-31.885105
331.613954	-169.302812	15.220670
571.812658	-1164.983006	-1020.570199
337.579053	-43.181805	-39.201892
351.954544	78.331227	60.615708
370.040789	47.718296	7.234465
342.383085	-45.140159	-38.139460
345.232592	33.445823	3.418287
344.081427	149.536718	102.368470
310.498257	87.633792	69.476503
229.269290	-59.858867	-65.643927
385.409330	49.807273	30.290719
624.351390	341.384636	330.161415
336.469985	-48.670248	-36.276370
473.883370	-113.927419	-148.273386
298.323691	13.496345	11.128383
380.815652	-22.358325	-24.706863
363.396869	-36.911079	-31.057608
339.396145	-58.171104	-45.992701
310.616275	16.331284	7.060393
499.905977	-89.107810	-101.866598
401.103890	26.291937	-6.278694
349.432680	-41.764069	-36.632190
385.635958	48.657459	30.448220
795.788227	-208.915760	-213.358742
263.198450	-11.388380	23.669152
268.190735	20.454313	20.128977
388.197577	6.037112	-9.018812
330.228514	-9.685299	-0.992201
326.016120	20.093325	-1.568644
936.292546	-176.041878	-184.411597
297.495600	7.256818	4.875378
542.007075	46.554401	36.055005
247.631421	74.571715	43.387151
321.316111	30.526985	23.123700
336.536896	-41.182595	-38.578836
319.517864	-2.264050	2.627155
364.442262	-31.669381	-42.283445
111.828502	939.917577	783.950869
366.182886	81.202865	87.968446
-2218.763021	-970.601289	1957.030219
815.002068	31.741629	21.038151
323.959845	7.555720	7.052679
471.145507	237.486988	222.138548
306.899387	2.140107	2.835948
267.424029	-49.245558	-69.662893
378.843250	0.651713	-12.101699
310.451569	65.912149	38.647346
361.784258	-6.182467	-4.385125
309.369760	44.283847	20.949251
302.269597	133.665249	114.809958
442.629641	-31.526592	-36.100812
308.698199	-42.610130	-34.940197
296.467761	-56.741984	-34.921594
364.830336	-38.995566	-27.673801
357.806728	-9.090884	-7.833161
333.131279	-43.353284	-34.181997
308.754756	51.053802	24.928653
974.561542	-2965.840399	-2966.267644
377.015991	-45.953768	-53.346360
311.081146	66.242012	24.428139
380.488969	-47.549540	-49.716520
-1185.926708	-927.288488	-930.652891
286.150495	23.560586	20.830218
114.298350	312.228032	73.952185
357.162977	-12.311516	-7.316032
313.840349	132.503264	122.789623
467.601592	41.462358	42.964861
337.658417	-51.391394	-40.659622
283.320804	54.279603	50.291413
-13510.322854	18994.418220	18994.386370
348.013614	-1.808399	-3.114454
82.738566	-29.280756	-35.649557
362.618333	-19.679847	-26.666467
353.238172	38.917123	32.745422
202.895721	126.555509	121.726534
-1549.055357	139.089450	-719.546432
-1777.281818	-217.767944	-252.790351
350.751312	10.789775	3.431641
384.038558	-25.414662	-25.921338
347.267948	130.013901	104.958671
466.265631	164.505661	216.972865
160.501627	-66.761984	-71.143131
346.992444	-25.551127	-17.438202
333.644240	-15.532864	-2.408945
296.589947	10.750167	11.628100
363.370116	5.704185	7.797468
292.349070	-62.995114	-31.763311
511.523572	97.664518	-124.330982
271.394001	-52.092540	-36.974131
424.403921	69.838321	-21.245168
431.794889	40.845819	30.027078
433.797913	-15.259796	-29.325427
342.886812	114.301693	105.717944
339.199191	-25.208309	-21.061018
370.059332	4.622610	-9.880927
355.297169	-6.077039	-8.491526
373.539038	-194.443950	-185.183684
354.773160	5.352839	4.790146
715.759880	17.789752	13.249518
398.985184	-41.233599	-38.993961
314.512937	-18.938514	-4.182957
320.582548	20.145301	13.253829
239.716078	-153.897032	-147.954583
1448.258297	-1643.392655	-1765.812537
284.768858	11.427260	18.530236
361.479646	37.505117	34.161601
391.740473	37.493553	26.202141
298.736482	95.549479	79.959634
311.836615	-125.905909	-53.409289
356.196537	-2.172524	3.431400
372.326121	78.255616	55.472426
371.022122	79.559130	43.302992
212.069792	124.334282	115.307179
230.792465	81.833761	70.624501
221.011115	-0.347546	-32.063916
406.536527	-17.787582	-22.725795
53.521758	82.218177	76.226520
330.717576	24.187164	14.640737
405.519719	-24.130636	-21.433952
231.790724	15.763041	13.486307
167.220365	3.749786	12.529065
329.141789	1.691817	0.589749
342.003003	-36.271688	-31.644836
1773.236964	-763.239520	-781.023157
386.566421	106.668834	116.555645
375.996271	-43.017851	-42.903000
398.693156	45.964879	21.376028
338.557760	74.833209	32.569037
247.595262	28.791142	26.438270
377.169381	-1.089215	-3.734632
1234.190629	-119.901096	-127.909882
302.386503	-3.111951	-31.268215
262.620110	-23.292971	16.594798
-398.429731	546.199175	77.677217
-462.665500	475.759173	-7.621022
-466.968031	505.723806	-104.272488
-481.659970	512.948104	-35.272192
-483.240601	530.475686	-22.196647
-437.419404	493.298850	-26.410916
-476.260010	506.070531	-58.856845
-477.760943	506.801267	-37.396546
-478.689330	523.417655	-23.427686
-490.067393	536.001990	-24.610851
-470.900935	511.602349	-22.348480
-479.888231	514.611879	-41.699524
-692.299664	424.632951	-225.144582
-464.248688	502.269811	-17.426913
-485.090377	571.328623	-16.910002
-457.930042	452.980699	-76.463997
-433.739027	482.945489	-104.971086
-462.962481	511.099014	-84.246275
-407.759350	492.114496	-17.209332
-501.178133	559.516138	-36.647457
-489.914935	529.618215	-23.821908
-468.689513	478.151503	-75.038550
-480.682728	510.213212	-42.423642
-414.886562	510.141723	-5.280226
-444.195055	482.125920	-24.907788
-483.412140	518.250945	-22.032996
-696.669609	431.393905	-307.035499
-499.316560	571.910471	-23.324024
-485.953233	476.746029	-414.999418
-468.431317	504.493217	-29.517884
-494.030417	530.067863	-24.744545
-265.518097	1004.965612	-1078.704809
-474.635908	512.875833	-29.327013
-430.692241	523.612674	-27.353401
-491.666038	578.019247	-26.453360
-497.555028	540.665810	-26.279442
-461.616084	478.833679	-108.766700
-469.704118	540.721010	-26.232541
-377.209040	520.887561	18.463104
-463.687490	462.143844	-92.012773
850.032928	2918.306978	1405.730320
-401.372977	435.350323	-151.822831
-442.317036	486.524053	-17.320987
-498.541935	532.942920	-36.480569
-485.569345	524.699842	-27.582465
-479.300948	515.766971	-30.646938
-402.741333	756.685723	249.792019
-488.910819	474.332524	-68.797120
-474.985145	513.555583	-28.123697
455.625747	-856.717707	-1306.728649
-478.686704	470.062242	-60.516017
-664.170905	709.953180	-18.188635
-474.238819	551.519709	-32.871116
-367.291220	495.274961	-65.892583
-476.504665	466.023692	-118.400338
-494.777588	508.608024	-86.969982
-494.038855	504.247402	-24.697768
-449.602146	449.548524	-39.548897
-493.378369	511.792320	-91.846125
-504.639899	510.785493	55.428248
-432.178385	507.510042	-14.606152
-489.958805	536.165718	-24.959754
-462.084503	516.437782	-36.964381
-483.975030	514.200964	-31.214499
-528.585476	511.728947	-331.863726
-504.848964	507.779141	-51.934669
-471.313227	532.618157	-33.910593
-442.341205	502.870389	-5.845045
-472.625863	516.638746	-28.367110
-472.428162	473.266686	-82.201068
-473.391354	442.184074	-214.327665
-480.953587	508.016869	-25.320148
-470.304796	455.893026	-68.299115
-506.090164	542.199516	-28.091767
-483.920954	472.064429	-69.281408
-479.680734	526.049071	-28.271444
-504.420162	522.713477	-36.506715
-483.518230	477.805374	-74.109042
-78.043987	333.291819	-117.557624
-490.318597	539.222477	-25.264588
-447.026999	516.724878	-38.266093
-487.199956	481.579207	-62.338120
-481.911127	522.704099	-23.013800
-485.996348	493.015315	-13.011423
-482.524463	540.460540	-29.153165
-554.128292	510.976708	-22.037147
-470.511868	498.357497	-35.937339
-450.198827	508.085714	4.190117
-477.715480	528.704529	-15.751761
-372.567777	477.787340	-89.605609
-461.867363	513.817633	-28.988756
-471.591387	477.199603	-76.722618
-482.366045	512.702881	-38.452723
-854.546651	534.798385	-979.389436
-543.799252	466.628234	-110.710972
-482.797962	525.586194	-27.095681
-477.406352	488.227469	-43.190726
-458.548183	451.234088	-98.346286
-486.113277	529.225072	-22.305594
-398.505434	504.265016	-11.451155
-505.998764	528.820530	-32.232864
-299.341496	882.779480	155.961987
-486.434636	524.301097	-22.582981
-473.033318	506.937708	-26.001679
-485.191448	610.691803	-45.899638
-458.199015	470.250067	-80.312273
-445.526353	516.362401	-26.160848
-479.558435	508.239765	-45.764020
-490.514139	541.355603	-28.194699
-491.562580	502.130938	-41.820387
-455.091581	522.900085	-29.566498
-445.831297	441.987286	-78.478518
-448.962720	494.743473	-28.626735
-479.759243	530.562719	-21.085774
-479.458025	522.876322	-21.331462
-499.607452	555.503916	-36.628718
-479.110154	576.364211	-28.210268
-471.989641	515.089932	-27.744700
-371.677250	372.681083	-126.537712
-471.389433	477.163217	-82.079482
-504.116864	544.603650	-32.350604
-458.582376	471.142928	-80.620312
-485.634214	535.254194	-20.375040
-453.587298	547.943964	-39.723669
-484.253639	477.340277	-73.882187
-488.312696	537.307262	-28.964902
-495.612220	561.341784	-35.126274
-452.399828	453.399140	-88.881162
-480.655142	511.989808	-36.531547
-511.354504	486.197542	-53.303497
-492.915359	500.930120	-24.852483
-480.448436	523.846768	-28.140899
-447.510177	467.154901	-82.894999
-758.582299	898.836414	-1726.942494
-474.351225	476.317762	-79.233039
-461.346824	467.797634	-38.920108
-470.282828	370.944554	-69.222072
-471.595435	572.617348	-73.822812
-462.902095	492.734831	-76.708959
-462.789777	597.185871	-5.383158
-492.285312	542.153964	-26.806024
-463.412223	478.987128	-78.441251
-469.179341	473.875894	-53.570165
-645.048426	333.719096	-186.494501
-466.023147	506.544517	-102.315674
-408.205195	318.666386	-198.426772
-463.668315	537.102100	-17.213963
-469.495945	517.334973	-39.183715
347.343147	248.774269	-23.086395
-477.753493	510.468318	-43.494597
-484.639806	489.607346	-77.583840
-433.141355	518.447060	-73.917655
-433.340014	351.061190	-215.432495
-473.353751	527.491447	-20.839366
-483.314767	534.140290	-23.077080
-480.153608	511.006794	-22.020986
-442.971608	495.889203	-59.234146
-487.945329	539.311827	-27.301167
-483.685090	521.041177	-18.968195
-479.872526	519.355455	-25.161064
-456.760013	469.170296	-83.142574
-490.042747	551.483204	-27.587819
-500.816644	537.867493	-27.358885
-426.078186	488.674135	-51.381931
-472.960841	528.719471	-17.466168
-457.198579	161.939939	55.808891
-481.919627	520.640363	-26.016926
-471.716242	499.659525	-27.901386
1888.048496	1879.764355	-19566.792458
-473.096600	491.965965	-42.361426
-477.761333	480.781420	-5.319977
-616.404399	433.596605	-76.906941
-461.313014	483.213008	-102.128972
-458.898273	448.974026	-77.344596
-474.653121	499.864055	-27.677127
-478.735907	497.219306	-63.270634
-483.760706	527.575568	-22.994385
-493.502325	547.193055	-24.882236
-474.627230	516.472974	-28.102256
-487.618302	528.427321	-24.364895
-452.810774	596.259599	36.261508
-467.411884	541.643739	-30.890661
-473.883486	515.364603	-19.417224
-486.652377	527.303048	-16.876620
-486.424785	522.397611	-28.396420
-457.472677	459.469580	-97.141230
-470.118089	501.572596	-48.012695
-478.856832	504.103684	-64.496464
-467.934288	472.617457	-63.393018
-477.359727	480.961381	29.269648
-439.664964	486.893608	-41.372521
-484.734228	526.001442	-26.084216
-495.690927	505.622094	-24.943772
-411.866683	530.498011	19.734286
-471.503843	522.486121	-28.305436
-427.176608	495.992321	-80.567094
-498.659005	547.706904	-58.300834
-305.646431	589.199901	-191.010892
-478.726292	493.937336	-54.050320
-480.179930	531.085559	-17.430388
-491.312728	521.894604	-17.447335
-447.222424	516.816542	-27.988605
-473.909837	496.945429	-32.343878
-485.787463	539.097563	-28.153700
