0.014127	0.021399	0.021148
-0.202203	-0.109767	-0.110258
-0.001191	-0.001006	-0.002193
0.006692	0.003544	0.002965
-0.010564	0.000625	0.000053
0.034872	0.002524	0.002019
0.003214	0.004576	0.003090
0.001785	0.003129	-0.001993
45.926014	10.742114	10.714082
0.106146	-0.055910	-0.056368
0.002060	0.005890	0.005411
-0.005487	-0.009171	-0.011020
0.005885	0.008304	0.007090
0.021707	0.000199	-0.001418
-0.015213	-0.000889	-0.005903
0.002784	0.025335	0.025106
0.020235	-0.001674	-0.001955
-0.002691	0.002849	0.000550
0.005503	-0.004758	-0.005245
0.005553	-0.004079	-0.005808
-0.131881	0.016898	0.012579
0.013667	-0.025220	-0.025593
35.381273	3.525849	3.499723
-0.056453	-0.000840	-0.001340
0.002952	-0.009982	-0.010362
0.000436	0.002848	0.002415
0.006471	0.002555	0.001411
0.008060	0.014215	0.009873
0.005874	0.003513	0.002963
0.021634	-0.002529	-0.002808
-0.013936	0.016035	0.015491
-0.090309	0.084093	0.083760
0.007728	0.000072	-0.001363
-0.003672	0.008713	0.008325
0.008339	0.000814	0.000294
0.006634	0.001900	0.001301
0.016097	-0.012992	-0.013722
-0.003733	0.000264	-0.000409
-0.004995	-0.019447	-0.019728
-0.007401	-0.003780	-0.004061
0.023210	-0.021793	-0.022311
0.001586	-0.015733	-0.016529
0.006701	-0.000185	-0.000737
-0.003320	0.002078	0.001542
0.005440	-0.003130	-0.003576
-0.004825	-0.010338	-0.011032
0.004591	0.003458	0.003129
-0.056342	-0.020392	-0.024657
0.005981	0.006809	0.001706
0.004977	0.000514	0.000076
0.001846	0.002475	-0.000706
0.063820	-0.018439	-0.018872
0.005756	0.027430	0.026359
-0.001067	-0.001798	-0.002633
0.015460	0.006418	0.005776
0.033021	14.030780	14.022904
0.002257	0.003180	0.001637
0.008663	-0.026291	-0.027299
0.084299	-0.023984	-0.029569
0.042843	-0.006337	-0.006620
-0.011541	0.001736	0.001389
0.005646	0.022366	0.021926
-0.003444	0.013856	0.013223
-0.025005	0.003640	0.003340
-0.000239	-0.009423	-0.010333
0.008813	0.011266	0.010880
-0.002855	-0.035133	-0.038628
-0.033939	0.029291	0.029064
-0.108788	-0.083224	-0.085065
0.001219	0.009656	0.007922
0.128065	-0.027607	-0.033578
-0.003987	-0.014585	-0.014951
-0.001071	0.010159	0.009887
0.054550	-0.022052	-0.022276
-0.065831	0.045453	0.044704
0.058431	0.076424	0.076112
-0.006697	0.013634	0.009805
-0.003356	0.008148	0.004674
0.009864	-0.009648	-0.011499
0.014327	-0.002073	-0.002327
0.008863	-0.007161	-0.009856
-61.988744	-40.792448	-40.756358
-0.013399	-0.048958	-0.049321
0.002641	-0.002640	-0.003520
0.010252	-0.012449	-0.012727
-0.010724	0.018727	0.018344
-0.005525	-0.025300	-0.025609
0.062871	-0.019625	-0.022905
0.052733	0.026326	0.022758
0.212180	0.133247	0.132761
0.022235	0.001428	0.001198
-0.010078	0.081084	0.080728
-0.022991	-0.007366	-0.007663
0.000648	0.004211	0.000644
-0.018454	0.009395	0.007736
-0.003753	-0.001615	-0.002484
-0.028354	0.034680	0.028564
0.029799	0.019072	0.018272
0.012502	0.035151	0.034921
0.029793	-0.000227	-0.000489
0.073225	0.038355	0.038128
0.042011	-0.012724	-0.013013
0.172896	-0.194703	-0.195006
0.022024	0.004325	0.004108
0.049197	-0.070195	-0.070967
0.003790	0.001113	0.000634
-0.011822	-0.012825	-0.013455
-0.005768	0.001486	0.001071
-0.017642	-0.042781	-0.043604
0.001799	0.000489	-0.000149
0.012955	0.003242	0.002991
-0.020232	0.012545	0.011468
0.239752	-1.918192	-1.918507
-0.004024	-0.004792	-0.005378
-0.008541	-0.008556	-0.013703
-0.003676	0.007300	0.006430
0.018495	0.002950	0.002688
0.019698	0.003144	-0.000273
0.007659	0.021715	0.021436
-0.004268	-0.010591	-0.010828
-0.000085	-0.002572	-0.002926
-0.015348	0.008318	0.007591
0.027101	-0.096547	-0.096879
-0.006372	0.013200	0.012958
0.011924	-0.011854	-0.012276
0.010883	0.013858	0.013571
0.004363	0.001331	0.000814
-0.034729	0.016908	0.016406
0.052709	-0.059427	-0.063224
0.014983	-0.009630	-0.010352
-0.008275	0.007040	0.006054
-0.006778	0.030888	0.030052
-0.007278	0.009762	0.006503
-0.073320	-0.016416	-0.016651
-0.000939	-0.002733	-0.003143
0.011462	0.039578	0.039246
0.002903	-0.001498	-0.004111
-0.103809	0.003280	0.002809
0.100820	0.108087	0.106314
-0.009314	0.003164	0.001128
0.003486	0.013454	0.010366
0.091364	0.002771	-0.001226
0.012132	-0.002731	-0.003041
0.015590	0.036333	0.036006
0.017076	0.004577	0.004234
0.039097	0.020297	0.020052
-0.007766	0.014992	0.014672
0.030958	-0.011942	-0.012191
0.004285	-0.001774	-0.004449
0.006073	0.002595	0.002279
0.024006	0.001774	0.000989
0.003206	-0.007761	-0.009780
-0.268952	1.804056	1.803744
-0.016699	0.024363	0.018234
-0.013427	0.028678	0.028273
0.011536	0.012812	0.008313
-0.002993	-0.000418	-0.001062
-35.413522	-5.618845	-5.612150
0.002117	-0.002084	-0.003709
-0.015898	-0.000124	-0.006197
0.004661	-0.005542	-0.006255
227.794137	246.403849	246.362904
-0.054448	0.073255	0.072490
0.006840	0.004973	0.003728
-0.012372	0.023176	0.022897
-0.005056	-0.012230	-0.014896
-0.006257	-0.007316	-0.008637
0.022081	-0.006379	-0.009392
0.002718	-0.012916	-0.013265
-0.008196	0.008051	0.007670
-0.040874	0.042896	0.042559
-0.014932	0.012049	0.006592
0.061402	-0.072834	-0.073061
0.019129	0.027307	0.026994
0.060515	-0.029910	-0.030642
-0.004461	-0.001942	-0.003166
-0.003783	-0.011016	-0.011595
0.005301	-0.037074	-0.037477
0.002631	0.003582	0.001508
3.748420	-1373.658420	-1373.032431
0.005346	0.003240	0.002081
0.003150	0.005429	0.004988
0.019696	-0.006359	-0.006733
0.004722	0.001253	-0.002903
-0.019380	-0.009631	-0.010791
0.044839	-0.037019	-0.037355
0.025460	0.013673	0.013425
0.004819	0.006468	0.004248
0.000624	0.002420	0.001892
0.010167	0.002603	0.000678
0.142047	-0.062150	-0.062476
0.008501	0.001486	0.001172
-0.003650	0.010889	0.010592
-0.004250	-0.004292	-0.010118
-0.018751	0.002835	0.002488
-0.008279	0.019046	0.014502
0.047814	-0.001442	-0.001666
-0.002025	-0.010878	-0.012096
-0.016825	0.019123	0.013439
20.077969	23.040238	23.043206
-0.000715	-0.004383	-0.004688
-0.152362	0.210101	0.209796
-0.046692	-0.003735	-0.004267
-0.040754	0.008453	0.007597
-83.956592	84.028037	0.032889
-83.995092	83.963978	-0.035789
-84.013337	84.015612	0.015871
-84.012669	84.000234	0.001567
-84.036854	83.964868	-0.034682
-83.989508	84.004650	0.005015
-84.002443	83.998032	-0.001461
-84.012922	84.010169	0.010714
-83.999441	83.983610	-0.013091
-101.932661	102.385638	1.430349
-84.011438	84.000191	0.000486
-83.982859	83.994941	-0.005245
-84.034220	84.043784	0.044917
-84.004132	84.002599	0.002821
-83.970371	84.031157	0.031626
-84.025894	83.989702	-0.007463
-83.987307	83.995185	-0.004445
-83.995343	83.993737	-0.005571
-83.954894	84.006952	0.007160
-84.025543	83.968205	-0.031476
-84.023951	84.019867	0.020200
-84.011008	83.984182	-0.011791
-84.054308	83.933982	-0.065705
-84.004860	83.991171	-0.008274
-83.999595	83.996862	-0.001609
-84.035656	83.984195	-0.015196
-83.999199	83.998772	-0.000261
-84.019547	84.015485	0.017094
-84.008500	83.990778	-0.008960
-83.984147	84.012745	0.013124
-84.016397	84.003900	0.004801
-83.998593	83.993149	-0.006335
-84.053635	83.965537	-0.033245
-83.984414	84.014826	0.016338
-84.010968	83.984160	-0.014853
-84.016805	84.004010	0.004268
-84.005723	83.993427	-0.004559
-84.005995	83.990951	-0.005949
-83.975088	83.991205	-0.008460
-84.025606	83.999654	0.000145
-83.981990	83.989445	-0.010211
-83.938209	83.938735	-0.060982
-68.192072	138.108192	0.533641
-84.000317	84.012780	0.017114
-84.044553	84.004097	0.004958
-84.028805	84.007522	0.004229
-84.009502	83.987359	-0.008802
-84.008156	83.997073	-0.002567
-84.022200	84.012168	0.012389
-83.954077	84.000758	-0.000893
-84.014406	83.987366	-0.012567
-83.994881	84.004007	0.004396
-84.004120	83.988927	-0.008428
-84.003556	83.967023	-0.032671
-83.990428	83.991267	-0.007702
-83.992488	83.966288	-0.059435
-83.999358	83.995189	-0.004114
-83.986108	84.023616	0.024001
-83.989772	84.000084	0.001952
-84.015639	84.002507	0.002758
-84.020114	84.002998	0.003278
-84.102136	84.031845	0.032155
-84.005604	84.000389	0.000858
-83.980502	84.023202	0.028313
-83.992198	83.979953	-0.018399
-84.128365	84.073461	0.073649
-83.977109	84.014257	0.015210
-83.993496	83.988163	-0.011531
-84.004992	83.998848	0.001053
-83.993666	83.990584	-0.008271
-83.927315	84.118337	0.118395
-84.050999	83.991865	-0.007993
-84.007058	84.005331	0.008240
-84.013014	84.008329	0.008963
-84.017037	84.001398	0.001654
-83.984343	83.992533	-0.007522
-84.028483	83.993400	-0.003340
-83.974039	83.995308	-0.004289
-83.995205	83.992809	-0.006851
-83.992980	83.998351	-0.000832
-83.987330	84.013357	0.013928
-84.002805	84.009319	0.009890
-83.984979	83.991192	-0.006813
-83.992916	83.991506	-0.008300
-83.999251	84.001174	0.003247
-84.022507	84.010034	0.012000
-84.000103	83.999155	-0.000257
-84.016679	84.010848	0.011187
-84.084323	84.194094	0.189856
-84.036406	84.043530	0.043735
-83.995927	83.999253	-0.000521
-83.991895	83.977231	-0.022225
-83.989970	84.007879	0.008190
-84.013445	83.999074	0.003677
-83.979505	83.993860	-0.005918
-83.992602	83.987544	-0.009236
-84.047841	84.006468	0.010797
-83.984703	84.009953	0.013968
-84.025027	83.972258	-0.027591
-84.017884	84.010323	0.008018
-84.001416	83.998286	-0.001429
-83.970695	84.014464	0.014276
-84.015408	83.995535	-0.002244
-84.008360	83.991311	-0.006485
-84.022931	83.994479	-0.005195
-83.998198	84.002324	0.003104
-84.050740	84.041046	0.040445
-84.002854	83.995918	-0.003085
-84.009887	83.996024	-0.003722
-84.005413	83.984010	-0.015775
-84.026507	84.037578	0.037815
-83.989641	84.003044	0.003348
-84.001926	84.002203	0.002530
-84.014120	83.999102	-0.000553
-84.006259	83.999628	-0.000078
-83.987295	84.002739	0.003944
-84.002230	83.986061	-0.012964
-83.993728	83.986763	-0.013000
-84.021955	84.009919	0.010128
-84.002144	84.006262	0.006629
-83.990218	83.998412	-0.001142
-84.063536	83.994000	-0.005749
-106.952767	89.776752	-59.006130
-84.059186	84.021516	0.021821
-84.020558	84.005379	0.005304
-83.998778	83.998214	-0.001026
-83.999205	84.003667	0.004528
-83.982366	84.000619	0.001160
-84.003799	83.982789	-0.016857
-83.997344	84.000027	0.000413
-84.016523	84.009503	0.011099
-84.132194	84.031673	0.031950
-84.007425	83.995003	-0.003975
-83.990049	84.018199	0.018721
-83.959066	84.014353	0.014835
-83.990742	83.970276	-0.028322
-83.948056	83.952187	-0.047579
-84.002007	84.003986	0.005200
-83.980554	84.014610	0.015108
-83.847095	83.836270	-0.166517
-113.074271	98.573439	-7.960427
-102.661383	102.539998	0.969998
-84.008797	84.000269	0.001034
-84.029334	83.991764	-0.003827
-83.975282	84.057885	0.058199
-84.000328	83.997962	-0.000784
-83.994722	83.996581	-0.003110
-84.049219	84.033944	0.037767
-84.000688	83.994211	-0.005081
-84.072828	84.002071	0.002498
-96.207569	111.434752	8.087843
-84.073545	83.982751	-0.017480
-84.019822	83.967047	-0.029060
-84.011540	83.992162	-0.007693
-83.981445	83.975903	-0.023565
-84.006607	83.989184	-0.010014
-84.013089	84.000307	0.000575
-84.001762	84.004439	0.004647
-83.997642	84.009728	0.010438
-104.423926	102.291299	0.065563
-83.989251	83.992441	-0.006992
-83.997366	83.997566	-0.001984
-83.999075	84.007372	0.008217
-83.999073	84.003595	0.004101
-84.004542	84.007426	0.007751
-83.962346	84.011307	0.015438
-83.995101	83.987194	-0.012573
-84.043068	84.003297	0.005112
-84.016958	83.973822	-0.021120
-83.990704	83.998339	-0.001402
-83.975944	84.014757	0.015394
-83.992396	83.924662	-0.070677
-83.979321	84.001127	0.001811
-83.979920	84.002382	0.007372
-84.014185	83.990933	-0.008898
-83.996675	83.991717	-0.007875
-98.889608	112.647530	-78.578215
-83.964957	84.054070	0.055042
-83.998596	83.991216	-0.028127
-84.024457	84.003281	0.003467
-83.996339	83.998946	-0.000057
-84.024336	84.017498	0.017926
-83.919039	83.981231	-0.014135
-84.003885	83.995551	-0.003824
-83.895911	83.884112	-0.115823
-83.851476	84.066852	0.067066
-84.006486	84.011939	0.012982
-83.995065	84.001608	0.001845
-84.004971	84.009254	0.009575
-83.988931	84.001907	0.002539
-84.025980	83.984682	-0.015853
-83.999760	83.990863	-0.008323
-84.012262	84.016519	0.016694
-84.019206	84.013195	0.017766
-83.995040	83.993733	-0.002511
-84.013976	84.013876	0.014030
-84.008577	83.999140	0.000384
-83.987390	83.991877	-0.004451
-84.000654	83.998906	-0.000648
-84.007518	83.948283	-0.052027
-84.073635	83.880884	-0.119183
-83.998676	84.002753	0.003799
-83.915789	84.000766	0.006162
-84.000863	84.002532	0.003008
