-303661.563722	-535211.826886	-535212.328492
-122292.611373	554481.330604	554480.469089
117711.646862	56926.299475	56924.184366
111182.220980	-462633.191390	-462634.356771
177934.507172	-532653.896450	-532655.069609
-203103.951548	287237.243563	287236.344935
431493.320181	-370564.621385	-370567.705896
542220.188695	166682.673860	166672.608654
603274.034630	337401.952856	337342.045528
-133949.489936	594944.267792	594943.464031
123590.888139	-570462.910262	-570463.895219
275429.455131	-17681.658869	-17685.028657
135030.618105	304132.741940	304130.672164
239379.547430	-35286.792088	-35289.741877
605605.640806	-126764.237605	-126774.910976
-534660.443831	-246275.628662	-246276.070371
-482001.561177	322435.340262	322434.824957
313927.579764	130088.890109	130084.825657
103030.421236	-544112.354743	-544113.349133
229355.032071	183404.013195	183401.019559
521031.384288	313936.239476	313928.388534
-257612.828981	554046.622548	554045.957924
621015.786147	25672.202112	25656.445465
-98461.291034	582264.630593	582263.755492
-244422.337617	-258817.639718	-258818.371486
-139616.800788	-329325.126957	-329325.967767
296854.186252	-336440.305348	-336442.591023
513594.061055	7141.697347	7133.162707
-122056.484619	-140564.106168	-140565.138204
-501113.538215	129930.519923	129930.000648
-130352.979283	434475.377247	434474.423539
-346927.884894	484970.937110	484970.338288
171800.672203	135907.982309	135905.471519
-248039.400151	532224.035075	532223.344698
-199131.424683	76798.679122	76797.734712
-113632.298670	360160.368078	360159.318631
31429.003759	515484.977413	515483.723862
-60635.925966	376233.273523	376232.102567
-289583.399389	-458222.435708	-458222.994035
-462807.844162	-108105.314311	-108105.847905
-145838.251450	450294.129973	450293.219982
31150.381907	443553.220007	443551.854256
-175178.205301	190508.831035	190507.842731
-171922.935396	-9961.660806	-9962.646687
-14549.147531	-472931.417438	-472932.311179
70352.710369	614502.065689	614500.874916
-267443.770160	-357743.459323	-357744.101383
502059.485803	35767.637346	35759.339715
568580.481240	-27539.702807	-27550.167967
26752.427128	-528537.632865	-528538.518941
407036.643773	123992.333647	123986.547702
-160604.788176	595523.690465	595522.927031
403197.074708	-462676.092610	-462678.341967
-11451.472868	204134.125034	204132.661824
-24289.443140	-208819.781224	-208821.000247
352734.143348	-351632.396513	-351649.753896
265740.684592	-137329.716035	-137332.614063
172640.424398	538063.431439	538061.728603
581052.273037	31096.258294	31084.688313
-456363.374333	415554.163340	415553.647549
-377804.588477	2909.597820	2908.951967
98754.460343	-591868.415160	-591869.320946
262824.694036	-557259.539289	-557260.858425
-422586.227184	-126007.277077	-126007.846313
28726.563708	35537.230857	35535.595018
-335066.672243	213386.817233	213386.115764
476969.802767	350170.189200	350164.073661
-472586.746769	-380088.074867	-380088.520547
400147.750113	-257018.166707	-257021.836734
270372.204728	-61791.034753	-61794.229219
601603.522308	27368.836577	27356.221741
-33164.269738	-571583.761209	-571584.505819
-286372.493080	-490784.049891	-490784.591714
-488489.528704	-370785.602745	-370786.040429
51419.193139	-230589.962158	-230591.389497
-405883.900028	409306.977032	409306.411261
513426.390570	-92843.538007	-92851.151893
437507.058199	242733.136128	242726.951128
381716.987626	-230307.127214	-230310.770716
-352131.553508	-459453.716462	-459454.219835
414525.875591	383798.882721	383794.303748
365057.281085	223641.202526	223721.995971
-12334.012489	-597017.046439	-597017.787835
8254.977503	107618.432004	107616.867126
-476401.384370	-79697.592328	-79698.118601
43206.757711	-616567.305786	-616568.093931
-440712.793505	26811.830843	26811.254568
445866.191237	326364.287307	326358.590086
466333.203330	314896.592234	314890.314990
-128839.277694	550554.191081	550553.337893
-581984.402790	-85093.832776	-85094.271277
-12168.094513	-608443.359229	-608444.087153
-240821.714606	-480912.354044	-480912.944761
530113.210267	-159277.302273	-159284.561984
476771.368666	-373608.166743	-373611.661853
77497.682241	-166567.428295	-166569.061654
617747.494416	-17258.959150	-17272.079602
22195.449394	417317.266715	417315.892168
-599050.054183	2560.887868	2560.452724
-499511.465223	-113716.792872	-113717.292108
-609458.830892	21700.444634	21700.015795
-474981.252832	20608.079590	20607.538796
-445195.415252	-2819.415222	-2819.983454
-598624.298817	-154425.154441	-154425.570783
267543.070170	-476911.445445	-476913.030566
-248523.594586	-11180.834048	-11181.696577
132936.591713	-442053.582441	-442054.846676
-297349.604991	241595.746584	241594.995708
78790.674115	513792.522621	513791.118978
-76336.967546	-90882.550929	-90883.734827
-543104.194655	-27505.031719	-27505.507156
186509.708264	520394.491639	520392.676507
-399477.047874	421951.845102	421951.277329
-155644.521151	95366.747244	95365.699060
558881.237618	265453.466548	265443.609916
19598.772441	947.405990	945.828300
-317275.387255	-482108.719084	-482109.239283
476493.744414	-81121.260159	-81127.916585
-457521.350523	-138692.774050	-138693.305779
-526623.950084	-214150.545914	-214151.001441
-108683.338592	-512592.148535	-512592.860302
305811.312205	-533705.489108	-533707.006620
-335061.907858	516718.942128	516718.345589
-493745.831898	-262352.758275	-262353.226160
-279412.920903	312738.983300	312738.225980
-189001.214702	-567696.119340	-567696.697624
83559.758259	-494473.058862	-494474.102989
155293.891515	-575733.580384	-575734.614419
487827.901182	320632.443120	320625.701126
4261.016271	469483.590721	469482.346389
68672.388381	-15062.133468	-15063.922844
76476.785636	498345.474943	498344.049592
568440.472490	-243492.418909	-243499.350987
-589240.829308	27698.876894	27698.432829
-278712.531583	377818.606300	377817.874079
-71955.962737	-592122.268274	-592122.944420
388486.317071	-51073.590563	-51078.491527
-121491.968480	591497.072007	591496.244619
393284.084324	-263483.850841	-263487.384191
497738.950142	-325345.797253	-325350.071127
510463.323185	-191307.497820	-191313.773358
484345.170877	33498.643059	33490.954302
-444810.750203	203887.151418	203886.581291
-59482.973536	-615463.994909	-615464.661127
-283089.298201	-288856.015124	-288856.678664
-351274.755166	-491940.116347	-491940.604040
-412043.783670	-33459.110712	-33459.710684
-376813.222097	-441811.231035	-441811.723174
356858.471551	184049.807027	184045.100614
-163531.341051	-529455.553131	-529456.186786
-19636.994827	4395.995527	4394.569549
359445.012242	446376.334638	446372.952682
-399459.510675	421665.331702	421664.763097
613930.313677	2170.939206	2157.833328
-305748.387494	30473.212157	30472.463582
540926.741645	-50740.659329	-50749.709232
-111753.244322	184786.360788	184785.214545
612956.760335	24639.690677	24627.668496
218725.182585	259652.406417	259649.635034
593335.977421	172557.508184	172544.954479
3041.315823	-175421.887111	-175423.230061
-18370.708105	233948.005292	233893.697512
274050.448711	-485973.694644	-485975.271449
207573.710800	-164064.557827	-164066.904895
-258073.113440	-508077.151714	-508077.708129
436738.648169	425308.306186	425303.774286
281237.799639	549390.203675	549387.991686
402562.099925	264426.996289	264421.730785
-379396.885945	45059.580207	45058.931710
-227405.069703	-288658.932783	-288659.669936
-331688.466658	506456.668162	506456.062836
569586.957870	240812.280323	240801.593582
-610103.166642	35142.550373	35142.121267
-411764.693172	385131.980284	385131.412903
38448.032256	-222847.544874	-222848.939370
181485.303710	426330.699408	426328.637288
-15182.544297	606731.707817	606730.703279
-310423.153138	46365.021189	46364.277890
374703.372942	-165684.598292	-165688.592897
361056.741372	-3460131.716171	-3458730.037346
248650.326553	-271080.948347	-271083.206425
-263382.792179	285877.051014	285876.259033
-346999.734497	247508.824735	247508.145789
481888.490251	184425.508725	184417.770425
415478.489754	-444357.329429	-444359.763509
-78693.317732	-578758.257326	-578758.939380
-522520.156839	-139046.635315	-139047.110445
356023.379493	-89012.679576	-89016.848474
-29510.864243	-347860.146430	-347861.176699
261787.354563	131221.563745	131218.184965
-355952.189257	490924.968121	490924.382048
-428149.407409	300697.379062	300696.806924
-409671.646094	-179027.799001	-179028.366614
584486.901882	99396.335282	99384.243424
-352251.114292	403416.325237	403415.698999
594035.882146	-153050.273377	-153059.897215
-554183.455948	-230704.458727	-230704.890320
143672.835886	332713.137897	332711.069960
608501.777410	-56454.751443	-56466.826032
-293220.437217	-61602.515194	-61598.789397
-455013.691942	137931.117157	137930.553016
-441536.357876	-7392.918954	-7393.490949
-179373.155469	288964.947519	288964.001717
50450.541385	423038.418367	423036.952920
500799.078968	642112.968599	102835.009045
1684067.833539	343265.418221	-196022.533122
1619894.981385	388819.931201	-150467.969910
687504.778784	908052.721232	368767.093749
1358359.441434	375325.835562	-163961.729616
1121283.318972	1092896.829484	553609.182170
975770.690502	1054464.701170	515177.346172
901549.023385	1085108.171739	545820.906621
533422.755603	756174.514678	216893.161915
1645155.427008	795759.436099	210721.452787
1561608.201258	290089.551967	-249198.293505
1621007.502799	824272.597976	284984.271983
518310.734833	393736.500769	-145556.134609
1490362.473919	944371.854016	405083.921699
1229257.383413	-67922.393114	-607209.954378
647904.922075	653308.434196	114025.623192
1438422.380662	197551.091773	-341736.627109
799024.037463	1064389.533992	525102.587614
1495666.994591	619915.894772	80628.013474
1496623.632959	118486.814465	-420800.996914
1444947.477021	24713.874662	-514573.915651
618394.976534	327845.732735	-211435.066835
1488822.821719	97656.228882	-441631.606332
1073667.834488	897694.834426	358407.540631
724383.414517	818959.360405	279674.045747
1111057.702821	778341.190211	239053.976785
899841.736073	812015.529313	272729.032173
853027.783542	572952.594346	33667.178931
1310640.814405	1109275.978098	569988.116388
1428822.926528	427833.202671	-111454.480156
950265.731480	-27539.404606	-566826.242686
1291285.158974	454196.908588	-85090.529968
757184.309243	111866.441191	-427420.115042
636014.324366	909967.495333	370682.281851
939447.544458	741282.353141	201995.856591
1627325.855239	202040.753453	-337247.162881
733233.491434	682823.785602	143539.286911
696497.742986	355076.003166	-184206.739773
1440466.599867	47345.665686	-491942.131133
1233084.298014	-13887.385717	-553174.907905
1104779.952259	1141649.752066	602362.066175
1226901.381931	1144283.772607	604995.956890
670481.645683	303142.279733	-374889.449774
556038.622693	501724.085426	-37555.167100
689040.699984	207577.181276	-331708.492981
1642862.931593	730312.161821	191019.276609
584036.926598	603264.913841	63984.276999
1461008.536152	319334.666952	-219953.060609
1600420.623496	520516.873475	-18771.048802
1617836.071125	731358.439195	192068.234596
1636342.293236	864534.735256	325246.610242
1405130.606787	158444.928582	-380842.761872
716087.007611	290428.977244	-248854.524853
1166166.663509	1153781.269935	614493.499697
857898.017829	832716.569388	293430.215285
505178.479856	417027.812826	-122363.622411
1167904.185519	250259.861561	-289027.293704
1365401.743285	14891.923683	-524395.779133
600786.160919	872102.575418	332818.129393
1646099.839535	258069.641965	-281218.285407
1573496.260798	152422.235744	-386865.645285
1483283.891392	75466.282005	-463821.560637
1339200.460863	298013.524683	-241274.016071
507185.018200	534533.662341	-4743.380837
837462.209348	591042.167902	51756.830682
1563277.632401	956161.911948	416873.913683
917781.139056	-36663.903297	-575950.663666
1504011.922493	485103.899769	-54183.897753
743847.123093	258759.099270	-280525.165019
679540.551370	968943.914229	429657.925657
1533999.540825	800240.347286	260952.267817
1517156.334931	622976.739306	83688.744208
631217.032034	255019.297333	-284263.066034
1194488.246500	193629.852999	-345657.415865
1337479.651240	1085316.278888	546028.401307
1597042.567094	626049.440363	86761.279217
640881.225811	576215.385357	36933.356230
1357103.563885	54577.246173	-484710.427491
1327300.006198	852948.186246	313660.476326
1106358.477560	253817.346974	-285469.605825
1136442.359060	-63404.453943	-602691.844127
1229489.186958	159786.905556	-379500.473995
809090.953678	289944.014587	-249340.844004
1492688.568494	839406.805100	300118.863627
778313.743603	563398.789572	24114.258835
779607.673925	242553.277695	-296731.540864
1237313.615597	254616.302892	-284671.040093
1473129.115494	185506.300410	-353781.481024
638843.029323	191705.342265	-347588.761210
1690965.790468	329922.907647	-209365.130691
1447544.159953	765580.924723	226293.053924
1190044.562468	168.185523	-539119.250446
1156998.461910	1133889.493505	594601.724238
543172.226095	557112.867030	17834.126284
1572855.565138	533992.894776	-5295.027576
611602.016722	651724.997514	112443.040232
590582.437485	301812.167236	-237467.916206
587275.859238	544859.568831	5579.284361
1726132.523492	542796.544547	3508.504607
1669698.981111	699137.201201	159845.693726
1322836.332954	1026243.728768	486955.910285
1678998.988842	630945.035977	91656.688589
672647.080757	249269.048824	-290014.526575
793313.170950	348004.596022	-191279.881961
1498014.858799	210926.475423	-328361.326852
1056686.539415	52480.920467	-486806.115362
1665196.132117	812873.446634	273584.708119
1042352.028502	314293.737156	-224992.895685
1610954.791607	414441.592064	-124846.317835
1495173.162147	1004628.225335	465340.269143
1237906.015176	1135639.397061	596351.433596
1438277.248133	599877.920839	60590.156511
1352838.737902	818415.999559	279128.266528
1478496.623736	261294.099277	-277993.663032
1529228.440470	458655.238850	-80632.590685
886173.239221	708758.524726	169472.433045
713089.043012	999062.969411	459776.619633
1446633.141131	686493.428576	147205.586965
1711219.278762	439889.369398	-99398.613596
1386685.749968	42775.653244	-496512.093090
1319418.683028	88407.467795	-450880.130249
1261928.673755	1135283.987856	595996.082487
1631605.015946	761748.237059	47745.872453
1468427.614120	37533.823039	-501754.043054
1628190.452872	618363.642237	79075.428548
1137098.024792	458604.191214	-80682.818369
1054196.551489	140615.674586	-398671.217886
1278301.812123	365536.563277	-173750.845176
1445393.026847	446871.010011	-92416.724526
1424300.933920	266769.006537	-272518.685984
742677.572800	180531.810327	-358753.539470
1503448.458033	73166.293933	-466121.640614
759241.276749	941601.602619	402315.312018
1191367.586470	-21015.182104	-560302.670566
1323996.460127	356180.931805	-183106.587572
639456.667669	929480.490372	390195.042393
1479699.318516	87068.757073	-452219.337896
919708.642578	144542.879709	-394743.420635
1194696.953541	-62647.349983	-601934.873443
635454.865900	197192.282797	-342099.135118
376259.940422	468921.381894	-173566.582965
616245.393912	166842.990292	-437480.711334
1002384.584619	799433.960603	260147.053682
531327.937638	633675.791790	94396.639034
1431504.016776	12369.766449	-526918.095382
962256.319111	302337.195586	-236948.998596
1335984.021975	933626.779142	394339.007030
603665.331263	532539.977098	-6740.810755
928300.024634	935068.835283	395781.866944
1248660.283248	-63533.374684	-602821.049380
453527.134522	527865.844743	-100049.874115
1697781.281766	636809.671796	97521.205619
591461.038256	562202.764167	22922.176919
1607787.477002	899021.832169	359733.784331
885039.534870	1102281.856060	562994.559759
1088119.122651	584059.488381	44772.585280
1575277.665691	444857.512955	-94430.366711
1684338.272269	471351.636358	-67936.341447
1029368.557854	-73089.680104	-612376.837067
576638.622825	210386.399300	-376096.305101
1256124.635650	401288.823063	-137998.537205
1322250.338243	561541.975198	22254.438260
1076572.996252	554738.936580	15452.098176
1301047.439772	269732.717384	-269554.765583
1183048.991475	1095306.713659	556018.976741
571755.353224	255562.662425	-283717.520096
1456949.047073	965144.648423	425856.727369
836401.902644	285374.413610	-253910.799618
513345.929310	564387.907600	25110.398241
1412707.689425	947174.204459	407886.333947
1089823.877287	767912.932663	228625.754356
503363.935149	654581.803687	115303.374254
1162299.230544	203945.414930	-335341.778417
505884.736730	610201.797353	70924.091069
1609265.988469	556699.498447	17411.515414
998167.036673	1144247.036165	604959.486250
630205.632874	204266.484768	-731898.847029
746762.627049	101674.821310	-437612.442064
1661810.257380	762537.844374	223226.961871
1716030.981836	492453.530201	-46834.483547
928764.080631	15874.862003	-523411.819185
1346751.623967	361197.365452	-178090.288926
572291.637043	305700.148209	-233579.302050
1051264.434626	852932.953097	313645.785997
1556188.809932	962183.162495	422894.775186
1471131.678227	71870.779945	-467417.377021
929486.113561	718694.870770	179408.460531
1454121.826306	657546.620237	118258.770725
1498664.942003	425430.709475	-113857.081132
1116771.206596	-9198.674048	-548485.962198
659060.878167	205930.343693	-333357.208035
960338.387541	821100.198666	281813.395175
1564888.538714	932899.550114	393611.521430
542664.118734	376848.749485	-162431.080182
523182.269370	722128.689141	182848.310968
1721384.870732	524207.894846	-15080.172666
934190.580829	578069.722187	38783.626546
605024.373324	267615.505935	-271665.674943
1242357.835209	783088.140238	243800.619770
1658540.711292	825067.535898	285778.980210
1538374.135211	807364.954926	268076.473916
1011284.745081	235633.098721	-303653.469065
493494.521379	559960.102235	20683.581707
1317485.601780	192381.621163	-346905.919013
