-0.006838	0.003689	0.003689
0.000022	-0.000138	-0.000138
0.000283	0.000003	0.000003
0.000227	0.000076	0.000075
-0.000023	0.000079	0.000079
-0.001595	0.000158	0.000158
0.000039	0.000187	0.000187
0.000130	-0.000017	-0.000017
-0.000177	0.000371	0.000371
0.000070	-0.000169	-0.000169
0.000182	-0.000039	-0.000039
0.000196	0.000330	0.000330
-0.001202	-0.000342	-0.000342
0.002883	0.002001	0.002001
0.000128	0.000117	0.000117
0.000255	0.000131	0.000130
-0.000172	-0.000335	-0.000335
-0.000857	0.000431	0.000430
-0.000373	0.000146	0.000145
-0.001814	0.000141	0.000141
-0.000038	-0.000026	-0.000026
0.009327	0.008466	0.008465
0.000127	0.000293	0.000293
-0.000069	0.000118	0.000118
-0.000188	0.000325	0.000325
0.005354	-0.001237	-0.001237
0.000095	0.000119	0.000119
-0.000294	0.000553	0.000552
-0.003455	-0.000352	-0.000352
-0.000172	-0.000098	-0.000098
-0.000008	-0.001463	-0.001463
-0.019188	-0.006844	-0.006845
-0.000058	-0.000240	-0.000240
-0.001718	0.000082	0.000081
0.000131	-0.000281	-0.000282
-0.000614	-0.000364	-0.000364
0.000053	-0.000059	-0.000060
0.000055	0.000265	0.000265
0.000111	-0.000034	-0.000034
-0.000024	0.000008	0.000008
-0.000524	-0.000335	-0.000335
0.000051	-0.000119	-0.000119
0.000145	0.000155	0.000155
0.000599	-0.000017	-0.000017
-0.012906	-0.000814	-0.000814
0.000076	-0.000018	-0.000019
0.000497	-0.000073	-0.000073
-0.000059	-0.000035	-0.000035
-0.001510	0.001211	0.001210
0.000393	-0.000238	-0.000239
-0.000116	-0.000081	-0.000082
-0.000912	-0.001275	-0.001276
-0.002103	-0.001444	-0.001444
-0.000069	-0.000163	-0.000163
0.001239	-0.000071	-0.000071
-0.000108	0.000000	0.000000
0.002436	0.000315	0.000315
-0.000087	0.000007	0.000006
-0.000126	-0.000130	-0.000130
0.000510	0.000021	0.000020
-0.000350	-0.000185	-0.000185
-0.001203	0.001122	0.001121
-0.000030	0.000224	0.000224
0.000342	0.000071	0.000071
-0.000290	0.000041	0.000040
-0.000238	0.000120	0.000120
0.000220	0.000212	0.000212
0.000022	-0.000134	-0.000135
0.000681	-0.000242	-0.000242
-0.000062	-0.000233	-0.000233
-0.000196	-0.000230	-0.000230
-0.001879	0.000859	0.000859
0.000046	-0.000075	-0.000076
0.000340	0.000016	0.000015
0.000383	0.000123	0.000123
-0.000414	-0.000641	-0.000641
-0.000111	0.000070	0.000069
-0.000206	0.000077	0.000076
0.000078	0.000022	0.000021
0.000161	0.000024	0.000024
0.002637	-0.000197	-0.000197
-0.000221	-0.000094	-0.000094
0.000056	0.000226	0.000225
0.000130	0.000254	0.000254
-0.000165	-0.000193	-0.000193
-0.000214	0.000252	0.000252
-0.000386	0.000442	0.000441
0.000181	-0.000138	-0.000138
-0.000445	-0.000480	-0.000481
-0.000171	0.000004	0.000003
-0.003082	0.001130	0.001130
0.000344	0.000099	0.000099
-0.000018	0.000463	0.000463
0.000026	-0.000113	-0.000113
0.000557	0.000133	0.000133
-0.000181	-0.000399	-0.000399
-0.000222	-0.000150	-0.000151
0.000535	-0.000040	-0.000040
0.000023	0.000036	0.000036
0.000482	-0.000159	-0.000159
0.000832	-0.000644	-0.000644
-0.000888	-0.000358	-0.000358
-0.003931	0.001594	0.001593
-0.000040	-0.000116	-0.000116
0.001440	-0.000416	-0.000416
-0.000165	-0.000132	-0.000132
0.001260	0.000042	0.000042
0.000357	-0.000031	-0.000031
-0.000002	-0.000143	-0.000143
0.001493	0.000506	0.000505
-0.000116	-0.000260	-0.000261
0.001311	-0.000403	-0.000404
-0.000654	0.000004	0.000003
0.000312	-0.000450	-0.000450
0.000496	0.000120	0.000120
-0.000280	-0.000358	-0.000358
-0.002797	-0.003769	-0.003770
0.001240	0.001071	0.001071
-0.000717	0.000391	0.000391
-0.000050	0.000395	0.000395
-0.000897	-0.000109	-0.000110
-0.000180	0.000156	0.000156
0.000726	0.000334	0.000334
0.000009	-0.000050	-0.000051
-0.000075	-0.001825	-0.001825
0.000951	0.000598	0.000597
0.000246	0.000369	0.000369
-0.000498	0.000353	0.000352
0.018638	0.006610	0.006609
-0.007940	-0.007984	-0.007985
0.000075	0.000080	0.000079
0.000241	0.000198	0.000198
0.000916	0.002841	0.002840
0.000243	-0.000532	-0.000532
-0.000110	-0.000180	-0.000180
0.000056	0.000189	0.000188
-0.000074	-0.000011	-0.000011
0.000271	0.000244	0.000244
0.001707	0.000909	0.000909
0.000146	0.000393	0.000392
-0.000027	-0.000070	-0.000070
0.000272	0.000019	0.000019
0.000492	0.001017	0.001017
-0.000005	-0.000101	-0.000101
0.000923	-0.000016	-0.000016
-0.000015	0.000184	0.000183
0.000290	0.000039	0.000039
0.002631	0.000837	0.000837
0.004251	0.002445	0.002445
-0.007738	-0.001864	-0.001865
0.000085	0.000065	0.000065
-0.000146	-0.000073	-0.000074
0.000140	0.000175	0.000175
-0.000049	-0.000180	-0.000180
-0.000752	-0.000911	-0.000912
-0.000412	0.000023	0.000023
-0.000000	0.000012	0.000011
0.001299	-0.000153	-0.000153
0.000754	-0.000168	-0.000168
0.000969	-0.000575	-0.000575
0.001355	0.000328	0.000327
0.001474	-0.000172	-0.000172
-0.000697	0.000439	0.000439
-0.000829	-0.001314	-0.001314
-0.000055	0.000064	0.000064
-0.000229	-0.000203	-0.000204
0.000275	-0.000289	-0.000290
-0.000129	0.000272	0.000271
-0.000274	0.000307	0.000306
0.000984	-0.002446	-0.002446
0.000149	-0.000106	-0.000106
-0.002894	0.001868	0.001868
0.000147	0.000063	0.000062
0.010216	0.001479	0.001479
0.001327	-0.001082	-0.001082
0.000220	-0.000080	-0.000081
-0.000054	0.000007	0.000006
0.000168	0.000261	0.000261
0.000081	-0.000130	-0.000130
0.000252	0.000051	0.000050
0.000924	0.001173	0.001173
-0.001148	0.000777	0.000777
0.000011	0.000044	0.000044
-0.003370	-0.000831	-0.000831
-0.000279	0.000452	0.000451
-0.000353	-0.000092	-0.000092
0.000737	0.000782	0.000782
0.000023	-0.000076	-0.000076
-0.000028	0.000124	0.000124
0.000882	-0.000095	-0.000096
-0.004213	-0.002212	-0.002213
0.000227	-0.000047	-0.000047
0.006572	-0.003800	-0.003800
0.002805	0.000133	0.000133
-0.000015	0.000023	0.000023
-0.000092	-0.000052	-0.000052
0.013674	0.000885	0.000885
0.000202	0.000275	0.000275
0.000097	0.000109	0.000109
-0.000083	-0.000050	-0.000050
-0.000429	-0.001517	-0.001517
0.000138	-0.000153	-0.000153
-0.000078	0.000071	0.000070
0.000418	-0.000858	-0.000858
-84.000004	83.999869	-0.000131
-83.999827	83.999992	-0.000008
-84.000430	83.999747	-0.000253
-83.999908	83.999654	-0.000345
-83.999072	84.000284	0.000285
-84.000317	84.000377	0.000377
-83.998416	84.001141	0.001141
-84.000501	84.000287	0.000287
-83.996364	83.997909	-0.002091
-83.999523	84.000282	0.000282
-83.999449	84.000403	0.000403
-83.999345	84.000296	0.000296
-84.000435	84.000539	0.000540
-84.000553	84.000635	0.000635
-84.000172	83.999991	-0.000009
-83.999701	83.999299	-0.000700
-83.999534	84.000273	0.000273
-84.000023	83.999825	-0.000175
-83.999782	83.999970	-0.000029
-83.999482	84.000011	0.000011
-83.999802	84.000111	0.000111
-83.997976	84.001088	0.001089
-83.999833	83.999756	-0.000243
-84.000302	83.999791	-0.000209
-84.001895	84.000387	0.000387
-84.000275	83.999998	-0.000002
-84.000149	84.000424	0.000424
-83.999137	83.999058	-0.000942
-84.000469	84.000272	0.000273
-84.000671	83.999418	-0.000582
-84.000180	84.000314	0.000314
-83.999530	83.999884	-0.000116
-84.000306	83.999783	-0.000217
-83.999818	83.999923	-0.000076
-84.002761	84.002434	0.002434
-83.999936	84.000026	0.000026
-83.999528	84.000248	0.000249
-84.000439	84.000259	0.000260
-84.000779	84.000000	0.000000
-84.000481	83.999566	-0.000434
-83.999858	84.000140	0.000140
-84.000058	83.999992	-0.000008
-83.999754	83.999879	-0.000121
-84.022361	84.021632	0.021632
-84.002028	83.999615	-0.000385
-83.999943	84.000869	0.000869
-83.992584	84.009196	0.009197
-84.000251	84.000121	0.000121
-84.000897	83.999637	-0.000363
-83.997661	83.999093	-0.000908
-83.999973	84.000172	0.000172
-84.001329	83.999362	-0.000639
-83.999746	84.000360	0.000360
-83.999983	84.000121	0.000121
-83.999533	83.999959	-0.000040
-84.000026	83.999972	-0.000028
-84.000088	84.000124	0.000124
-83.999585	84.000138	0.000138
-83.999626	83.999375	-0.000625
-84.000340	84.000718	0.000718
-84.000084	83.999897	-0.000103
-83.999445	83.999857	-0.000143
-83.999905	83.999702	-0.000297
-84.000307	83.999746	-0.000254
-83.999625	84.000197	0.000196
-83.999453	83.999758	-0.000241
-84.000273	83.999929	-0.000071
-84.000112	83.999946	-0.000054
-84.000056	83.999847	-0.000152
-84.000034	84.000269	0.000270
-84.000069	84.000013	0.000013
-102.626929	102.427318	-1.070587
-83.998498	83.999243	-0.000756
-83.999971	83.999918	-0.000082
-83.999907	84.000022	0.000022
-84.000243	84.000100	0.000100
-83.999908	83.999996	-0.000003
-84.000043	83.999811	-0.000189
-84.001051	84.000022	0.000022
-84.001276	83.999987	-0.000013
-84.000415	83.999982	-0.000018
-83.999638	84.000178	0.000179
-84.000968	83.999039	-0.000960
-84.001528	83.999589	-0.000411
-84.000398	84.000203	0.000203
-83.999694	84.000614	0.000614
-84.064185	83.990675	-0.009325
-103.593639	93.635633	-53.836288
-84.000195	83.999982	-0.000018
-84.006098	84.002247	0.002245
-84.000457	83.999921	-0.000079
-84.000202	84.000066	0.000066
-84.000048	83.999997	-0.000002
-83.999908	83.999985	-0.000015
-84.001076	83.987554	-0.012468
-83.997563	83.998873	-0.001150
-83.999745	84.000552	0.000552
-84.000799	84.000666	0.000666
-84.000115	83.999891	-0.000109
-83.999854	83.999698	-0.000302
-83.999699	83.999827	-0.000173
-84.000382	83.999606	-0.000393
-83.999825	83.999494	-0.000507
-84.000637	83.999047	-0.000952
-84.000298	84.000021	0.000021
-83.999869	83.999620	-0.000379
-84.000615	83.999532	-0.000468
-83.999272	83.999893	-0.000107
-83.999918	83.999947	-0.000053
-84.000430	83.999910	-0.000090
-83.999922	83.999060	-0.000940
-84.003200	84.000477	0.000474
-84.000320	83.999815	-0.000185
-84.000497	83.999353	-0.000647
-84.000506	83.999647	-0.000354
-84.000762	83.999191	-0.000808
-84.000828	83.999598	-0.000402
-83.999740	84.000108	0.000109
-84.000871	84.000047	0.000047
-83.998025	84.000483	0.000482
-83.999834	84.000260	0.000260
-84.000178	83.999866	-0.000134
-83.999950	83.999953	-0.000047
-83.999489	84.000867	0.000868
-84.001081	83.999587	-0.000413
-83.999846	84.000218	0.000219
-84.000277	83.999909	-0.000091
-84.000159	84.000161	0.000161
-83.999823	83.999961	-0.000039
-83.999227	83.999762	-0.000238
-84.000223	84.000273	0.000273
-84.001613	84.003134	0.003133
-83.999556	84.000400	0.000400
-83.999441	84.000155	0.000155
-84.000999	83.999890	-0.000110
-83.999382	83.997717	-0.002283
-84.000088	83.999915	-0.000084
-83.999834	84.000039	0.000039
-83.999795	83.999869	-0.000130
-83.999987	84.000221	0.000221
-83.999946	83.999932	-0.000068
-83.998505	83.999707	-0.000293
-83.998770	84.000637	0.000637
-83.999701	84.000065	0.000065
-84.000944	83.999776	-0.000225
-84.000025	83.999754	-0.000246
-83.999300	83.999830	-0.000170
-83.999921	84.000114	0.000114
-84.000229	83.999754	-0.000246
-83.999599	84.000321	0.000321
-83.999094	84.000198	0.000198
-83.999959	84.000004	0.000004
-84.000177	84.000065	0.000065
-84.000051	84.000088	0.000088
-83.999664	84.000163	0.000163
-83.999575	83.999734	-0.000266
-84.000031	83.999668	-0.000332
-83.936120	84.009329	0.009149
-83.999773	83.999830	-0.000170
-84.000258	84.000052	0.000052
-83.999621	83.999811	-0.000188
-84.000071	84.000091	0.000092
-84.000062	83.999410	-0.000590
-84.000192	83.999841	-0.000159
-84.000034	83.999933	-0.000067
-84.000767	84.000014	0.000014
-84.000010	84.000108	0.000108
-83.999614	83.999679	-0.000321
-84.000009	83.999815	-0.000185
-83.999926	83.999725	-0.000276
-83.999841	84.000005	0.000005
-84.000122	84.000329	0.000329
-84.000340	84.000399	0.000399
-84.000737	84.000112	0.000112
-84.000403	83.999567	-0.000433
-84.001778	84.002179	0.002177
-84.000332	84.000015	0.000015
-84.000777	83.999656	-0.000344
-83.999390	83.996707	-0.003298
-83.999787	84.000094	0.000094
-84.000325	84.000206	0.000206
-84.000050	83.999891	-0.000109
-83.999719	84.000282	0.000282
-83.999535	83.999985	-0.000015
-84.000043	84.000148	0.000149
-83.998303	83.998332	-0.001670
-84.000136	84.000025	0.000025
-84.000353	84.000043	0.000043
-84.000054	83.999859	-0.000140
-84.000682	84.000963	0.000963
-83.999082	84.000511	0.000512
-84.000257	83.999475	-0.000524
-84.000097	84.000952	0.000952
-83.999774	84.001514	0.001513
-83.999973	83.999950	-0.000049
-84.000597	83.999011	-0.000988
-83.979253	83.978702	-0.021376
-83.999251	84.001469	0.001468
-83.999977	84.001689	0.001689
-83.999941	83.999958	-0.000042
-83.999595	83.999211	-0.000789
-84.000035	84.000124	0.000124
-84.001167	84.000791	0.000791
-83.999529	84.000378	0.000378
