-262468.224555	180154.365380	180154.365372
34756.045899	88527.759888	88527.759875
-342017.177414	-109855.618424	-109855.618430
-97326.327307	-195093.441781	-195093.441790
-185229.375174	106741.733354	106741.733346
532289.118238	261703.679849	261703.679807
-23063.390215	-592122.936398	-592122.936407
-454774.787083	-140109.234550	-140109.234556
-159016.689412	561439.992307	561439.992300
-204172.704197	313548.853247	313548.853239
-349450.540210	148421.367569	148421.367562
251451.271286	-20014.131856	-20014.131878
-145534.024762	46477.980142	46477.980132
-584815.812708	-163668.206238	-163668.206243
43670.358978	-113319.162724	-113319.162738
-80825.523406	-253171.247423	-253171.247433
-586001.157124	28742.570712	28742.570707
597271.394695	160083.016946	160083.016885
445930.711828	-424356.483964	-424356.483994
164500.072129	589989.606235	589989.606224
130779.103260	235447.233143	235447.233128
-175002.209660	36501.078429	36501.078420
72346.896800	-77706.551893	-77706.551908
-83972.886898	-478423.282580	-478423.282589
-1207.367605	519477.463543	519477.463534
-189229.174802	-589143.832386	-589143.832393
-170599.250327	-35581.001346	-35581.001355
566087.161771	-55987.113221	-55987.113282
-27265.607092	581558.033812	581558.033804
412576.567127	444752.776559	444752.776536
251374.143270	554940.751676	554940.751662
574836.548168	180957.474994	180957.474940
-550796.681103	52001.482192	52001.482187
490745.392779	-355810.767536	-355810.767574
538840.276228	-258098.240398	-258098.240448
-411733.485341	259560.419632	259560.419626
25898.411212	231042.545325	231042.545313
-385572.537490	71854.716092	71854.716086
413589.968078	297854.917381	297854.917353
243159.145809	385839.957437	385839.957420
81249.338293	611384.516043	611384.516033
16321.882563	400605.806650	400605.806640
-410344.022757	-239054.789070	-239054.789076
-122352.290123	-138424.171284	-138424.171294
-526627.238604	-311657.449153	-311657.449158
329181.995295	265022.089778	265022.089754
-16008.320548	-264646.488106	-264646.488118
130464.861367	5633.038155	5633.038139
280886.608931	513495.804655	513495.804639
470197.134226	-244707.502300	-244707.502340
583786.716548	67665.296618	67665.296555
301921.425724	138502.285363	138502.285339
275509.202193	531970.550263	531970.550248
483320.586192	308551.852930	308551.852895
-615486.056084	25409.254112	25409.254108
-289206.359553	-104807.915639	-104807.915646
-510383.130703	344387.828441	344387.828436
-32563.966354	-192518.294894	-192518.294906
-409231.636681	392624.406696	392624.406691
379564.512678	-260420.575156	-260420.575185
-130015.751061	585777.816913	585777.816905
549526.565012	-271588.203395	-271588.203446
209166.100859	-573350.368205	-573350.368219
-308485.166910	493783.596382	493783.596377
137759.051414	-434535.108655	-434535.108669
-186628.555311	525502.418526	525502.418519
-48753.799709	534897.422144	534897.422135
394194.420229	357310.140574	357310.140549
-200069.925019	-474944.156910	-474944.156917
-187874.392637	138239.750517	138239.750508
502545.605050	356153.079658	356153.079625
-213278.414471	-578176.269635	-578176.269641
395379.010232	-156481.242405	-156481.242438
94099.035315	-225254.028473	-225254.028488
289285.140056	-442115.314815	-442115.314834
-476557.915683	363612.631625	363612.631620
260944.189492	-205783.659905	-205783.659927
89182.283867	-488891.844854	-488891.844866
283566.225214	-368308.000717	-368308.000738
-343606.378734	-21156.917799	-21156.917805
-226246.686789	-573974.242247	-573974.242253
-55751.253061	-406409.071948	-406409.071958
-188962.665084	451161.422319	451161.422312
-69875.693818	24968.735079	24968.735069
-12626.323216	-565864.448372	-565864.448381
132455.675248	-239389.043669	-239389.043684
3220.161479	-617940.935243	-617940.935252
-335430.233334	179435.052165	179435.052158
-68176.014344	594890.194395	594890.194387
131197.343236	122228.940709	122228.940693
-164513.432942	-596235.498721	-596235.498727
425084.820763	-267798.630579	-267798.630612
-581122.612846	4039.397459	4039.397454
128714.192197	-184530.877140	-184530.877156
-385962.105641	-483573.436216	-483573.436222
82525.377405	-56153.160598	-56153.160613
535408.203971	-120596.993906	-120596.993960
-416657.212767	95576.133843	95576.133838
136719.003513	-356928.555254	-356928.555269
-370237.980136	495760.422684	495760.422679
-91973.230158	598209.124980	598209.124973
-494079.514397	349307.930824	349307.930819
-179960.693949	-591998.057315	-591998.057322
492528.510648	-275907.948608	-275907.948650
516971.718777	202237.775191	202237.775148
-403655.659911	322421.273823	322421.273818
-529213.682409	306334.965693	306334.965688
-604552.051660	-55779.495002	-55779.495006
-558638.751897	-93799.668422	-93799.668426
471723.432954	-358665.036530	-358665.036565
576486.653164	19926.500086	19926.500023
513124.418970	265930.628618	265930.628579
537400.034743	196716.702081	196716.702034
-463680.803873	396359.650283	396359.650278
204097.842011	481345.298510	481345.298496
266238.808812	947.038536	947.038513
549486.733648	-208190.384606	-208190.384660
138893.615476	588408.407897	588408.407886
-178078.947573	-485231.644082	-485231.644090
-437147.975089	-421014.978620	-421014.978626
328917.724786	522085.197856	522085.197839
-137779.710140	488360.392799	488360.392791
-453249.259337	246445.337668	246445.337663
315734.671280	-165793.840879	-165793.840905
144961.949131	600835.618334	600835.618323
530311.954726	-229403.116542	-229403.116591
-60317.931609	-615802.397332	-615802.397340
10884.093470	-275708.100191	-275708.100203
570025.577376	179257.233270	179257.233217
-171106.033151	40160.596960	40160.596951
205852.381874	-211701.273340	-211701.273359
-361933.728128	-411664.296718	-411664.296724
573806.015842	-217587.039302	-217587.039362
-589195.298913	-126301.085378	-126301.085383
-338499.082866	-387090.868780	-387090.868786
249428.380742	-505102.622816	-505102.622832
-177110.683664	275454.223458	275454.223449
-340624.345661	-493459.200774	-493459.200780
263607.763571	522725.298815	522725.298800
-224274.761536	498137.848689	498137.848682
151396.989292	298436.824522	298436.824507
92196.188474	-438078.663956	-438078.663968
-443951.105015	230621.494045	230621.494039
377106.872402	-425399.299094	-425399.299118
-489781.630498	272753.655281	272753.655276
332772.267524	-440905.297439	-440905.297460
-249049.871189	63108.126072	63108.126064
-264685.624311	534358.892081	534358.892075
542879.425201	-213686.931602	-213686.931655
-182552.027475	586984.377212	586984.377206
-390468.381725	-295676.274925	-295676.274931
571888.468246	-8884.977871	-8884.977933
534657.532569	131757.282180	131757.282131
-321287.516152	231313.873265	231313.873258
582088.909969	-187272.010348	-187272.010411
11105.059331	554479.562544	554479.562535
-296185.770520	-480944.276751	-480944.276757
248267.108300	538857.807567	538857.807553
-460132.252854	-405558.409039	-405558.409044
-240367.726310	-560761.628779	-560761.628785
472041.942888	-297926.838687	-297926.838725
-600721.362483	-147250.016719	-147250.016724
-413365.179524	228136.561930	228136.561924
-163778.664179	596243.749469	596243.749463
95608.643386	507075.091900	507075.091889
-44810.667887	46673.705666	46673.705655
558288.318497	-36847.631098	-36847.631157
331522.049180	-516289.920922	-516289.920941
243136.342134	479881.331353	479881.331337
-248242.720596	541857.228495	541857.228489
-378576.381109	439505.936339	439505.936334
-239888.572205	534717.354552	534717.354546
-204590.505325	-218871.593741	-218871.593749
-190273.334238	585491.047316	585491.047309
-271699.213992	555823.947648	555823.947642
487514.857293	-134792.635346	-134792.635391
366437.290726	67548.812711	67548.812682
55725.457910	-510037.556531	-510037.556542
82372.223533	148722.122568	148722.122554
-95327.244577	-422121.636985	-422121.636994
293666.304938	127474.371321	127474.371298
494398.136782	-301872.773473	-301872.773514
-291889.975214	-297842.604275	-297842.604282
-573651.534299	-158849.132980	-158849.132984
403533.495993	-449479.529223	-449479.529248
-86719.342370	-136346.422756	-136346.422766
35742.020075	604185.068914	604185.068905
231376.780482	-130554.631404	-130554.631424
28292.805335	363629.948569	363629.948558
-270979.214590	-548122.123106	-548122.123112
581057.571760	-211080.319361	-211080.319423
-415808.915409	-202076.462894	-202076.462900
-269107.948221	183852.508220	183852.508212
-40854.586273	580898.248371	580898.248363
-352113.682783	-178739.223088	-178739.223095
-496716.095033	306706.414139	306706.414134
-533369.006140	-312085.713664	-312085.713668
-358860.806702	121817.656546	121817.656540
-465007.783593	-332358.957794	-332358.957799
-127004.028381	215977.381307	215977.381298
43484.993944	616328.888667	616328.888658
-228422.351305	-438203.884368	-438203.884375
44299.010831	46055.112850	46055.112837
-457335.960954	261966.222191	261966.222186
1848651.070346	-399717.503419	-413165.903412
2209280.072656	-69054.644712	-82503.044708
2044041.766412	157813.948815	144365.548821
1503727.820944	516335.384016	502886.984028
1264408.322765	-362258.437233	-375706.837208
2070740.663904	-263371.593446	-276819.993441
1821027.982919	-442134.548477	-455582.948471
1943714.281169	-238451.860834	-251900.260827
2136745.655948	366676.825752	353228.425755
1398188.101015	-178525.039196	-191973.439176
1722022.371635	532381.173966	518932.773974
2181796.668008	143029.904139	129581.504144
1117811.706060	-261296.246901	-274744.646858
1456028.549766	-178972.436050	-192420.836034
1860090.148963	70013.684671	56565.284678
1703417.951609	623833.708651	610385.308659
1946708.264990	-338701.645615	-352150.045609
1902503.535254	549111.774949	535663.374955
1485766.729395	325247.369374	311798.969389
2160695.860989	197993.354708	184544.954711
1174736.902964	315888.702062	302440.302094
1056165.528394	-198858.971221	-212307.371163
1392179.864461	581242.116471	567793.716484
2076548.204199	-208399.752882	-221848.152877
1572176.640765	615653.996976	602205.596985
2071831.620762	-237042.297447	-250490.697457
2214096.126687	-111466.959484	-124915.359482
1264682.648328	505823.408393	492375.008413
1673889.868772	-604215.575916	-617663.975908
1733712.923152	609418.288745	595969.888743
1592311.931136	-477421.255072	-490869.655061
1645972.151162	-135173.242308	-148621.642297
1716238.630602	-197643.862944	-211092.262934
1038161.580562	-46048.599609	-59496.999545
2092417.482173	-381219.318984	-394667.718980
1835907.913272	-336905.566927	-350353.966921
1053668.774447	-116206.563807	-129654.963747
1563188.872105	312766.602162	299318.202174
1483260.551505	205011.628317	191563.228333
2245487.522442	-40543.799460	-53992.199459
1634489.464582	-595385.884647	-608834.284645
1648448.751857	-271776.182276	-285224.582265
1705231.092382	478476.111174	465027.711181
2248435.245385	-77234.278927	-90682.678935
1703061.407879	343433.992493	329985.592502
1946584.191581	-488990.476949	-502438.876944
1050606.334531	129620.390435	116171.990492
1903425.265690	-425553.876083	-439002.276080
1471399.511075	-155553.515863	-169001.915856
1557302.479548	620085.224626	606636.824534
1649560.379716	-399160.981792	-412609.381783
1834202.448592	-433964.465579	-447412.865656
1900963.050174	-491402.673345	-504851.073344
1432230.063903	-162521.688461	-175970.088467
1224038.620422	473761.864550	460313.464570
1582171.374228	-445739.604833	-459188.004827
1719042.854885	144300.159331	130851.759340
1206427.707707	-427348.852819	-440797.252793
1941526.142345	-321117.696180	-334566.096201
1273572.329485	491294.047449	477845.647428
1322350.637923	-110257.091829	-123705.491805
2176012.770344	-62047.233717	-75495.633725
1541119.881746	331484.242179	318035.842179
1601033.166211	-305085.482999	-318533.882989
2131279.443399	285369.115466	271920.715459
1042473.468250	-89339.251339	-102787.651285
2011319.172571	-158537.417975	-171985.817970
1776466.398598	-231946.108797	-245394.508790
1712005.968167	180790.051686	167341.651693
1098779.438415	-107691.801370	-121140.201326
1854415.475948	287935.371673	274486.971680
2184735.575010	299890.337161	285788.292059
1049479.396886	-180737.712353	-194186.112317
1862042.027110	-178618.503361	-192066.903355
1679674.705978	57575.350482	44126.950493
1476261.306693	-500637.963344	-514086.363332
1539090.909449	-402654.965295	-416103.365285
1102062.571487	-238261.306297	-251709.706260
2229790.166544	146003.202622	132554.802622
2221694.165715	191735.345032	178286.945032
1208923.570236	-132992.887030	-146441.286996
1324746.087719	145310.532293	131862.132317
1083224.383617	-181003.928429	-194452.328398
2240639.356039	126426.268311	112977.868296
1934640.304451	460507.943860	447059.543866
1431811.180329	108524.436123	95076.036140
1754007.428293	446472.868914	433024.468915
2184698.514539	299594.412547	283987.779626
1685253.336177	-371788.359615	-385236.759610
1061242.207920	126125.265087	112676.864879
1681517.815164	-137640.374430	-151088.774429
1784394.991639	363601.535248	350153.135254
1230564.620380	380302.672761	366854.272785
1998497.690442	228341.735704	214893.335709
1051850.983236	133955.039028	120506.637210
2169607.360567	306193.382280	292744.981804
1193587.127504	-90561.884471	-104010.284437
1964716.992042	-351098.087325	-364546.487351
1129894.066650	7867.146786	-5581.253170
1478754.501312	559270.889453	545822.489462
1983809.466886	-82827.621852	-96276.021846
1535081.904539	-567914.678700	-581363.078690
2212430.533143	158449.493739	145001.093699
1202187.189314	-75776.091828	-89224.491831
2242022.675602	31077.871782	17629.471785
1023872.427979	18681.677142	5233.277207
1947179.615696	548626.501998	535178.101998
1455183.181181	206729.600532	193281.200529
1190029.356863	349382.472877	335934.072901
1545779.984868	507035.360623	493586.960628
1053960.485848	158105.869904	144657.469938
2147301.315394	362216.727724	348768.327496
1970593.032170	-294364.720828	-307813.120830
2088201.299693	-352161.139919	-365609.539921
2209041.815813	232033.063491	218584.663486
1167999.061744	-157426.303651	-170874.703618
1309980.045951	-481569.029579	-495017.429561
1021059.984459	-7629.725905	-21078.125848
1453737.654269	125413.208567	111964.808570
1686830.646364	339869.693484	326421.293405
1900139.244671	485024.002438	471575.602439
1439728.299052	-474640.186714	-488088.586704
1238681.175444	253196.532669	239748.132696
1158091.388026	-170151.553964	-183599.953977
1284966.426297	-354499.551463	-367947.951473
1161490.527049	-376788.990551	-390237.390520
2034427.224923	448133.555488	434685.155492
1178732.258108	-287097.693616	-300546.093584
2108319.916886	220223.301372	206774.901371
1436222.479011	453661.813183	440213.413196
2042425.618854	-412281.265710	-425729.665709
2162867.056602	335821.633326	322373.233297
2022833.680818	142552.541964	129104.141953
1452467.772423	418823.350302	405374.950312
1786115.982655	46639.914791	33191.514798
1744844.208681	556786.251688	543337.851687
2081117.911940	-55327.690117	-68776.090114
1277905.429353	-468341.639460	-481790.039449
1060282.156448	238480.397127	225031.997176
1748350.683660	-482016.977967	-495465.377961
1312450.656406	221967.897427	208519.497448
1704827.386678	583008.520338	569560.120335
1290014.209752	-495149.650769	-508598.050777
1132638.906401	-345496.921815	-358945.321782
1726989.899595	580157.095960	566708.695913
1628310.650790	612996.367981	599547.967983
1255519.335240	-453853.891516	-467302.291514
1328972.369365	-199741.802311	-213190.202290
1912461.962581	507682.465873	494234.065863
1722850.333709	423386.611775	409938.211777
1762088.588849	42843.702119	29395.302098
1921270.803015	152318.004866	138869.604871
1555025.607370	167047.266182	153598.866193
2017220.087894	-377978.354848	-391426.754850
1687306.595924	-214829.057735	-228277.457735
1921163.990093	-223670.959828	-237119.359838
1474295.576842	449398.546450	435950.146451
1751013.050006	446041.190545	432592.775704
1477641.889481	489941.359984	476492.959986
1834641.171133	425958.927331	412510.527334
1152380.015075	384975.867597	371527.467625
1268994.036376	-403915.821419	-417364.221403
1890359.237583	577327.603018	563879.203015
2056002.788848	307032.589063	293584.189064
1821768.835728	-95624.728184	-109073.128177
1962736.657651	521335.308919	507886.908912
2158453.021176	66415.050306	52966.650308
1427262.459829	139619.275727	126170.875727
1244935.628092	415189.207515	401740.807533
2196192.571791	199772.829578	186324.429543
1441383.522385	285608.955718	272160.555731
1479593.935829	396273.656629	382825.256634
2044585.469398	-448576.142386	-462024.542386
1499235.071088	433024.937043	419576.537036
1302257.942278	516344.604012	502896.204017
1749365.891895	548004.740821	534556.340628
2129468.097686	-168962.729358	-182411.129356
1959087.667954	-473793.487988	-487241.888014
2160087.459792	343373.724466	329925.324117
1397619.806541	-483515.929721	-496964.329713
1170308.548910	-212327.392820	-225775.792789
1834165.914004	532135.040915	518686.640915
1402658.589689	-552114.356564	-565562.756552
2018774.777627	300187.190582	286738.790578
1781259.646607	-273122.776053	-286571.176049
2084942.788069	-373870.797987	-387319.198204
1588638.336027	244878.713001	231430.313011
2021365.287380	-94361.722147	-107810.122150
1357607.645612	165841.385258	152392.985271
1314167.846987	-504759.870674	-518208.270691
1080247.638831	-257217.009314	-270665.409285
1108938.468461	-86127.588500	-99575.988471
1532645.290047	-585949.211442	-599397.611458
2232931.300817	114253.688941	100805.288872
1138789.238593	236041.816892	222593.416928
1474394.394488	-552082.503032	-565530.903026
2246087.603641	-74898.282649	-88346.689058
1467846.866131	-564111.211504	-577559.611568
1056901.470608	110024.573661	96576.173652
1962349.684098	-172938.686901	-186387.086901
1420268.820048	-144485.729750	-157934.129759
1440118.516367	-260303.109348	-273751.509333
1075133.898275	-195552.900929	-209001.300988
1580868.772447	-321586.624784	-335035.024789
