0.001405	0.002111	0.002110
-0.018074	-0.009649	-0.009651
-0.000202	-0.000186	-0.000191
0.000668	0.000296	0.000292
-0.001050	0.000011	0.000007
0.003398	0.000226	0.000224
0.000191	0.000277	0.000267
0.000056	0.000033	0.000014
0.066033	-0.054364	-0.054377
0.010134	-0.005486	-0.005488
0.000206	0.000544	0.000540
-0.000644	-0.001053	-0.001061
0.000490	0.000775	0.000770
0.002080	-0.000104	-0.000111
-0.001559	-0.000429	-0.000455
0.000270	0.002504	0.002503
0.001988	-0.000182	-0.000184
-0.000398	0.000140	0.000132
0.000551	-0.000522	-0.000525
0.000434	-0.000508	-0.000515
-0.016983	-0.000561	-0.000575
0.001321	-0.002527	-0.002529
0.000650	-0.045279	-0.045308
-0.005693	-0.000096	-0.000098
0.000267	-0.001031	-0.001033
0.000022	0.000241	0.000239
0.000633	0.000094	0.000087
0.000705	0.001141	0.001123
0.000540	0.000299	0.000296
0.002129	-0.000274	-0.000276
-0.001442	0.001574	0.001572
-0.008561	0.008035	0.008033
0.000671	-0.000083	-0.000089
-0.000410	0.000855	0.000853
0.000728	0.000064	0.000062
0.000600	0.000165	0.000163
0.001537	-0.001318	-0.001321
-0.000441	0.000000	-0.000003
-0.000509	-0.001971	-0.001973
-0.000739	-0.000402	-0.000403
0.002255	-0.002187	-0.002190
0.000082	-0.001592	-0.001596
0.000600	-0.000045	-0.000048
-0.000362	0.000146	0.000143
0.000537	-0.000359	-0.000362
-0.000547	-0.001047	-0.001050
0.000441	0.000313	0.000311
-0.005621	-0.002292	-0.002309
0.000521	0.000354	0.000331
0.000495	0.000007	0.000004
0.000051	0.000052	0.000041
0.006329	-0.001845	-0.001847
0.000555	0.002680	0.002672
-0.000126	-0.000236	-0.000240
0.001507	0.000580	0.000576
0.001520	0.078155	0.078147
0.000157	0.000187	0.000180
0.000777	-0.002647	-0.002651
0.008324	-0.002721	-0.002746
0.004240	-0.000647	-0.000648
-0.001195	0.000133	0.000131
0.000565	0.002192	0.002188
-0.000338	0.001332	0.001327
-0.002480	0.000347	0.000345
-0.000090	-0.001012	-0.001016
0.000834	0.001103	0.001100
-0.000303	-0.003875	-0.003886
-0.003356	0.002876	0.002874
-0.010349	-0.007941	-0.007952
0.000035	0.000830	0.000822
0.011965	-0.002797	-0.002823
-0.000395	-0.001493	-0.001496
-0.000116	0.000985	0.000983
0.005391	-0.002198	-0.002199
-0.006492	0.004396	0.004392
0.005950	0.007555	0.007554
-0.000749	0.001093	0.001075
-0.000255	0.000529	0.000518
0.000939	-0.001128	-0.001138
0.001421	-0.000234	-0.000236
0.000783	-0.000838	-0.000846
-0.073421	0.061357	0.061344
-0.001345	-0.004784	-0.004787
0.000200	-0.000328	-0.000332
0.001017	-0.001272	-0.001274
-0.001069	0.001834	0.001831
-0.000586	-0.002559	-0.002561
0.006454	-0.002109	-0.002119
0.006149	0.002654	0.002643
0.018967	0.011967	0.011964
0.002206	0.000121	0.000120
-0.000998	0.007922	0.007919
-0.002305	-0.000767	-0.000769
0.000007	0.000154	0.000136
-0.001895	0.000781	0.000769
-0.000424	-0.000241	-0.000246
-0.002877	0.003090	0.003061
0.002890	0.001871	0.001868
0.001225	0.003477	0.003476
0.002965	-0.000047	-0.000049
0.007239	0.003720	0.003719
0.004168	-0.001303	-0.001304
0.014952	-0.016607	-0.016609
0.002187	0.000412	0.000411
0.004775	-0.006843	-0.006849
-0.000206	0.000311	0.000308
-0.001178	-0.001341	-0.001345
-0.000625	0.000126	0.000124
-0.001831	-0.004266	-0.004269
0.000129	-0.000011	-0.000014
0.001273	0.000299	0.000298
-0.002102	0.001217	0.001213
0.007296	-0.047881	-0.047882
-0.000665	-0.000427	-0.000430
-0.001057	-0.001064	-0.001080
-0.000429	0.000659	0.000654
0.001837	0.000267	0.000265
0.001877	0.000071	0.000056
0.000761	0.002148	0.002146
-0.000439	-0.001075	-0.001076
-0.000015	-0.000295	-0.000297
-0.001531	0.000775	0.000770
0.002626	-0.009445	-0.009447
-0.000653	0.001297	0.001296
0.001142	-0.001204	-0.001206
0.001083	0.001355	0.001353
0.000435	0.000082	0.000079
-0.003461	0.001643	0.001639
0.009510	-0.008134	-0.008146
0.001429	-0.000985	-0.000988
-0.000896	0.000625	0.000620
-0.000757	0.003029	0.003025
-0.000749	0.000717	0.000697
-0.007227	-0.001655	-0.001656
-0.000142	-0.000291	-0.000293
0.001166	0.003876	0.003873
0.000190	-0.000340	-0.000351
-0.010001	0.000199	0.000197
0.009468	0.010085	0.010075
-0.000958	0.000128	0.000115
0.000296	0.001102	0.001086
0.008892	0.000011	-0.000005
0.001175	-0.000293	-0.000295
0.001555	0.003596	0.003593
0.001684	0.000426	0.000424
0.003896	0.002002	0.002000
-0.000802	0.001454	0.001452
0.003081	-0.001218	-0.001220
0.000276	-0.000356	-0.000366
0.000600	0.000226	0.000224
0.002339	0.000112	0.000108
0.000208	-0.000847	-0.000854
-0.010432	0.036462	0.036460
-0.001685	0.002073	0.002044
-0.001396	0.002807	0.002805
0.001068	0.000982	0.000962
-0.000398	-0.000061	-0.000064
-0.024868	0.042723	0.042693
0.000091	-0.000287	-0.000293
-0.001694	-0.000340	-0.000363
0.000422	-0.000621	-0.000625
0.044782	0.050548	0.050546
-0.005268	0.007045	0.007039
0.000626	0.000386	0.000380
-0.001244	0.002285	0.002283
-0.000627	-0.001330	-0.001338
-0.000718	-0.000765	-0.000770
0.001734	-0.000478	-0.000488
0.000228	-0.001323	-0.001325
-0.000843	0.000768	0.000766
-0.004077	0.004083	0.004082
-0.001637	0.000949	0.000931
0.006048	-0.007199	-0.007201
0.001875	0.002720	0.002719
0.005885	-0.002986	-0.002990
-0.000541	-0.000236	-0.000241
-0.000436	-0.001114	-0.001116
0.000464	-0.003712	-0.003714
0.000195	0.000186	0.000175
-0.001010	-0.077314	-0.077322
0.000504	0.000206	0.000199
0.000264	0.000520	0.000518
0.001923	-0.000656	-0.000658
0.000349	-0.000105	-0.000119
-0.001980	-0.001009	-0.001018
0.004450	-0.003688	-0.003691
0.002531	0.001344	0.001343
0.000393	0.000476	0.000466
0.000043	0.000188	0.000185
0.000896	0.000139	0.000132
0.013645	-0.005889	-0.005891
0.000811	0.000132	0.000130
-0.000376	0.001073	0.001071
-0.000516	-0.000768	-0.000791
-0.001912	0.000266	0.000264
-0.000866	0.001581	0.001557
0.004756	-0.000161	-0.000162
-0.000300	-0.001138	-0.001142
-0.001729	0.001551	0.001523
-0.045621	-0.049779	-0.049781
-0.000108	-0.000461	-0.000462
-0.012952	0.018077	0.018075
-0.004697	-0.000396	-0.000398
-0.004137	0.000814	0.000810
-83.995652	84.003048	0.003075
-83.999506	83.996464	-0.003535
-84.001301	84.001578	0.001579
-84.001263	84.000145	0.000155
-84.003612	83.996536	-0.003461
-83.998948	84.000505	0.000507
-84.000242	83.999857	-0.000140
-84.001289	84.001066	0.001070
-83.999934	83.998615	-0.001365
-84.058515	84.082151	0.082152
-84.001108	84.000038	0.000039
-83.998263	83.999512	-0.000487
-84.011356	84.012267	0.012291
-84.000399	84.000286	0.000288
-83.997049	84.003116	0.003118
-84.002514	83.999186	-0.000800
-83.998691	83.999539	-0.000459
-83.999543	83.999442	-0.000552
-83.995512	84.000710	0.000712
-84.002515	83.996834	-0.003164
-84.002339	84.002010	0.002012
-84.000996	83.998680	-0.001305
-84.005371	83.993518	-0.006481
-84.000467	83.999174	-0.000822
-83.999934	83.999823	-0.000167
-84.003515	83.998488	-0.001509
-83.999888	83.999969	-0.000025
-84.001864	84.001665	0.001672
-84.000846	83.999109	-0.000889
-83.998380	84.001297	0.001300
-84.001557	84.000419	0.000423
-83.999810	83.999353	-0.000644
-84.005506	83.996598	-0.003395
-83.998451	84.001608	0.001618
-84.001050	83.998510	-0.001484
-84.001648	84.000415	0.000417
-84.000507	83.999506	-0.000484
-84.000482	83.999282	-0.000707
-83.997476	83.999148	-0.000851
-84.002502	83.999981	-0.000016
-83.998200	83.998982	-0.001015
-83.993965	83.993995	-0.006003
-83.874182	84.001522	0.001533
-83.999881	84.001544	0.001566
-84.004269	84.000359	0.000369
-84.002556	84.000629	0.000630
-84.000871	83.999007	-0.000974
-84.000774	83.999730	-0.000268
-84.002186	84.001231	0.001233
-83.995344	84.000000	-0.000000
-84.001416	83.998752	-0.001246
-83.999443	84.000420	0.000422
-84.000264	83.999040	-0.000950
-84.000349	83.996744	-0.003253
-83.999015	83.999225	-0.000769
-83.996299	83.991150	-0.008825
-83.999868	83.999556	-0.000440
-83.998567	84.002373	0.002375
-83.998982	84.000170	0.000183
-84.001532	84.000266	0.000267
-84.001976	84.000314	0.000315
-84.009786	84.003242	0.003242
-84.000510	84.000067	0.000070
-83.997965	84.002670	0.002697
-83.999143	83.998130	-0.001863
-84.012140	84.006764	0.006765
-83.997635	84.001453	0.001457
-83.999316	83.998841	-0.001157
-84.000346	83.999990	-0.000001
-83.999377	83.999165	-0.000827
-83.993171	84.011113	0.011115
-84.005028	83.999210	-0.000790
-84.000551	84.000695	0.000707
-84.001233	84.000862	0.000865
-84.001696	84.000169	0.000170
-83.998415	83.999257	-0.000742
-84.002749	83.999570	-0.000415
-83.997362	83.999549	-0.000449
-83.999501	83.999318	-0.000679
-83.999222	83.999878	-0.000118
-83.998674	84.001350	0.001353
-84.000220	84.000958	0.000961
-83.998380	83.999225	-0.000767
-83.999274	83.999178	-0.000820
-83.999831	84.000269	0.000279
-84.002108	84.001085	0.001093
-83.999950	83.999948	-0.000049
-84.001624	84.001101	0.001102
-84.007102	84.016708	0.016719
-84.003586	84.004319	0.004318
-83.999573	83.999954	-0.000044
-83.999135	83.997749	-0.002248
-83.998999	84.000816	0.000818
-84.001249	84.000225	0.000247
-83.997927	83.999407	-0.000592
-83.999197	83.998994	-0.000990
-84.004569	84.000895	0.000910
-83.998376	84.001264	0.001283
-84.002473	83.997253	-0.002746
-84.001642	84.001028	0.001029
-84.000132	83.999861	-0.000137
-83.997093	84.001428	0.001430
-84.001371	83.999669	-0.000320
-84.000710	83.999260	-0.000732
-84.002252	83.999467	-0.000532
-83.999748	84.000260	0.000264
-84.004952	84.004014	0.004015
-84.000200	83.999649	-0.000347
-84.000958	83.999623	-0.000375
-84.000530	83.998426	-0.001572
-84.002528	84.003711	0.003709
-83.998934	84.000332	0.000334
-84.000171	84.000256	0.000258
-84.001371	83.999931	-0.000068
-84.000591	83.999985	-0.000013
-83.998677	84.000379	0.000385
-84.000233	83.998699	-0.001293
-83.999350	83.998704	-0.001294
-84.002168	84.001008	0.001009
-84.000166	84.000640	0.000641
-83.998972	83.999859	-0.000138
-84.006321	83.999419	-0.000581
-83.949250	83.917729	-0.082514
-84.005864	84.002165	0.002165
-84.002020	84.000539	0.000540
-83.999813	83.999876	-0.000120
-83.999843	84.000403	0.000406
-83.998183	84.000097	0.000100
-84.000337	83.998310	-0.001688
-83.999691	84.000026	0.000027
-84.001554	84.000936	0.000944
-84.013089	84.003150	0.003148
-84.000739	83.999598	-0.000394
-83.998950	84.001828	0.001830
-83.995883	84.001457	0.001459
-83.999082	83.997167	-0.002824
-83.994746	83.995358	-0.004649
-84.000115	84.000444	0.000449
-83.998004	84.001473	0.001475
-83.985661	83.985205	-0.014804
-84.202749	83.805429	-0.194568
-84.124238	84.109094	0.109100
-84.000847	84.000101	0.000105
-84.002876	83.999479	-0.000498
-83.997510	84.005775	0.005775
-83.999934	83.999865	-0.000130
-83.999457	83.999693	-0.000305
-84.004789	84.003626	0.003642
-84.000056	83.999493	-0.000502
-84.007165	84.000231	0.000231
-83.785138	84.190272	0.189245
-84.007254	83.998300	-0.001701
-84.001882	83.996992	-0.002991
-84.001136	83.999236	-0.000762
-83.998157	83.997652	-0.002344
-84.000603	83.998986	-0.001010
-84.001276	84.000051	0.000052
-84.000149	84.000460	0.000462
-83.999696	84.000991	0.000994
-84.121738	84.004618	0.004400
-83.998871	83.999283	-0.000714
-83.999696	83.999794	-0.000203
-83.999846	84.000804	0.000808
-83.999853	84.000388	0.000391
-84.000450	84.000778	0.000781
-83.996104	84.001357	0.001372
-83.999498	83.998747	-0.001251
-84.004167	84.000421	0.000427
-84.001576	83.997744	-0.002231
-83.999057	83.999864	-0.000134
-83.997579	84.001530	0.001533
-83.999211	83.992890	-0.007087
-83.997868	84.000148	0.000150
-83.997958	84.000577	0.000603
-84.001389	83.999111	-0.000888
-83.999670	83.999215	-0.000782
-83.873036	83.893304	-0.107152
-83.997008	84.005325	0.005329
-83.999404	83.997950	-0.002050
-84.002419	84.000345	0.000346
-83.999555	83.999930	-0.000066
-84.002383	84.001772	0.001771
-83.991875	83.998442	-0.001544
-84.000364	83.999618	-0.000378
-83.990270	83.989041	-0.010970
-83.985625	84.006455	0.006446
-84.000601	84.001285	0.001290
-83.999482	84.000185	0.000187
-84.000460	84.000949	0.000950
-83.998830	84.000210	0.000213
-84.002372	83.998340	-0.001652
-83.999946	83.999166	-0.000830
-84.001202	84.001673	0.001674
-84.002537	84.002178	0.002198
-83.999488	83.999651	-0.000327
-84.001374	84.001391	0.001391
-84.000783	84.000012	0.000018
-83.998599	83.999402	-0.000586
-84.000038	83.999936	-0.000061
-84.000742	83.994899	-0.005104
-84.006891	83.988852	-0.011159
-83.999779	84.000326	0.000331
-83.991594	84.000441	0.000467
-84.000034	84.000277	0.000279
