0.015052	0.022827	0.022538
-0.219424	-0.119387	-0.119978
-0.001229	-0.000955	-0.002358
0.007103	0.003820	0.003157
-0.011293	0.000696	0.000045
0.037282	0.002735	0.002132
0.003563	0.005060	0.003385
0.001729	0.003499	-0.002233
45.925144	10.741951	10.713288
0.113830	-0.059740	-0.060290
0.002176	0.006305	0.005758
-0.005849	-0.009627	-0.011783
0.006194	0.008939	0.007481
0.023143	0.000348	-0.001541
-0.016411	-0.000813	-0.006336
0.002953	0.027025	0.026758
0.021597	-0.001761	-0.002095
-0.002858	0.003254	0.000564
0.005841	-0.005041	-0.005598
0.006001	-0.004188	-0.006238
-0.134331	0.017161	0.012247
0.014609	-0.026866	-0.027313
35.369958	3.524356	3.497593
-0.060119	-0.000873	-0.001475
0.003166	-0.010618	-0.011062
0.000472	0.003071	0.002570
0.007042	0.002903	0.001596
0.008459	0.015338	0.010448
0.006311	0.003799	0.003154
0.023080	-0.002661	-0.002992
-0.014803	0.017128	0.016474
-0.097015	0.090206	0.089808
0.008281	0.000217	-0.001485
-0.003872	0.009311	0.008846
0.008898	0.000942	0.000327
0.007157	0.002051	0.001333
0.017213	-0.013812	-0.014694
-0.003889	0.000298	-0.000511
-0.005325	-0.020704	-0.021030
-0.007968	-0.004005	-0.004335
0.024805	-0.023213	-0.023835
0.001751	-0.016746	-0.017707
0.007206	-0.000130	-0.000788
-0.003500	0.002269	0.001636
0.005784	-0.003300	-0.003813
-0.005092	-0.010985	-0.011823
0.004898	0.003710	0.003329
-0.060354	-0.021570	-0.026384
0.006190	0.007438	0.001761
0.005287	0.000579	0.000078
0.001876	0.002853	-0.000813
0.068060	-0.019643	-0.020163
0.006149	0.029227	0.028019
-0.001030	-0.001678	-0.002676
0.016494	0.006901	0.006152
0.032845	14.031279	14.023230
0.002395	0.003512	0.001726
0.009291	-0.027973	-0.029193
0.090130	-0.025791	-0.031991
0.045740	-0.006727	-0.007064
-0.012262	0.001926	0.001517
0.005998	0.023864	0.023362
-0.003708	0.014792	0.014073
-0.026792	0.003866	0.003515
-0.000211	-0.009948	-0.011025
0.009437	0.012047	0.011588
-0.003386	-0.036783	-0.040828
-0.036241	0.031277	0.031013
-0.116925	-0.089481	-0.091569
0.001295	0.010431	0.008413
0.137626	-0.044414	-0.050997
-0.004270	-0.015520	-0.015939
-0.001145	0.010851	0.010537
0.058209	-0.023527	-0.023786
-0.070337	0.048622	0.047753
0.060367	0.081063	0.080691
-0.007266	0.014697	0.010396
-0.003774	0.008626	0.004618
0.010456	-0.010170	-0.012278
0.015268	-0.002187	-0.002481
0.009352	-0.007403	-0.010577
-61.988152	-40.792816	-40.757175
-0.014286	-0.052373	-0.052788
0.002872	-0.002712	-0.003759
0.010869	-0.013227	-0.013553
-0.011447	0.019983	0.019545
-0.005873	-0.026910	-0.027274
0.066313	-0.020554	-0.024364
0.054282	0.028397	0.024276
0.230153	0.144461	0.143876
0.023687	0.001548	0.001278
-0.010770	0.086660	0.086253
-0.024509	-0.007827	-0.008170
0.000559	0.004632	0.000646
-0.019662	0.010114	0.008253
-0.003984	-0.001638	-0.002652
-0.030460	0.037096	0.030364
0.031839	0.020356	0.019392
0.013331	0.037512	0.037242
0.031714	-0.000217	-0.000524
0.078129	0.041044	0.040777
0.044783	-0.013510	-0.013850
0.188786	-0.213115	-0.213472
0.023463	0.004629	0.004375
0.052608	-0.075142	-0.076019
0.003658	0.001329	0.000769
-0.012639	-0.013625	-0.014346
-0.006098	0.001624	0.001129
-0.018758	-0.045600	-0.046595
0.001959	0.000591	-0.000159
0.013802	0.003492	0.003196
-0.021522	0.013442	0.012139
-40.403409	-5.344623	-5.346371
-0.004374	-0.004977	-0.005672
-0.009010	-0.009058	-0.014829
-0.003879	0.007871	0.006843
0.019712	0.003166	0.002863
0.020894	0.003522	-0.000346
0.008098	0.023151	0.022824
-0.004562	-0.011280	-0.011556
-0.000099	-0.002711	-0.003119
-0.016401	0.008884	0.008061
0.028988	-0.103206	-0.103603
-0.006793	0.014082	0.013800
0.012764	-0.012600	-0.013103
0.011591	0.014791	0.014462
0.004624	0.001454	0.000863
-0.037047	0.018047	0.017476
0.049844	-0.059926	-0.064292
0.016024	-0.010231	-0.011103
-0.008783	0.007601	0.006439
-0.007164	0.033009	0.032000
-0.007892	0.010512	0.006901
-0.078316	-0.017474	-0.017751
-0.000948	-0.002883	-0.003372
0.012171	0.042271	0.041890
0.003046	-0.001429	-0.004432
-0.111247	0.003701	0.003134
0.108309	0.116191	0.114178
-0.009997	0.003479	0.001200
0.003602	0.014474	0.011015
0.097443	0.003158	-0.001372
0.012961	-0.002878	-0.003246
0.016605	0.038747	0.038373
0.018211	0.004898	0.004499
0.041669	0.021653	0.021369
-0.008301	0.016078	0.015701
0.032996	-0.012708	-0.012996
0.004384	-0.001192	-0.004310
0.006466	0.002791	0.002428
0.025631	0.001975	0.001046
0.003419	-0.008130	-0.010541
50.825043	10.439483	10.440199
-0.018316	0.025885	0.019133
-0.014280	0.030646	0.030168
0.012141	0.013830	0.008797
-0.003123	-0.000346	-0.001115
-35.420571	-5.602203	-5.596154
0.002298	-0.002114	-0.004052
-0.017143	0.000025	-0.006686
0.004989	-0.005837	-0.006669
227.794402	246.403777	246.362652
-0.058337	0.078431	0.077561
0.007287	0.005407	0.003962
-0.013190	0.024725	0.024404
-0.005419	-0.012834	-0.015975
-0.006626	-0.007718	-0.009312
0.022984	-0.006634	-0.010145
0.002929	-0.013712	-0.014124
-0.008721	0.008608	0.008163
-0.043595	0.046029	0.045626
-0.015988	0.012968	0.006882
0.065546	-0.077742	-0.078010
0.020391	0.029089	0.028717
0.064692	-0.031919	-0.032772
-0.004719	-0.002000	-0.003478
-0.003982	-0.011713	-0.012412
0.005698	-0.039500	-0.039976
0.002758	0.003954	0.001581
3.748421	-1373.658403	-1373.032415
0.005683	0.003550	0.002218
0.003415	0.005826	0.005299
0.021036	-0.006741	-0.007186
0.004857	0.001496	-0.003227
-0.020610	-0.010300	-0.011606
0.047817	-0.039495	-0.039881
0.027109	0.014591	0.014300
0.005101	0.007045	0.004489
0.000663	0.002626	0.002016
0.010876	0.002956	0.000690
0.152245	-0.066758	-0.067147
0.009097	0.001610	0.001237
-0.003929	0.011585	0.011237
-0.004738	-0.004404	-0.010860
-0.019946	0.003105	0.002690
-0.009002	0.020431	0.015417
0.050964	-0.001527	-0.001788
-0.002205	-0.011535	-0.013000
-0.018147	0.020532	0.014267
20.077975	23.040749	23.043645
-0.000734	-0.004635	-0.004996
-0.166908	0.229653	0.229293
-0.049721	-0.003940	-0.004577
-0.043399	0.009038	0.008005
-83.953532	84.029888	0.035223
-83.994755	83.961520	-0.038207
-84.014239	84.016619	0.016921
-84.013451	84.000180	0.001687
-84.039345	83.962496	-0.036972
-83.988810	84.004925	0.005344
-84.002587	83.997865	-0.001556
-84.013759	84.010809	0.011429
-83.999269	83.982432	-0.013910
-101.933024	102.384157	1.431192
-84.012217	84.000181	0.000529
-83.981763	83.994606	-0.005717
-84.033248	84.043627	0.045318
-84.004409	84.002747	0.003000
-83.968373	84.033194	0.033757
-84.027517	83.988885	-0.007906
-83.986504	83.994840	-0.004720
-83.995007	83.993284	-0.005931
-83.951878	84.007405	0.007624
-84.027252	83.966098	-0.033522
-84.025581	84.021134	0.021531
-84.011584	83.982927	-0.012530
-84.057934	83.929472	-0.070155
-84.005175	83.990544	-0.008818
-83.999521	83.996565	-0.001697
-84.038029	83.983090	-0.016204
-83.999134	83.998616	-0.000271
-84.020838	84.016390	0.018264
-84.009053	83.990148	-0.009552
-83.983127	84.013557	0.014002
-84.017524	84.004092	0.005184
-83.998532	83.992654	-0.006738
-84.056934	83.963071	-0.035376
-83.983321	84.015745	0.017446
-84.011688	83.983034	-0.015823
-84.017935	84.004255	0.004560
-84.006055	83.992871	-0.004823
-84.006316	83.990172	-0.006271
-83.973475	83.990586	-0.009014
-84.027338	83.999601	0.000191
-83.980796	83.988724	-0.010882
-83.933924	83.934554	-0.065123
-68.192120	138.107100	0.535040
-84.000190	84.013541	0.018352
-84.047307	84.004457	0.005577
-84.031553	84.007912	0.004359
-84.010004	83.986382	-0.009322
-84.008723	83.996851	-0.002722
-84.023689	84.012958	0.013206
-83.951408	84.000902	-0.000985
-84.015383	83.986529	-0.013417
-83.994582	84.004243	0.004706
-84.004373	83.988063	-0.008918
-84.003789	83.964822	-0.034829
-83.989778	83.990618	-0.008199
-83.991416	83.965072	-0.060128
-83.999363	83.994819	-0.004349
-83.985232	84.025146	0.025607
-83.989020	84.000011	0.002106
-84.016692	84.002653	0.002948
-84.021463	84.003175	0.003507
-84.109482	84.033836	0.034205
-84.006009	84.000377	0.000934
-83.979068	84.024641	0.030204
-83.991671	83.978506	-0.019578
-84.137922	84.079258	0.079470
-83.975642	84.015127	0.016283
-83.993092	83.987361	-0.012285
-84.005325	83.998684	0.001216
-83.993199	83.989908	-0.008801
-83.921784	84.127328	0.127358
-84.054435	83.991314	-0.008547
-84.007474	84.005610	0.008863
-84.013920	84.008831	0.009589
-84.018154	84.001467	0.001760
-83.983343	83.992044	-0.008068
-84.030267	83.992815	-0.003493
-83.972366	83.994971	-0.004548
-83.994895	83.992303	-0.007305
-83.992568	83.998180	-0.000843
-83.986544	84.014202	0.014889
-84.003035	84.009890	0.010573
-83.984000	83.990484	-0.007177
-83.992456	83.990926	-0.008862
-83.999179	84.001113	0.003513
-84.023999	84.010606	0.012902
-84.000154	83.999054	-0.000246
-84.017811	84.011538	0.011941
-84.091771	84.211342	0.207229
-84.038858	84.046443	0.046687
-83.995669	83.999183	-0.000568
-83.991404	83.975690	-0.023656
-83.989298	84.008380	0.008736
-84.014194	83.998877	0.003970
-83.978173	83.993441	-0.006313
-83.992008	83.986586	-0.009791
-84.050967	84.006714	0.011565
-83.983557	84.010467	0.014962
-84.026700	83.970405	-0.029430
-84.019266	84.010662	0.008240
-84.001508	83.998146	-0.001526
-83.968726	84.015413	0.015166
-84.016373	83.995220	-0.002281
-84.008913	83.990589	-0.006836
-84.024471	83.994091	-0.005522
-83.998127	84.002424	0.003365
-84.054334	84.043960	0.043116
-84.003089	83.995570	-0.003241
-84.010560	83.995739	-0.003964
-84.005773	83.982939	-0.016815
-84.028423	84.040139	0.040413
-83.988978	84.003219	0.003564
-84.002060	84.002315	0.002690
-84.015080	83.999017	-0.000575
-84.006696	83.999581	-0.000077
-83.986452	84.002826	0.004221
-84.002333	83.985093	-0.013805
-83.993329	83.985870	-0.013869
-84.023419	84.010554	0.010796
-84.002327	84.006650	0.007090
-83.989617	83.998279	-0.001188
-84.067744	83.993600	-0.006111
-106.953236	89.775945	-59.005548
-84.063127	84.022908	0.023272
-84.021959	84.005732	0.005601
-83.998733	83.998030	-0.001071
-83.999200	84.003847	0.004884
-83.981246	84.000615	0.001257
-84.004081	83.981624	-0.017961
-83.997204	83.999999	0.000456
-84.017467	84.010110	0.012030
-84.141040	84.033778	0.034110
-84.007874	83.994613	-0.004226
-83.989437	84.019374	0.020002
-83.956376	84.015270	0.015841
-83.990074	83.968242	-0.030179
-83.944715	83.948838	-0.050873
-84.002165	84.004166	0.005630
-83.979317	84.015543	0.016142
-83.834919	83.822496	-0.180207
-113.073581	98.573034	-7.959882
-102.660959	102.540370	0.971527
-84.009373	84.000222	0.001106
-84.031115	83.991099	-0.004021
-83.973660	84.061702	0.062079
-84.000397	83.997732	-0.000774
-83.994378	83.996326	-0.003318
-84.052360	84.036062	0.040361
-84.000716	83.993777	-0.005412
-84.077750	84.002165	0.002680
-96.206809	111.434153	8.088571
-84.078503	83.981546	-0.018739
-84.021006	83.964709	-0.030926
-84.012313	83.991632	-0.008210
-83.980195	83.974276	-0.025119
-84.007063	83.988401	-0.010658
-84.013974	84.000307	0.000618
-84.001900	84.004714	0.004953
-83.997536	84.010324	0.011182
-104.422512	102.291238	0.066889
-83.988581	83.991895	-0.007433
-83.997215	83.997366	-0.002109
-83.999039	84.007783	0.008776
-83.999052	84.003791	0.004393
-84.004833	84.007886	0.008258
-83.959766	84.011881	0.016463
-83.994783	83.986329	-0.013404
-84.045949	84.003396	0.005536
-84.017985	83.971953	-0.022493
-83.990097	83.998204	-0.001500
-83.974343	84.015680	0.016420
-83.991725	83.919447	-0.075422
-83.978006	84.001148	0.001967
-83.978416	84.002411	0.007899
-84.015143	83.990328	-0.009495
-83.996442	83.991144	-0.008392
-98.889527	112.647447	-78.577599
-83.962041	84.057599	0.058907
-84.000391	83.991469	-0.028877
-84.026086	84.003479	0.003690
-83.996134	83.998802	0.000012
-84.025972	84.018620	0.019131
-83.913416	83.979742	-0.015079
-84.004137	83.995205	-0.004074
-83.887950	83.875490	-0.124429
-83.840957	84.071599	0.071868
-84.006907	84.012642	0.013851
-83.994754	84.001695	0.001954
-84.005325	84.009836	0.010212
-83.988251	84.001992	0.002755
-84.027569	83.983871	-0.016445
-83.999736	83.990197	-0.008864
-84.013089	84.017586	0.017784
-84.019870	84.013564	0.018706
-83.994562	83.993214	-0.002632
-84.014913	84.014789	0.014962
-84.009153	83.998982	0.000438
-83.986470	83.991193	-0.004704
-84.000705	83.998791	-0.000693
-84.008066	83.944823	-0.055627
-84.079212	83.871837	-0.128268
-83.998639	84.002856	0.004109
-83.909984	84.000708	0.006594
-84.000960	84.002663	0.003230
