-0.007500	0.004046	0.004046
0.000024	-0.000152	-0.000152
0.000310	0.000003	0.000003
0.000249	0.000083	0.000083
-0.000025	0.000086	0.000086
-0.001749	0.000174	0.000173
0.000043	0.000206	0.000205
0.000143	-0.000019	-0.000019
-0.000195	0.000407	0.000407
0.000077	-0.000185	-0.000185
0.000199	-0.000043	-0.000043
0.000215	0.000362	0.000362
-0.001318	-0.000375	-0.000375
0.003162	0.002194	0.002194
0.000140	0.000128	0.000128
0.000280	0.000143	0.000143
-0.000189	-0.000368	-0.000368
-0.000940	0.000472	0.000471
-0.000409	0.000160	0.000159
-0.001989	0.000155	0.000154
-0.000042	-0.000028	-0.000028
0.010230	0.009285	0.009285
0.000139	0.000322	0.000321
-0.000075	0.000129	0.000129
-0.000206	0.000357	0.000357
0.005872	-0.001357	-0.001357
0.000104	0.000131	0.000130
-0.000323	0.000606	0.000605
-0.003789	-0.000386	-0.000386
-0.000189	-0.000107	-0.000108
-0.000008	-0.001604	-0.001605
-0.021046	-0.007506	-0.007507
-0.000063	-0.000264	-0.000264
-0.001884	0.000090	0.000089
0.000144	-0.000308	-0.000309
-0.000673	-0.000399	-0.000399
0.000058	-0.000065	-0.000065
0.000060	0.000291	0.000291
0.000122	-0.000037	-0.000037
-0.000026	0.000009	0.000009
-0.000575	-0.000367	-0.000368
0.000056	-0.000131	-0.000131
0.000159	0.000170	0.000170
0.000657	-0.000018	-0.000019
-0.014155	-0.000893	-0.000893
0.000084	-0.000020	-0.000021
0.000545	-0.000080	-0.000080
-0.000065	-0.000038	-0.000038
-0.001656	0.001328	0.001327
0.000431	-0.000261	-0.000262
-0.000127	-0.000089	-0.000090
-0.001000	-0.001399	-0.001399
-0.002306	-0.001584	-0.001584
-0.000076	-0.000178	-0.000179
0.001358	-0.000078	-0.000078
-0.000119	0.000001	0.000000
0.002671	0.000345	0.000345
-0.000095	0.000007	0.000007
-0.000138	-0.000143	-0.000143
0.000559	0.000023	0.000022
-0.000383	-0.000202	-0.000203
-0.001320	0.001231	0.001230
-0.000032	0.000246	0.000245
0.000375	0.000078	0.000078
-0.000318	0.000045	0.000044
-0.000261	0.000132	0.000132
0.000242	0.000233	0.000233
0.000025	-0.000147	-0.000148
0.000747	-0.000265	-0.000265
-0.000068	-0.000255	-0.000256
-0.000214	-0.000252	-0.000253
-0.002061	0.000942	0.000942
0.000051	-0.000083	-0.000083
0.000373	0.000017	0.000017
0.000420	0.000135	0.000135
-0.000454	-0.000703	-0.000704
-0.000122	0.000077	0.000076
-0.000226	0.000084	0.000084
0.000085	0.000024	0.000023
0.000176	0.000026	0.000026
0.002892	-0.000216	-0.000216
-0.000242	-0.000103	-0.000103
0.000062	0.000247	0.000247
0.000142	0.000278	0.000278
-0.000181	-0.000212	-0.000212
-0.000235	0.000276	0.000276
-0.000423	0.000484	0.000484
0.000198	-0.000151	-0.000152
-0.000488	-0.000527	-0.000527
-0.000187	0.000004	0.000004
-0.003380	0.001239	0.001239
0.000377	0.000109	0.000108
-0.000019	0.000508	0.000508
0.000028	-0.000124	-0.000124
0.000610	0.000146	0.000146
-0.000199	-0.000437	-0.000438
-0.000243	-0.000164	-0.000165
0.000587	-0.000043	-0.000044
0.000025	0.000040	0.000040
0.000528	-0.000174	-0.000174
0.000913	-0.000706	-0.000706
-0.000974	-0.000393	-0.000393
-0.004311	0.001748	0.001748
-0.000044	-0.000127	-0.000128
0.001580	-0.000456	-0.000457
-0.000181	-0.000145	-0.000145
0.001382	0.000046	0.000046
0.000392	-0.000034	-0.000034
-0.000002	-0.000157	-0.000157
0.001638	0.000555	0.000554
-0.000128	-0.000285	-0.000287
0.001438	-0.000442	-0.000443
-0.000717	0.000004	0.000003
0.000342	-0.000494	-0.000494
0.000544	0.000132	0.000132
-0.000306	-0.000392	-0.000393
-0.003068	-0.004134	-0.004135
0.001360	0.001175	0.001174
-0.000786	0.000429	0.000429
-0.000055	0.000434	0.000434
-0.000983	-0.000120	-0.000120
-0.000197	0.000171	0.000171
0.000797	0.000366	0.000366
0.000010	-0.000055	-0.000056
-0.000082	-0.002002	-0.002002
0.001044	0.000656	0.000654
0.000269	0.000405	0.000405
-0.000546	0.000387	0.000386
0.020442	0.007250	0.007249
-0.008709	-0.008757	-0.008757
0.000083	0.000087	0.000087
0.000264	0.000218	0.000217
0.001005	0.003116	0.003114
0.000266	-0.000583	-0.000583
-0.000120	-0.000197	-0.000197
0.000061	0.000207	0.000207
-0.000082	-0.000012	-0.000012
0.000297	0.000267	0.000267
0.001873	0.000997	0.000997
0.000160	0.000431	0.000430
-0.000029	-0.000076	-0.000077
0.000298	0.000021	0.000021
0.000539	0.001115	0.001115
-0.000005	-0.000111	-0.000111
0.001013	-0.000017	-0.000017
-0.000017	0.000202	0.000201
0.000318	0.000043	0.000043
0.002886	0.000918	0.000918
0.004663	0.002682	0.002681
-0.008486	-0.002045	-0.002045
0.000093	0.000072	0.000072
-0.000160	-0.000080	-0.000081
0.000153	0.000193	0.000191
-0.000054	-0.000197	-0.000197
-0.000824	-0.000999	-0.001000
-0.000452	0.000026	0.000025
-0.000001	0.000013	0.000013
0.001425	-0.000168	-0.000168
0.000827	-0.000184	-0.000184
0.001063	-0.000631	-0.000631
0.001486	0.000359	0.000358
0.001617	-0.000189	-0.000189
-0.000764	0.000481	0.000481
-0.000909	-0.001441	-0.001441
-0.000060	0.000070	0.000070
-0.000251	-0.000223	-0.000223
0.000301	-0.000317	-0.000318
-0.000141	0.000298	0.000298
-0.000300	0.000336	0.000336
0.001079	-0.002683	-0.002683
0.000163	-0.000116	-0.000116
-0.003174	0.002049	0.002049
0.000161	0.000069	0.000068
0.011205	0.001623	0.001623
0.001455	-0.001187	-0.001187
0.000242	-0.000088	-0.000089
-0.000059	0.000007	0.000007
0.000184	0.000287	0.000286
0.000089	-0.000142	-0.000143
0.000276	0.000055	0.000055
0.001013	0.001286	0.001286
-0.001259	0.000853	0.000852
0.000012	0.000049	0.000049
-0.003696	-0.000912	-0.000912
-0.000306	0.000496	0.000495
-0.000387	-0.000101	-0.000101
0.000809	0.000858	0.000858
0.000026	-0.000083	-0.000083
-0.000030	0.000136	0.000136
0.000967	-0.000105	-0.000105
-0.004620	-0.002426	-0.002427
0.000249	-0.000052	-0.000052
0.007208	-0.004168	-0.004168
0.003076	0.000146	0.000146
-0.000016	0.000025	0.000025
-0.000101	-0.000057	-0.000057
0.014997	0.000971	0.000971
0.000221	0.000301	0.000301
0.000106	0.000119	0.000119
-0.000091	-0.000054	-0.000054
-0.000471	-0.001664	-0.001664
0.000152	-0.000168	-0.000168
-0.000085	0.000078	0.000077
0.000459	-0.000941	-0.000941
-84.000004	83.999856	-0.000144
-83.999810	83.999991	-0.000008
-84.000471	83.999723	-0.000277
-83.999899	83.999621	-0.000379
-83.998982	84.000312	0.000312
-84.000348	84.000414	0.000414
-83.998262	84.001251	0.001251
-84.000550	84.000315	0.000315
-83.996012	83.997706	-0.002294
-83.999477	84.000309	0.000310
-83.999396	84.000442	0.000442
-83.999281	84.000324	0.000324
-84.000477	84.000591	0.000592
-84.000606	84.000696	0.000696
-84.000188	83.999990	-0.000010
-83.999672	83.999232	-0.000768
-83.999489	84.000299	0.000299
-84.000026	83.999808	-0.000191
-83.999761	83.999967	-0.000032
-83.999432	84.000012	0.000012
-83.999783	84.000121	0.000122
-83.997780	84.001193	0.001194
-83.999817	83.999733	-0.000267
-84.000331	83.999771	-0.000229
-84.002078	84.000424	0.000425
-84.000302	83.999998	-0.000002
-84.000164	84.000465	0.000465
-83.999054	83.998966	-0.001033
-84.000514	84.000299	0.000299
-84.000736	83.999362	-0.000638
-84.000198	84.000344	0.000344
-83.999484	83.999873	-0.000127
-84.000336	83.999761	-0.000238
-83.999800	83.999915	-0.000084
-84.003029	84.002669	0.002670
-83.999930	84.000028	0.000029
-83.999483	84.000272	0.000274
-84.000481	84.000284	0.000285
-84.000854	84.000000	0.000000
-84.000528	83.999524	-0.000476
-83.999844	84.000153	0.000153
-84.000063	83.999991	-0.000009
-83.999730	83.999867	-0.000133
-84.024529	84.023730	0.023729
-84.002224	83.999578	-0.000422
-83.999938	84.000953	0.000953
-83.991866	84.010086	0.010087
-84.000275	84.000133	0.000133
-84.000984	83.999602	-0.000398
-83.997435	83.999006	-0.000996
-83.999970	84.000189	0.000189
-84.001458	83.999300	-0.000701
-83.999721	84.000395	0.000395
-83.999981	84.000133	0.000133
-83.999488	83.999955	-0.000044
-84.000029	83.999969	-0.000031
-84.000096	84.000136	0.000136
-83.999545	84.000151	0.000152
-83.999590	83.999314	-0.000686
-84.000373	84.000787	0.000787
-84.000092	83.999887	-0.000113
-83.999391	83.999843	-0.000157
-83.999895	83.999674	-0.000326
-84.000337	83.999721	-0.000279
-83.999588	84.000216	0.000215
-83.999401	83.999735	-0.000264
-84.000300	83.999922	-0.000078
-84.000123	83.999940	-0.000060
-84.000061	83.999833	-0.000167
-84.000037	84.000295	0.000296
-84.000076	84.000014	0.000015
-102.627474	102.424760	-1.086493
-83.998353	83.999170	-0.000829
-83.999969	83.999910	-0.000089
-83.999898	84.000024	0.000024
-84.000266	84.000110	0.000110
-83.999899	83.999996	-0.000004
-84.000047	83.999792	-0.000207
-84.001153	84.000024	0.000024
-84.001400	83.999986	-0.000014
-84.000455	83.999980	-0.000019
-83.999603	84.000195	0.000196
-84.001062	83.998946	-0.001053
-84.001675	83.999549	-0.000451
-84.000436	84.000222	0.000222
-83.999665	84.000673	0.000673
-84.070426	83.989769	-0.010231
-103.593594	93.638406	-53.820254
-84.000213	83.999980	-0.000020
-84.006688	84.002464	0.002462
-84.000501	83.999913	-0.000087
-84.000222	84.000072	0.000072
-84.000053	83.999997	-0.000002
-83.999900	83.999983	-0.000017
-84.001181	83.986349	-0.013675
-83.997323	83.998767	-0.001286
-83.999721	84.000605	0.000606
-84.000877	84.000730	0.000730
-84.000126	83.999880	-0.000119
-83.999840	83.999668	-0.000331
-83.999670	83.999810	-0.000190
-84.000419	83.999568	-0.000431
-83.999808	83.999445	-0.000556
-84.000699	83.998955	-0.001045
-84.000327	84.000023	0.000023
-83.999857	83.999583	-0.000415
-84.000675	83.999487	-0.000513
-83.999201	83.999883	-0.000117
-83.999910	83.999941	-0.000058
-84.000471	83.999902	-0.000098
-83.999915	83.998969	-0.001031
-84.003509	84.000523	0.000520
-84.000350	83.999798	-0.000202
-84.000545	83.999291	-0.000709
-84.000555	83.999612	-0.000388
-84.000836	83.999113	-0.000886
-84.000908	83.999559	-0.000441
-83.999715	84.000118	0.000120
-84.000955	84.000051	0.000051
-83.997834	84.000529	0.000529
-83.999818	84.000285	0.000285
-84.000195	83.999853	-0.000147
-83.999945	83.999948	-0.000051
-83.999439	84.000951	0.000952
-84.001186	83.999547	-0.000453
-83.999831	84.000240	0.000240
-84.000304	83.999901	-0.000099
-84.000174	84.000176	0.000177
-83.999806	83.999957	-0.000043
-83.999152	83.999739	-0.000261
-84.000244	84.000299	0.000299
-84.001770	84.003438	0.003436
-83.999513	84.000439	0.000439
-83.999387	84.000170	0.000170
-84.001095	83.999879	-0.000121
-83.999322	83.997496	-0.002504
-84.000096	83.999907	-0.000093
-83.999818	84.000043	0.000043
-83.999775	83.999856	-0.000143
-83.999985	84.000242	0.000242
-83.999940	83.999925	-0.000074
-83.998360	83.999679	-0.000321
-83.998651	84.000699	0.000699
-83.999672	84.000071	0.000072
-84.001035	83.999754	-0.000247
-84.000027	83.999730	-0.000270
-83.999233	83.999813	-0.000187
-83.999913	84.000125	0.000125
-84.000251	83.999731	-0.000270
-83.999561	84.000352	0.000352
-83.999007	84.000217	0.000217
-83.999955	84.000004	0.000004
-84.000194	84.000071	0.000071
-84.000056	84.000096	0.000096
-83.999632	84.000179	0.000179
-83.999534	83.999708	-0.000292
-84.000034	83.999635	-0.000364
-83.929909	84.010236	0.010038
-83.999751	83.999814	-0.000186
-84.000283	84.000057	0.000057
-83.999584	83.999793	-0.000206
-84.000077	84.000100	0.000101
-84.000068	83.999353	-0.000647
-84.000211	83.999826	-0.000174
-84.000038	83.999926	-0.000074
-84.000841	84.000015	0.000015
-84.000011	84.000118	0.000118
-83.999577	83.999648	-0.000352
-84.000010	83.999797	-0.000203
-83.999918	83.999698	-0.000302
-83.999826	84.000005	0.000005
-84.000133	84.000361	0.000361
-84.000372	84.000437	0.000437
-84.000809	84.000123	0.000123
-84.000442	83.999525	-0.000475
-84.001950	84.002390	0.002387
-84.000364	84.000017	0.000017
-84.000852	83.999623	-0.000378
-83.999331	83.996388	-0.003617
-83.999766	84.000103	0.000103
-84.000356	84.000225	0.000226
-84.000055	83.999881	-0.000119
-83.999692	84.000309	0.000309
-83.999490	83.999984	-0.000016
-84.000047	84.000163	0.000163
-83.998138	83.998171	-0.001832
-84.000150	84.000027	0.000027
-84.000387	84.000047	0.000047
-84.000060	83.999846	-0.000154
-84.000748	84.001056	0.001056
-83.998993	84.000560	0.000561
-84.000282	83.999424	-0.000575
-84.000107	84.001044	0.001044
-83.999752	84.001660	0.001659
-83.999971	83.999945	-0.000054
-84.000655	83.998916	-0.001084
-83.977242	83.976637	-0.023448
-83.999178	84.001611	0.001610
-83.999975	84.001852	0.001852
-83.999935	83.999954	-0.000046
-83.999556	83.999135	-0.000865
-84.000038	84.000135	0.000136
-84.001280	84.000867	0.000867
-83.999483	84.000414	0.000414
