0.015844	0.024053	0.023729
-0.235013	-0.128138	-0.128825
-0.001261	-0.000902	-0.002506
0.007452	0.004060	0.003321
-0.011922	0.000759	0.000036
0.039343	0.002928	0.002231
0.003871	0.005481	0.003642
0.001663	0.003812	-0.002434
45.924493	10.741861	10.712667
0.120535	-0.063050	-0.063689
0.002272	0.006662	0.006055
-0.006170	-0.010007	-0.012439
0.006518	0.009583	0.007895
0.024366	0.000485	-0.001648
-0.017457	-0.000759	-0.006700
0.003096	0.028477	0.028176
0.022762	-0.001831	-0.002216
-0.003019	0.003653	0.000613
0.006128	-0.005282	-0.005901
0.006442	-0.004267	-0.006609
-0.136499	0.017384	0.011966
0.015423	-0.028274	-0.028793
35.366783	3.523921	3.496625
-0.063255	-0.000898	-0.001599
0.003349	-0.011161	-0.011663
0.000501	0.003267	0.002701
0.007564	0.003237	0.001787
0.008815	0.016307	0.010954
0.006687	0.004050	0.003317
0.024321	-0.002771	-0.003150
-0.015539	0.018079	0.017320
-0.102887	0.095530	0.095070
0.008770	0.000353	-0.001595
-0.004040	0.009828	0.009288
0.009373	0.001053	0.000346
0.007604	0.002207	0.001373
0.018185	-0.014516	-0.015545
-0.004005	0.000363	-0.000578
-0.005610	-0.021781	-0.022147
-0.008460	-0.004196	-0.004571
0.026183	-0.024422	-0.025145
0.001950	-0.017625	-0.018745
0.007624	-0.000081	-0.000840
-0.003672	0.002435	0.001711
0.006077	-0.003442	-0.004016
-0.005316	-0.011535	-0.012514
0.005161	0.003929	0.003499
-0.063827	-0.022590	-0.027872
0.006326	0.007994	0.001839
0.005549	0.000638	0.000079
0.001863	0.003183	-0.000906
0.071702	-0.020673	-0.021277
0.006482	0.030767	0.029440
-0.000999	-0.001698	-0.002851
0.017379	0.007320	0.006473
0.032636	14.031698	14.023495
0.002504	0.003803	0.001799
0.009828	-0.029418	-0.030841
0.095663	-0.029189	-0.035899
0.048702	-0.007017	-0.007406
-0.012871	0.002097	0.001630
0.006298	0.025151	0.024593
-0.003939	0.015594	0.014800
-0.028333	0.004060	0.003661
-0.000187	-0.010392	-0.011624
0.009969	0.012721	0.012193
-0.003880	-0.038178	-0.042699
-0.038227	0.032988	0.032690
-0.124083	-0.095008	-0.097310
0.001350	0.011104	0.008832
0.128183	-0.050397	-0.057493
-0.004516	-0.016319	-0.016788
-0.001209	0.011447	0.011094
0.061356	-0.024796	-0.025088
-0.074234	0.051364	0.050383
0.059058	0.082228	0.081798
-0.007776	0.015607	0.010907
-0.004083	0.009059	0.004591
0.010950	-0.010620	-0.012951
0.016074	-0.002283	-0.002614
0.009741	-0.007590	-0.011187
-61.987232	-40.793260	-40.757997
-0.015047	-0.055335	-0.055798
0.003072	-0.002776	-0.003979
0.011393	-0.013890	-0.014261
-0.012069	0.021061	0.020574
-0.006168	-0.028286	-0.028702
0.069238	-0.021330	-0.025602
0.055582	0.030187	0.025590
0.246403	0.154588	0.153907
0.024930	0.001654	0.001347
-0.011367	0.091479	0.091025
-0.025812	-0.008220	-0.008604
0.000464	0.004987	0.000651
-0.020703	0.010731	0.008696
-0.004186	-0.001652	-0.002798
-0.032319	0.039079	0.031840
0.033671	0.021461	0.020337
0.014043	0.039543	0.039235
0.033359	-0.000205	-0.000555
0.082348	0.043375	0.043070
0.047161	-0.014178	-0.014567
0.203475	-0.230230	-0.230638
0.024696	0.004891	0.004603
0.055567	-0.079440	-0.080411
0.003474	0.001440	0.000803
-0.013345	-0.014308	-0.015112
-0.006384	0.001747	0.001176
-0.019704	-0.048031	-0.049192
0.002096	0.000685	-0.000169
0.014527	0.003709	0.003372
-0.022638	0.014209	0.012690
-40.400436	-5.346908	-5.348711
-0.004678	-0.005135	-0.005932
-0.009428	-0.009504	-0.015798
-0.004054	0.008367	0.007192
0.020754	0.003353	0.003013
0.021899	0.003846	-0.000405
0.008471	0.024384	0.024012
-0.004815	-0.011870	-0.012183
-0.000113	-0.002829	-0.003285
-0.017309	0.009370	0.008461
0.030625	-0.108969	-0.109428
-0.007155	0.014840	0.014521
0.013483	-0.013231	-0.013813
0.012197	0.015593	0.015225
0.004845	0.001563	0.000904
-0.039039	0.019025	0.018392
0.047347	-0.060341	-0.065194
0.016947	-0.010747	-0.011764
-0.009220	0.008090	0.006764
-0.007477	0.034825	0.033647
-0.008434	0.011149	0.007242
-0.082629	-0.018380	-0.018696
-0.000956	-0.002994	-0.003560
0.012771	0.044593	0.044168
0.003152	-0.001363	-0.004707
-0.117727	0.004096	0.003436
0.114878	0.123293	0.121072
-0.010596	0.003749	0.001261
0.003684	0.015343	0.011571
0.102674	0.003490	-0.001495
0.013673	-0.003001	-0.003423
0.017474	0.040819	0.040403
0.019183	0.005176	0.004725
0.043873	0.022817	0.022499
-0.008763	0.017019	0.016589
0.034742	-0.013363	-0.013687
0.003778	-0.000701	-0.004210
0.006800	0.002961	0.002555
0.027022	0.002152	0.001090
0.003575	-0.008429	-0.011199
50.824636	10.438370	10.439025
-0.020051	0.026578	0.019310
-0.015003	0.032331	0.031783
0.012634	0.014705	0.009225
-0.003260	-0.000293	-0.001181
-35.415781	-5.594724	-5.589199
0.002458	-0.002122	-0.004350
-0.018225	0.000147	-0.007097
0.005268	-0.006083	-0.007026
227.794661	246.403846	246.362513
-0.061719	0.082926	0.081964
0.007665	0.005785	0.004160
-0.013892	0.026056	0.025696
-0.005756	-0.013333	-0.016896
-0.006953	-0.008053	-0.009906
0.023786	-0.006779	-0.010726
0.003114	-0.014391	-0.014864
-0.009172	0.009088	0.008586
-0.045930	0.048761	0.048295
-0.016905	0.013748	0.007135
0.069114	-0.081971	-0.082276
0.021310	0.030532	0.030102
0.068300	-0.033654	-0.034616
-0.005194	-0.002142	-0.003861
-0.004146	-0.012307	-0.013123
0.006046	-0.041588	-0.042134
0.002852	0.004275	0.001643
3.748421	-1373.658392	-1373.032405
0.005969	0.003819	0.002333
0.003637	0.006174	0.005565
0.022184	-0.007065	-0.007578
0.004964	0.001694	-0.003513
-0.021670	-0.010877	-0.012312
0.050375	-0.041628	-0.042058
0.028522	0.015381	0.015050
0.005328	0.007547	0.004695
0.000694	0.002806	0.002121
0.011497	0.003294	0.000719
0.161151	-0.070810	-0.071260
0.009607	0.001719	0.001289
-0.004171	0.012182	0.011787
-0.005184	-0.004494	-0.011477
-0.020816	0.003569	0.003090
-0.009641	0.021609	0.016206
0.053666	-0.001599	-0.001894
-0.002434	-0.011939	-0.013636
-0.019306	0.021726	0.014982
20.078074	23.041286	23.044113
-0.000750	-0.004848	-0.005262
-0.180444	0.247757	0.247347
-0.052341	-0.004102	-0.004840
-0.045565	0.009515	0.008311
-83.950889	84.031505	0.037240
-83.994462	83.959399	-0.040290
-84.015014	84.017480	0.017823
-84.014113	84.000132	0.001791
-84.041488	83.960453	-0.038938
-83.988209	84.005159	0.005625
-84.002707	83.997719	-0.001637
-84.014474	84.011357	0.012044
-83.999106	83.981427	-0.014611
-101.933321	102.383105	1.431925
-84.012888	84.000169	0.000567
-83.980835	83.994328	-0.006150
-84.032386	84.043493	0.045651
-84.004647	84.002871	0.003153
-83.966650	84.034938	0.035592
-84.028892	83.988185	-0.008285
-83.985818	83.994541	-0.004953
-83.994713	83.992894	-0.006239
-83.949285	84.007791	0.008020
-84.028720	83.964290	-0.035273
-84.026985	84.022214	0.022673
-84.012053	83.981854	-0.013170
-84.061050	83.925579	-0.073991
-84.005441	83.990002	-0.009283
-83.999447	83.996309	-0.001769
-84.040064	83.982135	-0.017070
-83.999071	83.998478	-0.000277
-84.021936	84.017158	0.019272
-84.009525	83.989605	-0.010060
-83.982253	84.014250	0.014756
-84.018491	84.004244	0.005521
-83.998481	83.992223	-0.007081
-84.059754	83.960916	-0.037215
-83.982373	84.016534	0.018401
-84.012300	83.982062	-0.016654
-84.018906	84.004462	0.004811
-84.006326	83.992391	-0.005048
-84.006567	83.989501	-0.006550
-83.972095	83.990049	-0.009489
-84.028827	83.999550	0.000236
-83.979769	83.988105	-0.011458
-83.930214	83.930946	-0.068693
-68.192150	138.106223	0.536100
-84.000052	84.014203	0.019415
-84.049630	84.004736	0.006131
-84.033935	84.008193	0.004467
-84.010414	83.985550	-0.009771
-84.009212	83.996657	-0.002854
-84.024968	84.013634	0.013905
-83.949153	84.001000	-0.001060
-84.016226	83.985810	-0.014151
-83.994328	84.004440	0.004974
-84.004564	83.987324	-0.009333
-84.003987	83.962931	-0.036681
-83.989215	83.990057	-0.008623
-83.990461	83.964018	-0.060733
-83.999369	83.994493	-0.004545
-83.984484	84.026455	0.026987
-83.988365	83.999949	0.002241
-84.017597	84.002775	0.003113
-84.022622	84.003324	0.003705
-84.115885	84.035522	0.035949
-84.006359	84.000361	0.001002
-83.977823	84.025898	0.031825
-83.991208	83.977256	-0.020587
-84.146316	84.084403	0.084639
-83.974382	84.015860	0.017213
-83.992748	83.986671	-0.012931
-84.005579	83.998540	0.001369
-83.992791	83.989327	-0.009252
-83.916901	84.135262	0.135259
-84.057396	83.990836	-0.009028
-84.007820	84.005849	0.009419
-84.014700	84.009253	0.010132
-84.019111	84.001524	0.001852
-83.982493	83.991612	-0.008540
-84.031775	83.992314	-0.003624
-83.970935	83.994677	-0.004766
-83.994629	83.991865	-0.007696
-83.992215	83.998023	-0.000847
-83.985873	84.014919	0.015720
-84.003234	84.010372	0.011164
-83.983141	83.989868	-0.007485
-83.992059	83.990427	-0.009346
-83.999102	84.001054	0.003744
-84.025252	84.011089	0.013685
-84.000200	83.998959	-0.000232
-84.018784	84.012125	0.012590
-84.098553	84.226882	0.222937
-84.040967	84.048949	0.049229
-83.995448	83.999121	-0.000607
-83.990985	83.974361	-0.024878
-83.988718	84.008809	0.009206
-84.014818	83.998719	0.004216
-83.977033	83.993078	-0.006653
-83.991480	83.985768	-0.010268
-84.053646	84.006934	0.012220
-83.982549	84.010915	0.015812
-84.028135	83.968810	-0.031012
-84.020448	84.010929	0.008436
-84.001587	83.998025	-0.001610
-83.967023	84.016214	0.015930
-84.017174	83.994942	-0.002280
-84.009371	83.989961	-0.007136
-84.025794	83.993754	-0.005801
-83.998067	84.002499	0.003597
-84.057450	84.046507	0.045443
-84.003289	83.995261	-0.003369
-84.011138	83.995492	-0.004171
-84.006081	83.982019	-0.017707
-84.030093	84.042352	0.042660
-83.988410	84.003366	0.003747
-84.002174	84.002408	0.002828
-84.015906	83.998939	-0.000591
-84.007072	83.999538	-0.000077
-83.985722	84.002894	0.004460
-84.002415	83.984262	-0.014524
-83.992990	83.985102	-0.014616
-84.024676	84.011095	0.011368
-84.002488	84.006978	0.007488
-83.989105	83.998159	-0.001224
-84.071356	83.993257	-0.006419
-106.953609	89.775281	-59.005076
-84.066512	84.024096	0.024519
-84.023165	84.006021	0.005850
-83.998694	83.997864	-0.001107
-83.999197	84.003990	0.005196
-83.980287	84.000605	0.001342
-84.004326	83.980619	-0.018908
-83.997086	83.999970	0.000496
-84.018241	84.010610	0.012838
-84.148647	84.035586	0.035972
-84.008253	83.994277	-0.004440
-83.988916	84.020376	0.021108
-83.954067	84.016052	0.016708
-83.989493	83.966495	-0.031770
-83.941862	83.945933	-0.053724
-84.002293	84.004305	0.006008
-83.978260	84.016337	0.017035
-83.823970	83.809895	-0.192679
-113.073012	98.572694	-7.959443
-102.660558	102.540628	0.972830
-84.009862	84.000177	0.001169
-84.032627	83.990537	-0.004191
-83.972268	84.064976	0.065414
-84.000450	83.997522	-0.000759
-83.994083	83.996105	-0.003497
-84.055033	84.037887	0.042588
-84.000736	83.993402	-0.005694
-84.081987	84.002238	0.002839
-96.206129	111.433637	8.089199
-84.082763	83.980493	-0.019825
-84.021999	83.962707	-0.032533
-84.012977	83.991175	-0.008656
-83.979118	83.972877	-0.026452
-84.007453	83.987721	-0.011209
-84.014734	84.000303	0.000655
-84.002021	84.004948	0.005215
-83.997446	84.010825	0.011828
-104.421390	102.291128	0.067944
-83.988008	83.991421	-0.007808
-83.997086	83.997189	-0.002216
-83.999005	84.008126	0.009257
-83.999037	84.003952	0.004647
-84.005080	84.008279	0.008694
-83.957550	84.012377	0.017326
-83.994510	83.985585	-0.014117
-84.048408	84.003471	0.005906
-84.018863	83.970362	-0.023681
-83.989576	83.998085	-0.001583
-83.972964	84.016468	0.017302
-83.991135	83.914962	-0.079516
-83.976880	84.001156	0.002106
-83.977109	84.002446	0.008346
-84.015967	83.989805	-0.010010
-83.996239	83.990650	-0.008834
-98.889456	112.647368	-78.577102
-83.959496	84.060619	0.062244
-84.001845	83.991471	-0.029411
-84.027484	84.003646	0.003881
-83.995956	83.998664	0.000081
-84.027376	84.019578	0.020168
-83.908553	83.978464	-0.015904
-84.004349	83.994904	-0.004288
-83.880921	83.867918	-0.131985
-83.831809	84.075728	0.076049
-84.007262	84.013238	0.014599
-83.994492	84.001765	0.002046
-84.005630	84.010331	0.010758
-83.987670	84.002058	0.002946
-84.028905	83.983143	-0.016931
-83.999710	83.989620	-0.009327
-84.013801	84.018498	0.018717
-84.020410	84.013880	0.019500
-83.994138	83.992775	-0.002736
-84.015718	84.015572	0.015762
-84.009640	83.998837	0.000486
-83.985671	83.990610	-0.004919
-84.000747	83.998689	-0.000731
-84.008547	83.941858	-0.058730
-84.084122	83.863864	-0.136283
-83.998604	84.002932	0.004382
-83.904979	84.000676	0.006956
-84.001047	84.002769	0.003425
