0.016108	0.024462	0.024126
-0.240402	-0.131171	-0.131893
-0.001272	-0.000883	-0.002556
0.007567	0.004141	0.003376
-0.012132	0.000780	0.000033
0.040031	0.002994	0.002263
0.003975	0.005622	0.003729
0.001639	0.003915	-0.002500
45.924292	10.741839	10.712470
0.122796	-0.064158	-0.064830
0.002304	0.006781	0.006153
-0.006279	-0.010132	-0.012658
0.006646	0.009780	0.008011
0.024771	0.000533	-0.001685
-0.017810	-0.000743	-0.006821
0.003144	0.028963	0.028649
0.023150	-0.001854	-0.002257
-0.003081	0.003800	0.000641
0.006223	-0.005362	-0.006002
0.006608	-0.004293	-0.006736
-0.137232	0.017459	0.011874
0.015695	-0.028743	-0.029287
35.365971	3.523837	3.496366
-0.064299	-0.000905	-0.001641
0.003410	-0.011342	-0.011864
0.000511	0.003333	0.002745
0.007741	0.003357	0.001859
0.008942	0.016632	0.011127
0.006812	0.004135	0.003372
0.024735	-0.002807	-0.003203
-0.015786	0.018400	0.017603
-0.104868	0.097322	0.096839
0.008935	0.000401	-0.001632
-0.004095	0.010001	0.009435
0.009531	0.001090	0.000351
0.007749	0.002262	0.001387
0.018517	-0.014749	-0.015830
-0.004052	0.000389	-0.000599
-0.005705	-0.022140	-0.022519
-0.008625	-0.004259	-0.004651
0.026642	-0.024823	-0.025582
0.002022	-0.017905	-0.019081
0.007763	-0.000064	-0.000858
-0.003734	0.002491	0.001735
0.006173	-0.003489	-0.004084
-0.005389	-0.011718	-0.012748
0.005248	0.004003	0.003556
-0.064989	-0.022934	-0.028370
0.006359	0.008183	0.001873
0.005636	0.000658	0.000079
0.001852	0.003292	-0.000938
0.072918	-0.021015	-0.021650
0.006592	0.031280	0.029913
-0.000990	-0.001705	-0.002912
0.017674	0.007461	0.006580
0.032557	14.031835	14.023579
0.002538	0.003902	0.001824
0.010008	-0.029907	-0.031402
0.096933	-0.030794	-0.037670
0.050004	-0.007092	-0.007500
-0.013072	0.002156	0.001668
0.006397	0.025580	0.025003
-0.004017	0.015862	0.015042
-0.028847	0.004125	0.003709
-0.000179	-0.010539	-0.011825
0.010147	0.012947	0.012394
-0.004052	-0.038641	-0.043319
-0.038891	0.033560	0.033251
-0.126510	-0.096887	-0.099261
0.001366	0.011330	0.008971
0.126239	-0.050870	-0.058135
-0.004599	-0.016586	-0.017071
-0.001231	0.011646	0.011280
0.062408	-0.025220	-0.025524
-0.075541	0.052283	0.051264
0.058780	0.082174	0.081724
-0.007951	0.015909	0.011079
-0.004182	0.009206	0.004585
0.011112	-0.010770	-0.013177
0.016342	-0.002315	-0.002658
0.009865	-0.007647	-0.011388
-61.986984	-40.793316	-40.758177
-0.015302	-0.056330	-0.056809
0.003139	-0.002796	-0.004054
0.011567	-0.014110	-0.014498
-0.012278	0.021420	0.020917
-0.006267	-0.028743	-0.029178
0.070208	-0.021585	-0.026012
0.056011	0.030786	0.026031
0.252014	0.158084	0.157369
0.025345	0.001690	0.001370
-0.011567	0.093093	0.092624
-0.026247	-0.008350	-0.008749
0.000428	0.005105	0.000653
-0.021051	0.010937	0.008844
-0.004254	-0.001655	-0.002847
-0.032948	0.039717	0.032313
0.034276	0.021846	0.020666
0.014281	0.040222	0.039900
0.033907	-0.000201	-0.000566
0.083757	0.044157	0.043839
0.047954	-0.014400	-0.014806
0.208627	-0.236255	-0.236681
0.025107	0.004979	0.004679
0.056562	-0.080886	-0.081888
0.003389	0.001451	0.000787
-0.013581	-0.014535	-0.015367
-0.006479	0.001789	0.001192
-0.020008	-0.048845	-0.050065
0.002141	0.000718	-0.000172
0.014769	0.003782	0.003431
-0.023011	0.014452	0.012857
-40.400120	-5.347318	-5.349140
-0.004780	-0.005187	-0.006020
-0.009571	-0.009655	-0.016121
-0.004114	0.008534	0.007308
0.021101	0.003415	0.003063
0.022230	0.003954	-0.000424
0.008595	0.024796	0.024408
-0.004899	-0.012066	-0.012392
-0.000118	-0.002867	-0.003340
-0.017613	0.009532	0.008594
0.031175	-0.110902	-0.111384
-0.007275	0.015093	0.014761
0.013724	-0.013440	-0.014050
0.012398	0.015861	0.015479
0.004918	0.001599	0.000917
-0.039704	0.019352	0.018697
0.046507	-0.060477	-0.065492
0.017260	-0.010913	-0.011981
-0.009367	0.008255	0.006872
-0.007565	0.035431	0.034193
-0.008618	0.011360	0.007355
-0.084073	-0.018682	-0.019012
-0.000959	-0.003027	-0.003621
0.012969	0.045369	0.044929
0.003184	-0.001340	-0.004798
-0.119910	0.004236	0.003543
0.117100	0.125695	0.123403
-0.010799	0.003839	0.001282
0.003707	0.015632	0.011757
0.104424	0.003599	-0.001535
0.013910	-0.003041	-0.003483
0.017763	0.041510	0.041079
0.019507	0.005270	0.004800
0.044608	0.023206	0.022876
-0.008918	0.017335	0.016886
0.035324	-0.013581	-0.013918
0.003589	-0.000655	-0.004297
0.006912	0.003019	0.002597
0.027485	0.002213	0.001105
0.003617	-0.008524	-0.011417
50.824629	10.438079	10.438711
-0.020646	0.026687	0.019253
-0.015241	0.032893	0.032320
0.012794	0.014997	0.009371
-0.003307	-0.000275	-0.001204
-35.415067	-5.593215	-5.587857
0.002512	-0.002126	-0.004454
-0.018588	0.000187	-0.007232
0.005360	-0.006164	-0.007145
227.795215	246.403494	246.362084
-0.062857	0.084438	0.083444
0.007789	0.005912	0.004226
-0.014127	0.026500	0.026126
-0.005874	-0.013495	-0.017201
-0.007068	-0.008166	-0.010110
0.024055	-0.006819	-0.010913
0.003178	-0.014617	-0.015110
-0.009322	0.009248	0.008726
-0.046709	0.049682	0.049193
-0.017213	0.014006	0.007221
0.070307	-0.083385	-0.083704
0.021575	0.030986	0.030535
0.069509	-0.034235	-0.035235
-0.005917	-0.001786	-0.003593
-0.004198	-0.012504	-0.013361
0.006164	-0.042286	-0.042856
0.002880	0.004382	0.001663
3.748421	-1373.658389	-1373.032402
0.006064	0.003909	0.002371
0.003711	0.006291	0.005653
0.022567	-0.007172	-0.007709
0.004998	0.001758	-0.003609
-0.022025	-0.011070	-0.012549
0.051229	-0.042340	-0.042786
0.028992	0.015645	0.015300
0.005401	0.007715	0.004763
0.000704	0.002867	0.002155
0.011709	0.003418	0.000737
0.164160	-0.072184	-0.072655
0.009777	0.001755	0.001306
-0.004252	0.012382	0.011970
-0.005338	-0.004522	-0.011678
-0.021007	0.003758	0.003256
-0.009858	0.022000	0.016469
0.054567	-0.001622	-0.001930
-0.002455	-0.012097	-0.013876
-0.019698	0.022121	0.015221
20.078136	23.041496	23.044299
-0.000756	-0.004918	-0.005351
-0.185212	0.254114	0.253686
-0.053217	-0.004155	-0.004928
-0.046289	0.009700	0.008436
-83.950005	84.032050	0.037917
-83.994363	83.958689	-0.040987
-84.015274	84.017767	0.018124
-84.014332	84.000115	0.001827
-84.042204	83.959770	-0.039593
-83.988008	84.005237	0.005719
-84.002747	83.997670	-0.001664
-84.014712	84.011540	0.012250
-83.999049	83.981092	-0.014845
-101.933418	102.382780	1.432175
-84.013111	84.000164	0.000580
-83.980529	83.994238	-0.006300
-84.032093	84.043448	0.045760
-84.004726	84.002912	0.003204
-83.966073	84.035519	0.036206
-84.029347	83.987952	-0.008411
-83.985590	83.994440	-0.005030
-83.994615	83.992764	-0.006341
-83.948420	84.007919	0.008152
-84.029210	83.963686	-0.035856
-84.027454	84.022573	0.023054
-84.012204	83.981497	-0.013385
-84.062090	83.924275	-0.075274
-84.005530	83.989820	-0.009438
-83.999421	83.996223	-0.001793
-84.040743	83.981815	-0.017359
-83.999049	83.998431	-0.000279
-84.022300	84.017413	0.019609
-84.009682	83.989424	-0.010229
-83.981962	84.014480	0.015008
-84.018812	84.004292	0.005635
-83.998464	83.992078	-0.007195
-84.060693	83.960189	-0.037831
-83.982055	84.016797	0.018720
-84.012503	83.981736	-0.016931
-84.019230	84.004530	0.004895
-84.006414	83.992230	-0.005123
-84.006646	83.989277	-0.006644
-83.971635	83.989868	-0.009647
-84.029324	83.999532	0.000252
-83.979426	83.987898	-0.011649
-83.928969	83.929739	-0.069888
-68.192158	138.105942	0.536428
-84.000000	84.014426	0.019770
-84.050398	84.004825	0.006318
-84.034732	84.008277	0.004502
-84.010548	83.985274	-0.009921
-84.009375	83.996592	-0.002897
-84.025395	84.013858	0.014137
-83.948407	84.001026	-0.001085
-84.016508	83.985571	-0.014397
-83.994244	84.004504	0.005064
-84.004622	83.987078	-0.009469
-84.004054	83.962300	-0.037298
-83.989025	83.989869	-0.008765
-83.990136	83.963665	-0.060937
-83.999371	83.994382	-0.004609
-83.984235	84.026890	0.027449
-83.988145	83.999929	0.002286
-84.017899	84.002815	0.003168
-84.023009	84.003373	0.003772
-84.118042	84.036080	0.036527
-84.006476	84.000354	0.001025
-83.977404	84.026321	0.032365
-83.991050	83.976837	-0.020923
-84.149159	84.086157	0.086401
-83.973961	84.016101	0.017525
-83.992633	83.986440	-0.013147
-84.005657	83.998490	0.001422
-83.992653	83.989133	-0.009402
-83.915241	84.137957	0.137941
-84.058386	83.990675	-0.009189
-84.007933	84.005929	0.009607
-84.014961	84.009393	0.010314
-84.019430	84.001542	0.001882
-83.982210	83.991465	-0.008698
-84.032274	83.992148	-0.003668
-83.970458	83.994578	-0.004838
-83.994540	83.991719	-0.007826
-83.992098	83.997968	-0.000847
-83.985650	84.015157	0.015998
-84.003301	84.010531	0.011362
-83.982850	83.989662	-0.007587
-83.991926	83.990260	-0.009508
-83.999074	84.001033	0.003821
-84.025665	84.011248	0.013948
-84.000216	83.998926	-0.000226
-84.019109	84.012320	0.012807
-84.100909	84.232239	0.228360
-84.041672	84.049787	0.050080
-83.995375	83.999100	-0.000620
-83.990846	83.973916	-0.025284
-83.988525	84.008952	0.009364
-84.015023	83.998668	0.004297
-83.976653	83.992957	-0.006767
-83.991301	83.985496	-0.010427
-84.054540	84.007010	0.012439
-83.982208	84.011066	0.016095
-84.028614	83.968277	-0.031540
-84.020841	84.011013	0.008502
-84.001612	83.997983	-0.001637
-83.966452	84.016479	0.016186
-84.017435	83.994847	-0.002274
-84.009520	83.989751	-0.007235
-84.026236	83.993641	-0.005893
-83.998047	84.002522	0.003675
-84.058494	84.047365	0.046228
-84.003355	83.995156	-0.003410
-84.011331	83.995409	-0.004240
-84.006184	83.981712	-0.018004
-84.030655	84.043093	0.043413
-83.988221	84.003414	0.003808
-84.002212	84.002438	0.002874
-84.016182	83.998913	-0.000596
-84.007198	83.999523	-0.000076
-83.985477	84.002916	0.004541
-84.002441	83.983984	-0.014763
-83.992878	83.984845	-0.014865
-84.025095	84.011275	0.011559
-84.002543	84.007086	0.007621
-83.988934	83.998118	-0.001235
-84.072561	83.993143	-0.006521
-106.953728	89.775066	-59.004923
-84.067642	84.024492	0.024935
-84.023569	84.006114	0.005933
-83.998680	83.997807	-0.001119
-83.999195	84.004035	0.005301
-83.979968	84.000600	0.001371
-84.004408	83.980283	-0.019224
-83.997047	83.999959	0.000509
-84.018492	84.010772	0.013108
-84.151188	84.036189	0.036595
-84.008377	83.994164	-0.004511
-83.988743	84.020709	0.021478
-83.953296	84.016311	0.016998
-83.989298	83.965912	-0.032301
-83.940913	83.944957	-0.054680
-84.002334	84.004348	0.006136
-83.977908	84.016600	0.017334
-83.820203	83.805511	-0.197011
-113.072826	98.572581	-7.959302
-102.660417	102.540703	0.973260
-84.010024	84.000160	0.001190
-84.033128	83.990352	-0.004248
-83.971804	84.066067	0.066528
-84.000466	83.997450	-0.000753
-83.993984	83.996031	-0.003557
-84.055921	84.038498	0.043331
-84.000741	83.993276	-0.005788
-84.083404	84.002261	0.002892
-96.205898	111.433464	8.089408
-84.084186	83.980139	-0.020188
-84.022327	83.962040	-0.033070
-84.013198	83.991022	-0.008805
-83.978758	83.972410	-0.026896
-84.007582	83.987493	-0.011392
-84.014988	84.000301	0.000667
-84.002061	84.005025	0.005302
-83.997416	84.010991	0.012045
-104.421030	102.291082	0.068282
-83.987817	83.991261	-0.007933
-83.997043	83.997129	-0.002251
-83.998994	84.008239	0.009418
-83.999032	84.004005	0.004733
-84.005163	84.008409	0.008839
-83.956810	84.012544	0.017612
-83.994418	83.985336	-0.014355
-84.049225	84.003494	0.006031
-84.019155	83.969834	-0.024078
-83.989402	83.998045	-0.001611
-83.972502	84.016730	0.017597
-83.990935	83.913464	-0.080887
-83.976505	84.001157	0.002154
-83.976670	84.002460	0.008493
-84.016242	83.989630	-0.010183
-83.996170	83.990485	-0.008982
-98.889432	112.647341	-78.576943
-83.958639	84.061625	0.063361
-84.002317	83.991443	-0.029576
-84.027951	84.003701	0.003944
-83.995895	83.998615	0.000106
-84.027844	84.019897	0.020514
-83.906924	83.978038	-0.016182
-84.004419	83.994803	-0.004359
-83.878532	83.865353	-0.134544
-83.828731	84.077118	0.077458
-84.007378	84.013436	0.014849
-83.994405	84.001788	0.002076
-84.005732	84.010495	0.010941
-83.987477	84.002078	0.003012
-84.029345	83.982895	-0.017090
-83.999701	83.989427	-0.009482
-84.014039	84.018802	0.019029
-84.020585	84.013986	0.019762
-83.993993	83.992630	-0.002770
-84.015987	84.015833	0.016029
-84.009800	83.998787	0.000503
-83.985402	83.990417	-0.004990
-84.000761	83.998654	-0.000743
-84.008709	83.940870	-0.059767
-84.085787	83.861158	-0.139005
-83.998592	84.002955	0.004475
-83.903305	84.000669	0.007076
-84.001077	84.002803	0.003491
