-262468.335364	180154.425164	180154.425154
34756.046254	88527.757649	88527.757631
-342017.172833	-109855.618372	-109855.618381
-97326.323633	-195093.440556	-195093.440569
-185229.375542	106741.734632	106741.734621
532289.092400	261703.682417	261703.682362
-23063.389586	-592122.933360	-592122.933371
-454774.784970	-140109.234825	-140109.234832
-159016.692288	561439.998318	561439.998309
-204172.703066	313548.850510	313548.850500
-349450.537265	148421.366938	148421.366930
251451.274465	-20014.126508	-20014.126537
-145534.044235	46477.974606	46477.974594
-584815.765985	-163668.173815	-163668.173821
43670.361047	-113319.160827	-113319.160845
-80825.519268	-253171.245305	-253171.245319
-586001.159918	28742.565279	28742.565273
597271.380810	160083.023925	160083.023845
445930.705788	-424356.481603	-424356.481642
164500.042737	589989.608519	589989.608504
130779.102643	235447.232728	235447.232708
-175002.058516	36501.215615	36501.215604
72346.898850	-77706.547139	-77706.547158
-83972.888010	-478423.280668	-478423.280680
-1207.370646	519477.468816	519477.468804
-189229.088050	-589143.852429	-589143.852438
-170599.248783	-35580.999416	-35580.999428
566087.157003	-55987.104262	-55987.104343
-27265.663073	581558.028115	581558.028104
412576.564337	444752.774972	444752.774942
251374.143149	554940.727971	554940.727952
574836.237216	180957.364091	180957.364020
-550796.682040	52001.478296	52001.478290
490745.364938	-355810.766210	-355810.766259
538840.278351	-258098.244945	-258098.245011
-411733.495288	259560.413732	259560.413724
25898.412063	231042.544361	231042.544346
-385572.536600	71854.720391	71854.720383
413589.969878	297854.916838	297854.916801
243159.145427	385839.957574	385839.957551
81249.329800	611384.510614	611384.510601
16321.883394	400605.804720	400605.804706
-410344.020409	-239054.786560	-239054.786568
-122352.280422	-138424.171557	-138424.171570
-526627.447740	-311657.462348	-311657.462354
329181.996532	265022.089481	265022.089451
-16008.312491	-264646.489292	-264646.489307
130464.860409	5633.037594	5633.037572
280886.584456	513495.824271	513495.824250
470197.140597	-244707.506155	-244707.506207
583786.714672	67665.295301	67665.295218
301921.410949	138502.264695	138502.264663
275509.168120	531970.526865	531970.526845
483320.585069	308551.850293	308551.850248
-615486.036014	25409.252965	25409.252959
-289206.361311	-104807.915631	-104807.915641
-510383.091233	344387.833543	344387.833536
-32563.967764	-192518.294788	-192518.294803
-409231.638727	392624.404587	392624.404581
379564.520944	-260420.574818	-260420.574857
-130015.756726	585777.813922	585777.813913
549526.545514	-271588.185207	-271588.185274
209166.100380	-573350.364577	-573350.364594
-308485.161363	493783.597534	493783.597527
137759.046721	-434535.107997	-434535.108015
-186628.559174	525502.420474	525502.420465
-48753.796141	534897.425582	534897.425571
394194.420592	357310.138401	357310.138368
-200069.913982	-474944.160823	-474944.160832
-187874.393643	138239.746744	138239.746733
502545.601880	356153.075935	356153.075890
-213278.444924	-578176.255720	-578176.255728
395379.010979	-156481.243627	-156481.243670
94099.040820	-225254.028219	-225254.028238
289285.146258	-442115.312814	-442115.312839
-476557.922388	363612.621232	363612.621225
260944.187690	-205783.658774	-205783.658803
89182.280528	-488891.843613	-488891.843629
283566.226471	-368308.000368	-368308.000395
-343606.376130	-21156.917408	-21156.917416
-226246.644059	-573974.245433	-573974.245441
-55751.256641	-406409.073469	-406409.073481
-188962.664169	451161.425975	451161.425965
-69875.691717	24968.739194	24968.739180
-12626.325897	-565864.451500	-565864.451512
132455.671776	-239389.039586	-239389.039607
3220.155224	-617940.928088	-617940.928100
-335430.230403	179435.049928	179435.049919
-68176.021559	594890.186610	594890.186600
131197.340470	122228.940769	122228.940749
-164513.482889	-596235.480412	-596235.480421
425084.826331	-267798.628968	-267798.629012
-581122.613131	4039.404965	4039.404959
128714.192615	-184530.878974	-184530.878995
-385962.096622	-483573.434060	-483573.434067
82525.374466	-56153.167062	-56153.167081
535408.200376	-120596.996332	-120596.996403
-416657.204095	95576.133201	95576.133193
136719.003881	-356928.554665	-356928.554684
-370237.972332	495760.420109	495760.420102
-91973.216667	598209.114545	598209.114535
-494079.528791	349307.925023	349307.925017
-179960.757646	-591998.031492	-591998.031501
492528.509995	-275907.950481	-275907.950536
516971.742119	202237.768457	202237.768400
-403655.662587	322421.271685	322421.271677
-529213.661997	306334.966379	306334.966373
-604552.045868	-55779.495507	-55779.495513
-558638.751929	-93799.670735	-93799.670742
471723.457151	-358665.028336	-358665.028382
576486.651280	19926.495870	19926.495788
513124.440222	265930.622088	265930.622036
537400.024144	196716.702146	196716.702085
-463680.798814	396359.642985	396359.642978
204097.850054	481345.300460	481345.300441
266238.804284	947.032743	947.032713
549486.688322	-208190.445686	-208190.445757
138893.635568	588408.425252	588408.425238
-178078.959191	-485231.637743	-485231.637753
-437147.975897	-421014.972212	-421014.972219
328917.710257	522085.196084	522085.196061
-137779.713052	488360.395330	488360.395320
-453249.247565	246445.343076	246445.343069
315734.671426	-165793.841692	-165793.841726
144961.947917	600835.588758	600835.588744
530311.970144	-229403.106856	-229403.106921
-60317.927630	-615802.391348	-615802.391358
10884.085405	-275708.094477	-275708.094493
570025.879410	179257.340386	179257.340316
-171106.161827	40160.467572	40160.467560
205852.383095	-211701.272048	-211701.272073
-361933.724223	-411664.293503	-411664.293511
573806.030692	-217586.993267	-217586.993345
-589195.294977	-126301.093996	-126301.094002
-338499.084643	-387090.871691	-387090.871699
249428.381649	-505102.619759	-505102.619780
-177110.684871	275454.223282	275454.223271
-340624.341267	-493459.196825	-493459.196832
263607.791238	522725.313552	522725.313533
-224274.759169	498137.855050	498137.855041
151396.988857	298436.823395	298436.823376
92196.192880	-438078.663647	-438078.663664
-443951.097047	230621.510521	230621.510514
377106.872323	-425399.300729	-425399.300761
-489781.615536	272753.655029	272753.655022
332772.267278	-440905.294461	-440905.294489
-249049.866483	63108.126707	63108.126696
-264685.581672	534358.905642	534358.905634
542879.494091	-213686.891973	-213686.892043
-182552.152861	586984.347000	586984.346992
-390468.380350	-295676.273864	-295676.273871
571888.465879	-8884.979053	-8884.979135
534657.534834	131757.285025	131757.284960
-321287.516952	231313.870355	231313.870347
582088.897791	-187272.025106	-187272.025189
11105.052652	554479.562924	554479.562912
-296185.770528	-480944.276563	-480944.276571
248267.129356	538857.805088	538857.805069
-460132.240639	-405558.411758	-405558.411765
-240367.710600	-560761.638101	-560761.638109
472041.964849	-297926.833379	-297926.833429
-600721.338591	-147250.019509	-147250.019514
-413365.190819	228136.569041	228136.569033
-163778.677613	596243.728182	596243.728173
95608.642499	507075.092939	507075.092925
-44810.671595	46673.702371	46673.702356
558288.322951	-36847.635784	-36847.635862
331522.047096	-516289.916520	-516289.916545
243136.337700	479881.336321	479881.336301
-248242.704655	541857.188856	541857.188848
-378576.378696	439505.934624	439505.934617
-239888.619103	534717.384822	534717.384814
-204590.502950	-218871.592727	-218871.592738
-190273.168684	585491.071291	585491.071282
-271699.192487	555823.930112	555823.930104
487514.860866	-134792.636641	-134792.636701
366437.289855	67548.812818	67548.812779
55725.460627	-510037.552295	-510037.552309
82372.224854	148722.120463	148722.120445
-95327.240496	-422121.636166	-422121.636177
293666.319905	127474.390329	127474.390298
494398.118178	-301872.760875	-301872.760928
-291889.975039	-297842.603554	-297842.603563
-573651.588909	-158849.146449	-158849.146455
403533.491468	-449479.521898	-449479.521932
-86719.348082	-136346.424247	-136346.424261
35742.032024	604185.081587	604185.081575
231376.780859	-130554.632628	-130554.632655
28292.804889	363629.950581	363629.950566
-270979.200296	-548122.124652	-548122.124659
581057.503492	-211080.355202	-211080.355283
-415808.911737	-202076.463662	-202076.463669
-269107.841726	183852.446641	183852.446631
-40854.540827	580898.250534	580898.250523
-352113.683027	-178739.222713	-178739.222722
-496716.096526	306706.413294	306706.413287
-533368.784554	-312085.699318	-312085.699324
-358860.803434	121817.660996	121817.660988
-465007.782024	-332358.956030	-332358.956037
-127004.029723	215977.380505	215977.380493
43484.986988	616328.864085	616328.864074
-228422.349062	-438203.886844	-438203.886853
44299.009571	46055.113997	46055.113979
-457335.954179	261966.208293	261966.208286
1847391.070280	-398457.505549	-413165.905540
2208020.075466	-67794.644838	-82503.044832
2042781.759451	159073.944718	144365.544725
1502467.822433	517595.378416	502886.978432
1263148.337801	-360998.432626	-375706.832593
2069480.658763	-262111.587336	-276819.987329
1819768.008591	-440874.529993	-455582.929985
1942454.273047	-237191.856187	-251900.256178
2135485.714865	367936.791864	353228.391865
1396928.108742	-177265.034626	-191973.434600
1720762.380565	533641.180499	518932.780509
2180536.678625	144289.908928	129581.508934
1116551.699013	-260036.238167	-274744.638110
1454768.540808	-177712.425766	-192420.825746
1858830.146182	71273.684525	56565.284535
1702157.956450	625093.697298	610385.297308
1945448.272542	-337441.641194	-352150.041186
1901243.534874	550371.772118	535663.372126
1484506.732924	326507.368893	311798.968912
2159435.869384	199253.354881	184544.954884
1173476.906167	317148.703854	302440.303895
1054905.561194	-197598.953593	-212307.353517
1390919.867159	582502.112521	567793.712539
2075288.199302	-207139.756269	-221848.156264
1570916.610057	616914.003246	602205.603258
2070571.616301	-235782.297478	-250490.697489
2212836.124269	-110206.952613	-124915.352610
1263422.662305	507083.393120	492374.993146
1672629.861178	-602955.571502	-617663.971492
1732452.912272	610678.279312	595969.879310
1591051.928216	-476161.249992	-490869.649978
1644712.158785	-133913.244184	-148621.644169
1714978.625645	-196383.866468	-211092.266455
1036901.583512	-44788.600865	-59497.000781
2091157.437427	-379959.279542	-394667.679536
1834647.914306	-335645.566508	-350353.966499
1052408.782086	-114946.559783	-129654.959705
1561928.864991	314026.606364	299318.206380
1482000.538888	206271.628316	191563.228336
2244227.514645	-39283.806490	-53992.206488
1633229.466890	-594125.882384	-608834.282380
1647188.750925	-270516.182407	-285224.582393
1703971.096370	479736.109213	465027.709223
2247174.882979	-75973.928332	-90682.328342
1701801.375016	344693.986256	329985.586268
1945324.192501	-487730.462868	-502438.862861
1049346.454709	130880.539458	116172.139533
1902165.261627	-424293.874118	-439002.274114
1470139.496535	-154293.521750	-169001.921739
1556042.517453	621345.209934	606636.809825
1648300.380155	-397900.979005	-412609.378993
1832942.427052	-432704.475915	-447412.876007
1899703.054293	-490142.667504	-504851.067503
1430970.064181	-161261.686494	-175970.086499
1222778.627988	475021.863889	460313.463916
1580911.373799	-444479.605289	-459188.005280
1717782.853463	145560.161334	130851.761347
1205167.714430	-426088.850587	-440797.250552
1940266.148404	-319857.706310	-334566.106335
1272312.323979	492554.059085	477845.659062
1321090.636559	-108997.093505	-123705.493473
2174752.779345	-60787.236031	-75495.636041
1539859.883291	332744.237357	318035.837358
1599773.161234	-303825.487121	-318533.887108
2130019.449485	286629.118660	271920.718631
1041213.477104	-88079.255262	-102787.655190
2010059.168140	-157277.419129	-171985.819122
1775206.396781	-230686.109680	-245394.509670
1710745.967263	182050.049213	167341.649222
1097519.437862	-106431.797015	-121140.196956
1853155.474830	289195.371885	274486.971894
2183196.164140	301426.713985	285772.028465
1048219.421215	-179477.724622	-194186.124572
1860782.027575	-177358.504685	-192066.904676
1678414.707492	58835.350840	44126.950854
1475001.302757	-499377.961725	-514086.361709
1537830.910944	-401394.965354	-416103.365341
1100802.570794	-237001.309366	-251709.709317
2228530.149510	147263.202976	132554.802976
2220434.145035	192995.344827	178286.944825
1207663.563517	-131732.887326	-146441.287282
1323486.093580	146570.535180	131862.135211
1081964.367929	-179743.944001	-194452.343958
2239379.331284	127686.261654	112977.861637
1933380.298005	461767.947144	447059.547151
1430551.185285	109784.446068	95076.046091
1752746.387821	447732.717755	433024.317757
2183144.610608	300998.982719	283180.441664
1683993.333023	-370528.359909	-385236.759901
1059982.109109	127385.301497	112676.901255
1680257.807757	-136380.375709	-151088.775708
1783134.988363	364861.536309	350153.136318
1229304.619596	381562.672717	366854.272749
1997237.691927	229601.735456	214893.335462
1050590.965789	135214.837332	120506.435163
2168347.400108	307453.364049	292744.962870
1192327.131631	-89301.875532	-104010.275487
1963456.979088	-349838.076533	-364546.476564
1128634.064788	9127.145014	-5581.254928
1477494.503682	560530.884555	545822.484567
1982549.471769	-81567.624661	-96276.024654
1533821.898350	-566654.685076	-581363.085064
2211170.535982	159709.485537	145001.085490
1200927.178984	-74516.107266	-89224.507266
2240762.670765	32337.872123	17629.472127
1022612.430094	19941.670987	5233.271073
1945919.605723	549886.494418	535178.094418
1453923.192984	207989.598798	193281.198796
1188769.358193	350642.472010	335934.072042
1544519.977904	508295.359168	493586.959175
1052700.487108	159365.854664	144657.454711
2146041.263546	363476.735454	348768.335178
1969333.026991	-293104.723818	-307813.123820
2086941.291638	-350901.150397	-365609.550400
2207781.807620	233293.057764	218584.657756
1166739.049396	-156166.316760	-170874.716715
1308720.032531	-480309.036096	-495017.436072
1019799.988665	-6369.724158	-21078.124082
1452477.640159	126673.209323	111964.809329
1685570.678364	341129.701307	326421.301214
1898879.247358	486284.006653	471575.606655
1438468.296165	-473380.188893	-488088.588879
1237421.176254	254456.531902	239748.131938
1156831.396308	-168891.539907	-183599.939918
1283706.408776	-353239.558152	-367947.958162
1160230.529543	-375528.987011	-390237.386970
2033167.220428	449393.554020	434685.154024
1177472.255536	-285837.691014	-300546.090972
2107059.919752	221483.300734	206774.900732
1434962.491542	454921.809327	440213.409344
2041165.615248	-411021.261291	-425729.661288
2161607.030459	337081.684115	322373.284060
2021573.688012	143812.548449	129104.148436
1451207.781483	420083.352812	405374.952826
1784855.966472	47899.913001	33191.513010
1743584.218700	558046.214685	543337.814685
2079857.910515	-54067.691487	-68776.091482
1276645.432043	-467081.638832	-481790.038816
1059022.159768	239740.395000	225031.995064
1747090.683877	-480756.974390	-495465.374382
1311190.657287	223227.896323	208519.496351
1703567.410903	584268.515598	569560.115595
1288754.229677	-493889.640448	-508598.040455
1131378.911248	-344236.920767	-358945.320723
1725729.884303	581417.092323	566708.692268
1627050.650389	614256.363987	599547.963991
1254259.346579	-452593.894276	-467302.294271
1327712.370647	-198481.800467	-213190.200439
1911201.958869	508942.461893	494234.061881
1721590.340202	424646.616978	409938.216980
1760828.603526	44103.705326	29395.305302
1920010.803683	153578.004926	138869.604933
1553765.604503	168307.267229	153598.867245
2015960.087067	-376718.353426	-391426.753429
1686046.601362	-213569.055095	-228277.455094
1919903.996975	-222410.964144	-237119.364156
1473035.576335	450658.541064	435950.141066
1749754.085535	447301.341769	432592.924010
1476381.893158	491201.357235	476492.957239
1833381.166958	427218.928171	412510.528176
1151120.021218	386235.864540	371527.464576
1267734.035232	-402655.819940	-417364.219918
1889099.236582	578587.593463	563879.193460
2054742.785734	308292.586494	293584.186494
1820508.835170	-94364.729277	-109073.129268
1961476.645230	522595.309144	507886.909137
2157193.021016	67675.052051	52966.652054
1426002.466081	140879.270525	126170.870527
1243675.627944	416449.204514	401740.804537
2194932.572997	201032.825119	186324.425077
1440123.524953	286868.955791	272160.555809
1478333.933858	397533.661956	382825.261963
2043325.463894	-447316.135924	-462024.535923
1497975.059139	434284.938864	419576.538857
1300997.935746	517604.596989	502896.196997
1748105.863084	549264.776131	534556.375900
2128208.092314	-167702.729109	-182411.129106
1957827.655360	-472533.493565	-487241.893596
2158827.469676	344633.671104	329925.270675
1396359.809992	-482255.928205	-496964.328194
1169048.543649	-211067.389488	-225775.789447
1832905.913195	533395.039153	518686.639154
1401398.594247	-550854.351997	-565562.751981
2017514.785156	301447.190342	286738.790336
1779999.645906	-271862.773648	-286571.173642
2083682.815576	-372610.825015	-387319.225273
1587378.333818	246138.713399	231430.313412
2020105.281661	-93101.721451	-107810.121454
1356347.644729	167101.382981	152392.982999
1312907.835938	-503499.855065	-518208.255084
1078987.653706	-255957.001033	-270665.400992
1107678.464289	-84867.597010	-99575.996969
1531385.288472	-584689.196019	-599397.596037
2231671.304486	115513.713467	100805.313385
1137529.239028	237301.816081	222593.416128
1473134.384817	-550822.519052	-565530.919043
2244827.939886	-73638.627828	-88347.035495
1466586.878272	-562851.187701	-577559.587775
1055641.470980	111284.601026	96576.201022
1961089.685055	-171678.687586	-186387.087586
1419008.826602	-143225.742529	-157934.142537
1438858.515800	-259043.107346	-273751.507326
1073873.879366	-194292.888113	-209001.288178
1579608.780080	-320326.618663	-335035.018667
