240.105106	-12.720966	-11.727380
232.766350	-3.426470	-0.642183
226.964131	14.866814	3.941623
223.407731	-10.965140	-8.088042
861.451202	-204.150464	-207.635197
208.523724	10.245948	2.743041
206.927616	31.207234	13.396694
223.876264	21.789313	30.169598
260.510738	-1.668290	-12.130304
223.010660	-13.239454	-7.675755
233.149082	-18.148999	-30.394626
83.947228	100.159929	-35.904944
253.727761	3.939590	-6.920230
266.150073	127.384810	130.151423
241.095641	1.213967	0.136476
222.229392	10.259931	13.332485
213.050308	7.646409	5.098575
245.749055	40.842018	30.700516
189.504164	38.633413	25.846232
-3980.977380	27490.542352	27490.523140
218.107028	-8.488186	-6.264150
230.751911	13.981829	10.675067
232.874884	19.845600	11.135370
222.818382	37.777898	15.221018
193.995732	34.189814	26.948587
181.362535	-93.075140	-98.999913
393.341174	202.051414	195.489203
256.698798	47.552910	46.254095
247.168356	70.212052	53.735358
422.349804	-59.541767	-80.321568
232.255911	-3.812440	-2.125886
233.052042	-13.511547	-8.203891
48.205648	775.473500	772.915596
255.182718	-35.072585	-35.146979
159.760439	-15.087931	12.878325
233.859590	-4.855692	-11.226057
164.421260	2.377499	7.315928
264.304590	-50.657275	-28.244640
191.472600	10.881047	-56.265479
-66.326472	-73.689992	-77.099182
229.898604	-31.890843	-28.370093
255.729191	25.444948	22.347787
245.543370	-27.683854	-26.090751
199.191104	5.190623	5.917760
249.494752	-53.172833	-59.449830
368.949167	13.482135	9.936415
190.001059	-10.008867	-4.323559
239.788095	-16.458039	-16.669937
222.671099	-18.493884	-15.355888
268.271610	4.999338	-15.493176
274.997926	53.314423	17.969421
204.393638	2.465613	5.637449
186.459243	21.088456	19.563555
245.356091	37.763450	33.133781
200.028801	-51.476590	-54.445481
218.995043	-9.194973	-2.673393
185.876357	12.810296	9.992996
117.640627	-54.879834	113.054509
229.099267	-24.323824	-12.646736
274.532272	0.857434	-14.823609
323.949493	111.887808	185.683894
219.979372	-1.842700	-0.917397
200.652386	-25.584829	-20.313818
250.486345	-16.408952	-20.644092
221.991510	-36.244017	-27.214339
246.238196	52.559404	39.333535
253.149253	20.297384	19.503348
108.952913	166.477559	160.009266
288.192925	-86.273616	251.484074
241.507909	-19.551043	-27.543697
195.804024	-41.240501	-18.265404
220.924651	-114.104967	9.763747
383.285299	-788.893236	-691.323045
225.508716	-28.904170	-25.326706
236.609821	50.854002	38.681175
250.457387	33.532079	-0.935040
227.922624	-27.375317	-20.904913
230.092363	18.986178	3.478774
229.839582	102.455075	71.391604
206.364379	59.447696	46.635599
154.283636	-40.494418	-44.310058
259.170176	41.091962	4.111592
417.984504	230.406242	222.880667
225.120938	-29.665607	-25.295368
318.251187	-77.240532	-100.607656
200.440675	8.750815	5.823107
252.412853	-14.925508	-13.910287
241.604606	-24.752464	-20.964206
224.947137	-34.886770	-29.552104
210.627653	9.830213	3.035845
334.095628	-59.030664	-67.686179
266.339858	17.596248	-4.207301
231.717714	-28.423281	-23.666903
253.441446	32.348318	23.740199
530.582692	-139.035311	-142.034026
176.587505	-7.419457	15.095074
180.520211	13.557199	14.381678
254.492860	5.282631	-6.451397
220.822921	-4.833348	-2.835452
219.534201	12.512186	1.051809
624.739657	-118.344474	-123.981174
202.202066	8.195096	6.250997
360.475161	32.557453	25.004751
164.643647	50.401883	29.407504
217.331112	19.540582	12.198275
215.424496	-19.512547	-42.134888
217.231922	-1.131093	1.783945
242.417715	-22.581414	-26.437981
72.691710	633.734304	528.441175
244.943119	55.474102	59.400902
-1497.041376	-654.576792	1317.555312
542.508912	21.030047	13.825009
217.024594	0.775012	3.649919
314.027071	160.582849	150.215736
208.444030	4.859430	2.747986
178.101579	-34.387572	-46.215802
252.881796	-2.324817	-5.349964
208.044572	42.912194	24.599200
242.004360	-6.135735	-3.676860
208.809729	26.424564	16.915167
202.413978	91.793977	79.326703
293.823979	-18.488254	-21.678623
208.087406	-29.695686	-22.964144
197.606556	-35.960456	-21.282878
242.785164	-22.582705	-19.601915
236.288938	-4.364942	0.640075
225.607160	-26.469858	-22.554217
202.858063	34.495044	16.685308
650.397576	-1982.972422	-1983.258910
251.998698	-31.198368	-33.153959
207.161576	42.216265	17.611345
253.898509	-30.131650	-32.930521
-792.510125	-621.446293	-623.702456
193.542213	15.909429	11.739204
71.715571	212.563165	50.072993
236.101030	-7.645937	-4.722113
210.347472	89.374373	82.645289
311.177890	29.099470	29.763848
226.462726	-28.201245	-23.580853
189.915953	36.968216	33.382997
-9021.728008	12684.476160	12684.454880
231.387642	-2.745715	-1.125968
55.600482	-19.395803	-23.769067
237.944323	-12.630199	-17.420437
233.602179	28.416032	21.383260
135.318439	84.695489	80.351142
-1052.248664	95.243150	-485.866627
-1191.798990	-146.112072	-169.553855
232.812505	5.019478	2.229306
252.466481	-15.118553	-17.528017
232.416975	88.752720	72.176057
314.046590	113.739340	149.272041
104.446189	-45.542305	-49.119240
232.868967	-15.722678	-13.936828
223.756517	-6.491762	-3.363883
198.594888	10.739179	7.431524
240.018086	1.341199	2.883810
194.637159	-43.473519	-20.818392
344.068557	65.855486	-85.262205
183.428576	-35.121307	-25.074965
286.274557	48.422838	-14.642650
286.739404	28.629447	21.520405
291.007362	-11.031410	-20.183131
227.474087	76.981912	70.825325
227.711824	-15.032230	-10.633503
244.389837	4.222151	-7.822006
235.033790	-5.502766	-5.635581
249.387974	-131.426072	-125.550270
232.602962	3.849431	4.261943
477.792742	13.615466	10.542275
264.669254	-28.165955	-26.611795
210.197726	-13.673226	-4.776991
214.787822	12.745131	6.777279
157.499216	-103.336350	-99.426647
968.781506	-1102.848049	-1184.918415
192.786063	7.161663	12.957084
244.239912	24.161607	24.004589
261.119262	27.116947	16.964948
200.076897	62.969109	52.360319
207.359345	-83.892521	-35.669797
233.711920	-0.165368	-3.061888
241.482785	51.857040	33.729036
245.268552	51.965085	30.925441
141.468205	80.951228	75.837134
154.370569	53.791948	46.048827
146.315029	-1.643364	-21.142446
269.994970	-12.107113	-17.504438
35.438836	56.491823	52.349186
221.055010	15.195251	12.156098
271.445229	-16.281532	-15.681269
157.743949	11.280578	9.855153
112.028075	2.170794	7.917177
221.091229	1.868356	2.691057
231.197081	-22.591357	-23.849463
1185.042304	-511.282831	-523.191857
256.636200	71.740307	78.461045
246.551547	-27.429353	-26.120162
264.975026	31.654783	13.665578
226.044315	50.733976	22.046453
166.969964	20.311329	18.879243
250.567184	-0.702821	-2.444515
824.994474	-79.179216	-84.550881
202.211580	-3.982293	-21.171183
177.007021	-15.396446	10.737488
-271.983363	365.972168	51.087999
-316.798680	321.727235	-8.147326
-326.495111	351.686793	-66.773959
-317.725719	343.456982	-26.198897
-332.434132	352.668690	-25.068434
-293.022147	331.353476	-13.332435
-324.876385	339.252941	-35.115917
-315.817744	341.785098	-21.629109
-325.373353	349.416998	-18.064072
-333.031485	364.219746	-27.082909
-330.072020	344.398506	-17.032852
-327.827880	345.681443	-30.903197
-468.333504	282.210179	-151.084575
-319.131695	341.205529	-16.729119
-328.989197	377.918083	-13.108376
-314.909793	306.344812	-53.016097
-298.994546	321.555097	-70.075578
-318.268888	339.828773	-53.720172
-283.316908	328.642997	-13.851456
-340.096045	370.026825	-22.299983
-332.565661	357.860312	-13.964482
-317.968474	317.802200	-49.459313
-328.282280	337.610097	-19.469860
-285.029507	341.741789	-4.897068
-300.902780	319.734776	-15.939340
-321.536533	356.774312	-22.814829
-472.161783	287.849294	-204.731889
-339.727085	379.501939	-17.615694
-330.894819	317.567915	-286.353469
-327.256233	339.696335	-22.111280
-341.753480	360.287354	-13.128385
-181.447527	671.690510	-724.032218
-324.742017	354.027244	-10.454445
-298.746492	347.714443	-18.663246
-334.736078	382.243345	-18.210195
-345.477798	357.222017	-14.350594
-313.245424	319.243944	-69.870241
-333.404393	365.407262	-9.743662
-260.227213	349.177645	13.313427
-314.441033	312.314288	-61.650703
562.197690	1950.847980	940.063935
-274.857168	289.946266	-102.181129
-305.517088	325.323071	-11.528486
-333.971808	357.864209	-24.723523
-328.979058	345.529839	-22.004849
-328.347448	347.522855	-16.192363
-275.031840	505.655890	168.078371
-330.845392	319.768525	-45.554659
-328.772104	343.921323	-28.249741
298.743148	-571.599420	-871.400554
-325.251790	316.497812	-40.343678
-450.347275	472.338140	-13.330578
-325.288682	363.387133	-22.862917
-254.059215	331.104571	-42.224707
-324.118086	312.225067	-77.960176
-333.278022	340.056620	-56.594832
-335.000433	343.618312	-23.694949
-305.520299	306.031955	-25.354790
-335.279472	341.764586	-59.594250
-346.426481	342.446076	38.660328
-296.475745	338.226573	-11.794894
-339.039195	360.513584	-23.008545
-319.757355	353.179912	-21.900831
-329.723449	348.775946	-17.676704
-358.412303	339.843167	-223.104735
-339.878972	341.855948	-32.722569
-322.678560	368.863816	-22.780561
-307.738375	338.956189	-6.552741
-320.881379	362.834904	-16.665263
-324.943256	319.944007	-50.494294
-322.662660	294.040905	-143.441052
-329.984081	341.230942	-22.183605
-321.433796	309.306896	-46.609704
-340.228240	358.060518	-19.276701
-331.828801	318.183447	-47.907178
-336.675098	344.085298	-13.765229
-335.575277	349.947605	-24.108427
-333.408441	321.394049	-47.393071
-59.536652	222.512290	-77.567481
-328.264346	353.228817	-12.761035
-311.761093	342.213583	-23.519014
-331.922550	324.783946	-43.875270
-321.078186	347.514550	-17.669463
-330.403602	333.237885	-11.958059
-323.884516	358.938204	-17.573987
-373.633507	341.331585	-13.251317
-327.159067	340.388800	-19.713381
-310.216454	336.255309	-0.180083
-325.553759	350.535611	-14.679542
-254.523488	318.942637	-60.283414
-319.086126	345.085943	-19.414987
-321.899014	326.559270	-50.623979
-330.259493	341.418134	-17.014448
-581.338485	357.415240	-663.708512
-369.287913	310.447303	-73.833591
-328.300101	349.677416	-12.147158
-330.242457	328.444890	-24.929265
-311.966727	304.412716	-63.969870
-335.135811	344.633680	-21.730351
-276.369898	335.888592	-8.161279
-340.535603	356.453787	-18.001483
-206.695036	591.228261	105.706642
-316.654262	353.776965	-16.979335
-324.153263	347.328743	-21.558691
-329.698784	405.325370	-28.635886
-316.825004	317.171553	-50.488281
-308.729779	339.620343	-19.150951
-324.571386	345.494799	-25.752791
-325.824229	360.024289	-17.662880
-336.305486	340.176859	-26.539926
-317.315984	347.625547	-16.952822
-305.322365	297.539241	-52.661921
-313.678828	331.552837	-18.138393
-329.566128	350.526508	-16.364974
-332.551628	343.205454	-25.882685
-335.052244	363.822007	-23.949441
-329.493232	382.807996	-21.512111
-330.152919	349.531642	-17.868832
-254.736939	249.097812	-83.982630
-321.778944	317.020637	-47.248181
-336.996238	357.498382	-22.291146
-309.876397	311.580615	-51.857684
-322.710664	348.118032	-11.881285
-311.601690	362.465018	-23.815408
-329.098869	321.330905	-54.807361
-324.871574	356.904292	-9.888064
-334.997653	369.101155	-21.135153
-307.426447	302.174838	-57.653025
-327.224610	350.893228	-18.104601
-341.897149	324.633263	-34.015429
-333.575392	339.610073	-18.420210
-316.459317	350.745165	-20.130973
-310.963152	311.984675	-53.535300
-512.108333	600.018660	-1154.596433
-324.242584	324.059175	-51.656527
-317.156975	315.459424	-30.041816
-319.906982	249.020464	-45.291990
-320.959062	378.179783	-49.097729
-315.773798	327.904476	-49.623240
-317.107366	398.476200	-3.899824
-339.267549	355.789236	-14.385808
-316.794436	318.112056	-46.871381
-320.691556	321.442880	-38.555657
-436.811081	220.494410	-126.500300
-330.049211	349.334438	-71.052150
-277.262916	212.702881	-131.837264
-322.851377	357.418018	-16.481969
-320.218047	346.917450	-30.011005
231.463210	163.817644	-15.028721
-326.626041	341.860267	-17.674430
-331.171266	327.357408	-52.185937
-296.665762	344.488941	-46.727032
-294.621734	233.725302	-144.710976
-334.572849	352.005231	-21.669766
-338.790887	344.653463	-18.810088
-321.422633	350.183092	-19.130671
-303.735074	330.499869	-37.149261
-329.328616	357.355178	-15.053552
-332.489370	336.305038	-24.262292
-331.873828	355.156693	-8.307135
-313.872446	311.070038	-56.875899
-335.362822	358.790111	-21.883382
-331.071679	359.689725	-18.302860
-290.936900	328.989687	-32.641957
-328.575044	347.764446	-23.332776
-310.714439	105.812050	37.771253
-332.915007	348.640983	-25.154590
-329.830018	339.862882	-24.965711
1257.379963	1255.476380	-13084.137997
-329.374950	332.734288	-31.448977
-324.177486	324.685540	-8.701818
-417.865828	288.301691	-51.700031
-315.583660	323.466997	-66.326479
-311.937515	303.340136	-53.496188
-320.791724	341.376183	-24.206262
-323.135495	333.442689	-39.919911
-325.314181	348.084791	-9.324271
-336.479913	355.689392	-23.203352
-329.207064	360.278129	-19.264847
-333.448763	357.598749	-15.247978
-308.807872	399.275970	23.984586
-328.997139	368.253721	-17.246644
-322.286512	345.182340	-16.563576
-337.595502	343.995726	-19.119621
-338.243442	360.715288	-24.606528
-312.074902	307.558424	-63.208645
-323.063847	339.757865	-29.126787
-324.104777	333.711731	-37.799890
-323.290044	319.135467	-44.485411
-326.776989	321.098909	15.300749
-303.939649	330.514336	-26.099357
-334.861265	367.774543	-20.414568
-328.080416	337.109156	-21.663074
-283.760237	354.574591	12.635078
-323.327014	349.662264	-22.046404
-294.657177	331.282958	-52.834319
-337.400490	365.151909	-35.015794
-207.078712	395.833112	-129.912611
-324.058318	296.046773	-73.663686
-335.602874	350.172733	-24.661765
-327.363086	356.050865	-17.455958
-308.769393	342.654823	-17.093499
-321.171373	342.153464	-22.470296
-339.538463	352.215474	-20.960363
