0.016459	0.025008	0.024656
-0.247751	-0.135315	-0.136085
-0.001287	-0.000855	-0.002624
0.007720	0.004249	0.003449
-0.012414	0.000809	0.000029
0.040950	0.003083	0.002305
0.004117	0.005810	0.003844
0.001604	0.004052	-0.002587
45.924033	10.741815	10.712216
0.125831	-0.065640	-0.066357
0.002346	0.006941	0.006285
-0.006427	-0.010298	-0.012950
0.006815	0.010040	0.008160
0.025311	0.000598	-0.001733
-0.018283	-0.000724	-0.006981
0.003206	0.029610	0.029279
0.023667	-0.001883	-0.002310
-0.003179	0.004010	0.000691
0.006349	-0.005469	-0.006137
0.006851	-0.004333	-0.006913
-0.138216	0.017558	0.011753
0.016059	-0.029368	-0.029948
35.365005	3.523759	3.496059
-0.065690	-0.000912	-0.001698
0.003492	-0.011582	-0.012132
0.000523	0.003421	0.002803
0.007979	0.003524	0.001961
0.009126	0.017069	0.011362
0.006979	0.004249	0.003444
0.025288	-0.002855	-0.003274
-0.016118	0.018830	0.017980
-0.107525	0.099726	0.099212
0.009158	0.000467	-0.001683
-0.004168	0.010232	0.009629
0.009741	0.001139	0.000356
0.007940	0.002337	0.001404
0.018962	-0.015054	-0.016208
-0.004117	0.000425	-0.000627
-0.005832	-0.022617	-0.023016
-0.008845	-0.004343	-0.004756
0.027253	-0.025356	-0.026165
0.002106	-0.018272	-0.019526
0.007948	-0.000040	-0.000884
-0.003821	0.002567	0.001767
0.006302	-0.003551	-0.004175
-0.005483	-0.011961	-0.013061
0.005364	0.004102	0.003632
-0.066540	-0.023399	-0.029039
0.006391	0.008440	0.001924
0.005751	0.000685	0.000079
0.001832	0.003436	-0.000984
0.074540	-0.021471	-0.022148
0.006738	0.031965	0.030543
-0.000979	-0.001714	-0.002996
0.018066	0.007650	0.006722
0.032448	14.032016	14.023689
0.002582	0.004033	0.001856
0.010270	-0.030579	-0.032174
0.097900	-0.032747	-0.039841
0.052396	-0.007164	-0.007597
-0.013339	0.002236	0.001721
0.006529	0.026152	0.025549
-0.004121	0.016219	0.015364
-0.029535	0.004212	0.003772
-0.000170	-0.010733	-0.012094
0.010384	0.013248	0.012661
-0.004284	-0.039255	-0.044144
-0.039779	0.034324	0.033999
-0.129778	-0.099423	-0.101893
0.001386	0.011632	0.009157
0.124019	-0.051278	-0.058765
-0.004710	-0.016941	-0.017448
-0.001261	0.011912	0.011528
0.063812	-0.025786	-0.026106
-0.077288	0.053512	0.052441
0.058556	0.081972	0.081493
-0.008187	0.016312	0.011309
-0.004313	0.009405	0.004580
0.011325	-0.010972	-0.013478
0.016700	-0.002357	-0.002717
0.010026	-0.007720	-0.011653
-61.986772	-40.793371	-40.758395
-0.015641	-0.057663	-0.058164
0.003227	-0.002821	-0.004154
0.011799	-0.014403	-0.014813
-0.012556	0.021900	0.021374
-0.006397	-0.029352	-0.029812
0.071500	-0.021924	-0.026555
0.056581	0.031586	0.026620
0.259661	0.162847	0.162084
0.025897	0.001739	0.001401
-0.011835	0.095253	0.094762
-0.026827	-0.008524	-0.008943
0.000378	0.005260	0.000656
-0.021516	0.011212	0.009041
-0.004345	-0.001658	-0.002913
-0.033793	0.040547	0.032927
0.035070	0.022364	0.021106
0.014598	0.041128	0.040787
0.034637	-0.000194	-0.000580
0.085639	0.045205	0.044869
0.049012	-0.014694	-0.015124
0.215720	-0.244567	-0.245018
0.025655	0.005097	0.004781
0.057893	-0.082823	-0.083869
0.003244	0.001434	0.000733
-0.013897	-0.014838	-0.015708
-0.006606	0.001846	0.001211
-0.020404	-0.049924	-0.051225
0.002200	0.000764	-0.000177
0.015092	0.003881	0.003509
-0.023467	0.014724	0.013023
-40.400575	-5.347773	-5.349622
-0.004916	-0.005256	-0.006138
-0.009763	-0.009859	-0.016551
-0.004193	0.008757	0.007462
0.021564	0.003500	0.003130
0.022669	0.004097	-0.000448
0.008759	0.025345	0.024936
-0.005012	-0.012328	-0.012671
-0.000125	-0.002918	-0.003414
-0.018019	0.009748	0.008771
0.031913	-0.113490	-0.114003
-0.007436	0.015431	0.015081
0.014045	-0.013718	-0.014367
0.012666	0.016219	0.015818
0.005014	0.001649	0.000935
-0.040591	0.019787	0.019104
0.045384	-0.060657	-0.065887
0.017673	-0.011128	-0.012267
-0.009563	0.008476	0.007016
-0.007676	0.036253	0.034932
-0.008866	0.011640	0.007507
-0.086004	-0.019084	-0.019433
-0.000962	-0.003066	-0.003698
0.013232	0.046407	0.045946
0.003224	-0.001310	-0.004919
-0.122839	0.004428	0.003689
0.120092	0.128926	0.126541
-0.011071	0.003958	0.001310
0.003736	0.016017	0.012004
0.106763	0.003744	-0.001590
0.014227	-0.003094	-0.003563
0.018149	0.042432	0.041981
0.019939	0.005395	0.004900
0.045587	0.023724	0.023378
-0.009125	0.017757	0.017283
0.036100	-0.013871	-0.014225
0.003419	-0.000638	-0.004458
0.007060	0.003095	0.002653
0.028103	0.002295	0.001123
0.003665	-0.008645	-0.011704
50.824608	10.437754	10.438354
-0.021430	0.026764	0.019110
-0.015555	0.033641	0.033035
0.013001	0.015386	0.009568
-0.003369	-0.000250	-0.001237
-35.413908	-5.591571	-5.586433
0.002582	-0.002133	-0.004597
-0.019074	0.000240	-0.007410
0.005483	-0.006271	-0.007304
227.795030	246.403436	246.361910
-0.064382	0.086463	0.085427
0.007953	0.006083	0.004313
-0.014440	0.027093	0.026701
-0.006037	-0.013708	-0.017604
-0.007233	-0.008324	-0.010393
0.024415	-0.006870	-0.011159
0.003263	-0.014917	-0.015440
-0.009523	0.009463	0.008914
-0.047746	0.050917	0.050397
-0.017625	0.014350	0.007336
0.071900	-0.085275	-0.085612
0.021906	0.031564	0.031086
0.071126	-0.035013	-0.036064
-0.005975	-0.001658	-0.003581
-0.004267	-0.012765	-0.013680
0.006324	-0.043218	-0.043822
0.002916	0.004526	0.001690
3.748421	-1373.658385	-1373.032398
0.006190	0.004029	0.002421
0.003810	0.006449	0.005770
0.023077	-0.007314	-0.007885
0.005043	0.001844	-0.003736
-0.022499	-0.011329	-0.012865
0.052369	-0.043292	-0.043759
0.029620	0.015997	0.015633
0.005495	0.007940	0.004855
0.000716	0.002949	0.002202
0.011996	0.003596	0.000772
0.168206	-0.074032	-0.074534
0.010002	0.001805	0.001327
-0.004360	0.012648	0.012214
-0.005547	-0.004558	-0.011942
-0.021171	0.003994	0.003460
-0.010149	0.022519	0.016822
0.055768	-0.001654	-0.001978
-0.002484	-0.012315	-0.014206
-0.020225	0.022643	0.015540
20.078253	23.041813	23.044582
-0.000762	-0.005011	-0.005470
-0.191793	0.262872	0.262419
-0.054386	-0.004225	-0.005047
-0.047277	0.009951	0.008604
-83.948822	84.032783	0.038821
-83.994231	83.957739	-0.041918
-84.015619	84.018148	0.018525
-84.014623	84.000094	0.001874
-84.043159	83.958857	-0.040468
-83.987740	84.005340	0.005845
-84.002799	83.997605	-0.001700
-84.015029	84.011784	0.012525
-83.998971	83.980648	-0.015156
-101.933546	102.382360	1.432513
-84.013410	84.000157	0.000598
-83.980125	83.994122	-0.006503
-84.031699	84.043389	0.045904
-84.004832	84.002966	0.003272
-83.965302	84.036293	0.037025
-84.029952	83.987642	-0.008580
-83.985286	83.994305	-0.005132
-83.994482	83.992590	-0.006477
-83.947264	84.008089	0.008327
-84.029864	83.962880	-0.036633
-84.028081	84.023050	0.023561
-84.012403	83.981022	-0.013673
-84.063478	83.922532	-0.076988
-84.005647	83.989578	-0.009645
-83.999384	83.996108	-0.001824
-84.041648	83.981388	-0.017744
-83.999019	83.998368	-0.000281
-84.022784	84.017752	0.020058
-84.009891	83.989182	-0.010455
-83.981574	84.014786	0.015345
-84.019241	84.004354	0.005789
-83.998441	83.991884	-0.007347
-84.061944	83.959214	-0.038655
-83.981630	84.017149	0.019147
-84.012773	83.981301	-0.017300
-84.019663	84.004620	0.005008
-84.006528	83.992016	-0.005222
-84.006748	83.988979	-0.006769
-83.971022	83.989626	-0.009858
-84.029988	83.999506	0.000274
-83.978969	83.987621	-0.011905
-83.927302	83.928125	-0.071485
-68.192166	138.105575	0.536848
-83.999926	84.014725	0.020243
-84.051417	84.004940	0.006570
-84.035797	84.008383	0.004548
-84.010723	83.984907	-0.010121
-84.009593	83.996504	-0.002955
-84.025965	84.014157	0.014448
-83.947414	84.001056	-0.001119
-84.016884	83.985251	-0.014725
-83.994133	84.004590	0.005185
-84.004695	83.986751	-0.009650
-84.004142	83.961458	-0.038121
-83.988772	83.989618	-0.008953
-83.989698	83.963194	-0.061212
-83.999374	83.994233	-0.004694
-83.983904	84.027470	0.028064
-83.987849	83.999901	0.002347
-84.018302	84.002867	0.003242
-84.023526	84.003438	0.003861
-84.120937	84.036820	0.037296
-84.006633	84.000344	0.001056
-83.976843	84.026890	0.033087
-83.990838	83.976278	-0.021371
-84.152987	84.088529	0.088784
-83.973399	84.016421	0.017943
-83.992481	83.986131	-0.013434
-84.005756	83.998424	0.001495
-83.992468	83.988875	-0.009602
-83.913002	84.141593	0.141557
-84.059710	83.990459	-0.009404
-84.008082	84.006035	0.009860
-84.015308	84.009577	0.010558
-84.019854	84.001567	0.001923
-83.981834	83.991267	-0.008910
-84.032937	83.991927	-0.003727
-83.969823	83.994445	-0.004934
-83.994421	83.991523	-0.007999
-83.991940	83.997894	-0.000847
-83.985353	84.015473	0.016370
-84.003391	84.010741	0.011626
-83.982458	83.989385	-0.007722
-83.991749	83.990037	-0.009724
-83.999033	84.001004	0.003924
-84.026210	84.011459	0.014300
-84.000237	83.998880	-0.000218
-84.019543	84.012580	0.013096
-84.104134	84.239534	0.235749
-84.042614	84.050905	0.051215
-83.995277	83.999072	-0.000638
-83.990661	83.973321	-0.025826
-83.988266	84.009142	0.009573
-84.015293	83.998604	0.004405
-83.976147	83.992794	-0.006919
-83.991059	83.985134	-0.010639
-84.055734	84.007112	0.012729
-83.981749	84.011269	0.016472
-84.029253	83.967565	-0.032245
-84.021365	84.011124	0.008591
-84.001647	83.997928	-0.001674
-83.965688	84.016830	0.016527
-84.017781	83.994718	-0.002265
-84.009716	83.989469	-0.007368
-84.026825	83.993490	-0.006016
-83.998020	84.002551	0.003782
-84.059890	84.048518	0.047285
-84.003443	83.995013	-0.003465
-84.011589	83.995298	-0.004332
-84.006321	83.981302	-0.018401
-84.031411	84.044084	0.044421
-83.987970	84.003478	0.003889
-84.002262	84.002478	0.002935
-84.016550	83.998876	-0.000603
-84.007366	83.999502	-0.000076
-83.985149	84.002943	0.004648
-84.002475	83.983614	-0.015082
-83.992729	83.984502	-0.015196
-84.025655	84.011515	0.011813
-84.002616	84.007230	0.007800
-83.988708	83.998062	-0.001249
-84.074169	83.992991	-0.006657
-106.953883	89.774783	-59.004723
-84.069149	84.025018	0.025490
-84.024107	84.006236	0.006043
-83.998662	83.997729	-0.001134
-83.999193	84.004094	0.005443
-83.979542	84.000593	0.001411
-84.004517	83.979834	-0.019645
-83.996996	83.999944	0.000528
-84.018822	84.010987	0.013470
-84.154580	84.036994	0.037427
-84.008543	83.994014	-0.004605
-83.988512	84.021152	0.021973
-83.952267	84.016657	0.017386
-83.989036	83.965135	-0.033009
-83.939649	83.943650	-0.055960
-84.002386	84.004404	0.006307
-83.977439	84.016950	0.017734
-83.815082	83.799511	-0.202938
-113.072581	98.572433	-7.959118
-102.660224	102.540792	0.973830
-84.010240	84.000138	0.001219
-84.033794	83.990107	-0.004324
-83.971184	84.067523	0.068015
-84.000487	83.997352	-0.000744
-83.993852	83.995931	-0.003636
-84.057101	84.039314	0.044321
-84.000748	83.993108	-0.005914
-84.085296	84.002289	0.002964
-96.205587	111.433231	8.089684
-84.086085	83.979663	-0.020673
-84.022760	83.961151	-0.033787
-84.013494	83.990818	-0.009004
-83.978276	83.971787	-0.027489
-84.007753	83.987187	-0.011636
-84.015327	84.000298	0.000684
-84.002115	84.005127	0.005418
-83.997377	84.011210	0.012336
-104.420559	102.291014	0.068723
-83.987562	83.991047	-0.008098
-83.996986	83.997048	-0.002299
-83.998977	84.008389	0.009634
-83.999026	84.004073	0.004847
-84.005272	84.008583	0.009032
-83.955825	84.012768	0.017990
-83.994296	83.985004	-0.014672
-84.050312	84.003524	0.006197
-84.019545	83.969132	-0.024611
-83.989169	83.997991	-0.001649
-83.971886	84.017078	0.017990
-83.990667	83.911464	-0.082719
-83.976005	84.001157	0.002218
-83.976082	84.002480	0.008689
-84.016610	83.989396	-0.010413
-83.996079	83.990265	-0.009178
-98.889400	112.647303	-78.576735
-83.957487	84.062966	0.064854
-84.002936	83.991388	-0.029789
-84.028573	84.003773	0.004028
-83.995814	83.998548	0.000140
-84.028469	84.020321	0.020977
-83.904745	83.977470	-0.016555
-84.004512	83.994667	-0.004453
-83.875310	83.861901	-0.137990
-83.824603	84.078981	0.079347
-84.007533	84.013699	0.015183
-83.994290	84.001818	0.002117
-84.005868	84.010713	0.011184
-83.987220	84.002103	0.003100
-84.029928	83.982562	-0.017302
-83.999687	83.989169	-0.009687
-84.014356	84.019207	0.019443
-84.020814	84.014127	0.020109
-83.993798	83.992438	-0.002816
-84.016345	84.016180	0.016385
-84.010013	83.998719	0.000526
-83.985043	83.990160	-0.005085
-84.000779	83.998606	-0.000760
-84.008926	83.939552	-0.061151
-84.088032	83.857510	-0.142678
-83.998574	84.002984	0.004599
-83.901068	84.000664	0.007234
-84.001116	84.002848	0.003579
