0.016503	0.025076	0.024722
-0.248683	-0.135841	-0.136617
-0.001289	-0.000851	-0.002632
0.007739	0.004262	0.003458
-0.012449	0.000812	0.000028
0.041064	0.003094	0.002310
0.004134	0.005834	0.003858
0.001599	0.004069	-0.002598
45.924001	10.741812	10.712185
0.126212	-0.065826	-0.066548
0.002351	0.006961	0.006301
-0.006446	-0.010318	-0.012986
0.006836	0.010072	0.008179
0.025378	0.000607	-0.001739
-0.018342	-0.000722	-0.007001
0.003214	0.029691	0.029358
0.023731	-0.001886	-0.002317
-0.003193	0.004037	0.000698
0.006365	-0.005482	-0.006154
0.006883	-0.004339	-0.006936
-0.138340	0.017571	0.011738
0.016104	-0.029447	-0.030031
35.364892	3.523752	3.496023
-0.065864	-0.000913	-0.001705
0.003502	-0.011612	-0.012166
0.000525	0.003432	0.002810
0.008008	0.003545	0.001975
0.009150	0.017124	0.011392
0.007000	0.004264	0.003453
0.025357	-0.002861	-0.003283
-0.016159	0.018884	0.018027
-0.107859	0.100027	0.099510
0.009186	0.000476	-0.001689
-0.004178	0.010261	0.009653
0.009768	0.001146	0.000357
0.007964	0.002346	0.001406
0.019017	-0.015092	-0.016255
-0.004125	0.000430	-0.000631
-0.005848	-0.022677	-0.023078
-0.008873	-0.004354	-0.004770
0.027329	-0.025422	-0.026238
0.002116	-0.018317	-0.019582
0.007971	-0.000037	-0.000887
-0.003832	0.002576	0.001771
0.006318	-0.003559	-0.004186
-0.005494	-0.011992	-0.013100
0.005378	0.004114	0.003641
-0.066734	-0.023457	-0.029122
0.006394	0.008472	0.001931
0.005765	0.000688	0.000079
0.001829	0.003454	-0.000989
0.074742	-0.021528	-0.022211
0.006756	0.032050	0.030622
-0.000978	-0.001715	-0.003007
0.018115	0.007674	0.006740
0.032434	14.032038	14.023703
0.002587	0.004050	0.001860
0.010307	-0.030665	-0.032272
0.097982	-0.032958	-0.040080
0.052789	-0.007170	-0.007606
-0.013373	0.002247	0.001727
0.006545	0.026224	0.025618
-0.004134	0.016264	0.015404
-0.029621	0.004223	0.003780
-0.000168	-0.010757	-0.012127
0.010414	0.013286	0.012694
-0.004314	-0.039332	-0.044247
-0.039890	0.034420	0.034093
-0.130190	-0.099743	-0.102225
0.001388	0.011670	0.009180
0.123761	-0.051318	-0.058833
-0.004724	-0.016985	-0.017496
-0.001264	0.011945	0.011559
0.063987	-0.025857	-0.026179
-0.077507	0.053666	0.052588
0.058537	0.081940	0.081458
-0.008216	0.016362	0.011338
-0.004330	0.009430	0.004579
0.011351	-0.010997	-0.013516
0.016744	-0.002362	-0.002725
0.010046	-0.007728	-0.011686
-61.986754	-40.793377	-40.758422
-0.015683	-0.057830	-0.058333
0.003238	-0.002824	-0.004167
0.011828	-0.014440	-0.014852
-0.012590	0.021960	0.021431
-0.006413	-0.029429	-0.029892
0.071661	-0.021966	-0.026623
0.056652	0.031686	0.026694
0.260631	0.163451	0.162682
0.025966	0.001745	0.001404
-0.011868	0.095523	0.095030
-0.026899	-0.008546	-0.008967
0.000371	0.005279	0.000656
-0.021574	0.011246	0.009065
-0.004357	-0.001659	-0.002921
-0.033899	0.040649	0.033002
0.035168	0.022429	0.021161
0.014637	0.041241	0.040898
0.034729	-0.000194	-0.000581
0.085875	0.045337	0.044998
0.049144	-0.014731	-0.015164
0.216626	-0.245630	-0.246084
0.025723	0.005112	0.004793
0.058060	-0.083066	-0.084117
0.003223	0.001428	0.000723
-0.013937	-0.014876	-0.015750
-0.006622	0.001853	0.001213
-0.020454	-0.050058	-0.051370
0.002208	0.000769	-0.000177
0.015132	0.003893	0.003519
-0.023510	0.014753	0.013039
-40.400740	-5.347826	-5.349678
-0.004933	-0.005265	-0.006153
-0.009788	-0.009884	-0.016605
-0.004203	0.008786	0.007481
0.021622	0.003510	0.003138
0.022723	0.004115	-0.000451
0.008780	0.025414	0.025002
-0.005027	-0.012360	-0.012706
-0.000126	-0.002925	-0.003424
-0.018070	0.009775	0.008794
0.032006	-0.113814	-0.114331
-0.007457	0.015474	0.015121
0.014085	-0.013752	-0.014407
0.012700	0.016263	0.015860
0.005026	0.001655	0.000937
-0.040702	0.019842	0.019154
0.045244	-0.060679	-0.065936
0.017724	-0.011154	-0.012303
-0.009587	0.008504	0.007034
-0.007690	0.036356	0.035025
-0.008897	0.011674	0.007526
-0.086246	-0.019134	-0.019486
-0.000962	-0.003071	-0.003708
0.013265	0.046537	0.046074
0.003228	-0.001306	-0.004935
-0.123207	0.004453	0.003708
0.120468	0.129332	0.126935
-0.011105	0.003973	0.001313
0.003740	0.016064	0.012035
0.107056	0.003762	-0.001597
0.014267	-0.003100	-0.003573
0.018197	0.042547	0.042094
0.019993	0.005410	0.004912
0.045710	0.023789	0.023440
-0.009152	0.017810	0.017333
0.036197	-0.013907	-0.014263
0.003404	-0.000638	-0.004480
0.007078	0.003105	0.002660
0.028180	0.002305	0.001125
0.003671	-0.008659	-0.011739
50.824603	10.437719	10.438315
-0.021527	0.026769	0.019088
-0.015595	0.033734	0.033124
0.013027	0.015435	0.009593
-0.003377	-0.000246	-0.001241
-35.413756	-5.591406	-5.586295
0.002591	-0.002134	-0.004615
-0.019135	0.000246	-0.007432
0.005499	-0.006284	-0.007324
227.794995	246.403446	246.361906
-0.064574	0.086717	0.085676
0.007973	0.006104	0.004324
-0.014479	0.027167	0.026772
-0.006058	-0.013734	-0.017655
-0.007256	-0.008346	-0.010430
0.024460	-0.006876	-0.011189
0.003274	-0.014954	-0.015481
-0.009549	0.009490	0.008937
-0.047876	0.051072	0.050548
-0.017676	0.014393	0.007350
0.072100	-0.085511	-0.085851
0.021946	0.031634	0.031152
0.071328	-0.035110	-0.036168
-0.005985	-0.001653	-0.003591
-0.004275	-0.012798	-0.013720
0.006344	-0.043335	-0.043943
0.002920	0.004543	0.001693
3.748421	-1373.658384	-1373.032398
0.006206	0.004044	0.002427
0.003822	0.006468	0.005785
0.023141	-0.007332	-0.007907
0.005049	0.001854	-0.003752
-0.022558	-0.011362	-0.012905
0.052511	-0.043412	-0.043881
0.029698	0.016041	0.015675
0.005507	0.007968	0.004866
0.000718	0.002959	0.002208
0.012033	0.003620	0.000777
0.168714	-0.074265	-0.074771
0.010031	0.001811	0.001329
-0.004373	0.012681	0.012244
-0.005574	-0.004563	-0.011975
-0.021186	0.004021	0.003483
-0.010186	0.022584	0.016866
0.055919	-0.001657	-0.001984
-0.002488	-0.012342	-0.014248
-0.020291	0.022708	0.015580
20.078271	23.041856	23.044621
-0.000763	-0.005023	-0.005485
-0.192635	0.263991	0.263535
-0.054533	-0.004234	-0.005062
-0.047402	0.009983	0.008625
-83.948673	84.032875	0.038935
-83.994215	83.957620	-0.042035
-84.015663	84.018196	0.018576
-84.014659	84.000091	0.001880
-84.043279	83.958743	-0.040577
-83.987706	84.005353	0.005860
-84.002805	83.997596	-0.001704
-84.015069	84.011814	0.012559
-83.998961	83.980592	-0.015195
-101.933562	102.382308	1.432555
-84.013448	84.000156	0.000600
-83.980075	83.994107	-0.006529
-84.031650	84.043382	0.045922
-84.004845	84.002973	0.003280
-83.965205	84.036389	0.037128
-84.030027	83.987603	-0.008601
-83.985248	83.994288	-0.005145
-83.994466	83.992568	-0.006494
-83.947120	84.008110	0.008349
-84.029945	83.962780	-0.036730
-84.028160	84.023109	0.023625
-84.012428	83.980963	-0.013709
-84.063652	83.922314	-0.077203
-84.005661	83.989547	-0.009670
-83.999379	83.996094	-0.001828
-84.041761	83.981334	-0.017792
-83.999015	83.998360	-0.000282
-84.022844	84.017794	0.020115
-84.009917	83.989151	-0.010484
-83.981526	84.014824	0.015387
-84.019295	84.004361	0.005808
-83.998438	83.991860	-0.007366
-84.062100	83.959091	-0.038758
-83.981577	84.017193	0.019200
-84.012806	83.981247	-0.017346
-84.019717	84.004632	0.005022
-84.006543	83.991989	-0.005234
-84.006760	83.988942	-0.006785
-83.970945	83.989596	-0.009885
-84.030071	83.999503	0.000277
-83.978911	83.987587	-0.011937
-83.927094	83.927922	-0.071685
-68.192167	138.105530	0.536900
-83.999916	84.014762	0.020302
-84.051544	84.004954	0.006602
-84.035930	84.008396	0.004554
-84.010745	83.984861	-0.010146
-84.009620	83.996492	-0.002962
-84.026036	84.014195	0.014487
-83.947290	84.001060	-0.001123
-84.016931	83.985211	-0.014766
-83.994119	84.004600	0.005200
-84.004704	83.986710	-0.009673
-84.004153	83.961353	-0.038224
-83.988740	83.989587	-0.008976
-83.989643	83.963135	-0.061246
-83.999374	83.994214	-0.004705
-83.983863	84.027542	0.028141
-83.987812	83.999898	0.002355
-84.018353	84.002874	0.003251
-84.023590	84.003446	0.003872
-84.121301	84.036912	0.037392
-84.006652	84.000343	0.001060
-83.976773	84.026961	0.033177
-83.990811	83.976208	-0.021427
-84.153468	84.088828	0.089084
-83.973328	84.016461	0.017995
-83.992462	83.986092	-0.013470
-84.005768	83.998415	0.001505
-83.992445	83.988842	-0.009627
-83.912720	84.142051	0.142012
-84.059876	83.990432	-0.009431
-84.008101	84.006049	0.009892
-84.015352	84.009600	0.010588
-84.019907	84.001570	0.001928
-83.981787	83.991242	-0.008936
-84.033019	83.991899	-0.003735
-83.969743	83.994428	-0.004946
-83.994406	83.991499	-0.008021
-83.991921	83.997884	-0.000847
-83.985316	84.015512	0.016417
-84.003402	84.010768	0.011659
-83.982409	83.989351	-0.007739
-83.991727	83.990009	-0.009751
-83.999027	84.001001	0.003937
-84.026277	84.011485	0.014344
-84.000239	83.998875	-0.000217
-84.019598	84.012612	0.013133
-84.104544	84.240459	0.236686
-84.042731	84.051045	0.051357
-83.995264	83.999069	-0.000640
-83.990638	83.973247	-0.025894
-83.988233	84.009166	0.009600
-84.015327	83.998596	0.004418
-83.976083	83.992774	-0.006938
-83.991029	83.985089	-0.010666
-84.055883	84.007125	0.012765
-83.981691	84.011294	0.016519
-84.029333	83.967476	-0.032333
-84.021431	84.011137	0.008602
-84.001651	83.997921	-0.001679
-83.965593	84.016874	0.016570
-84.017823	83.994702	-0.002263
-84.009740	83.989434	-0.007384
-84.026899	83.993470	-0.006031
-83.998016	84.002554	0.003795
-84.060065	84.048662	0.047417
-84.003453	83.994995	-0.003472
-84.011621	83.995284	-0.004344
-84.006338	83.981251	-0.018450
-84.031506	84.044209	0.044547
-83.987938	84.003486	0.003899
-84.002268	84.002483	0.002943
-84.016596	83.998872	-0.000604
-84.007387	83.999499	-0.000076
-83.985108	84.002947	0.004662
-84.002479	83.983568	-0.015122
-83.992710	83.984459	-0.015238
-84.025725	84.011545	0.011845
-84.002625	84.007248	0.007822
-83.988680	83.998055	-0.001250
-84.074370	83.992972	-0.006674
-106.953902	89.774748	-59.004698
-84.069338	84.025084	0.025560
-84.024174	84.006252	0.006057
-83.998660	83.997719	-0.001135
-83.999193	84.004101	0.005461
-83.979489	84.000592	0.001416
-84.004531	83.979778	-0.019698
-83.996989	83.999942	0.000530
-84.018862	84.011013	0.013516
-84.155005	84.037094	0.037531
-84.008563	83.993995	-0.004617
-83.988483	84.021207	0.022035
-83.952139	84.016700	0.017434
-83.989003	83.965038	-0.033097
-83.939491	83.943487	-0.056121
-84.002393	84.004410	0.006329
-83.977381	84.016994	0.017784
-83.814434	83.798748	-0.203692
-113.072551	98.572414	-7.959096
-102.660200	102.540803	0.973901
-84.010267	84.000135	0.001223
-84.033877	83.990077	-0.004333
-83.971107	84.067705	0.068200
-84.000489	83.997339	-0.000742
-83.993836	83.995919	-0.003646
-84.057248	84.039416	0.044445
-84.000749	83.993087	-0.005929
-84.085532	84.002293	0.002973
-96.205547	111.433202	8.089719
-84.086322	83.979603	-0.020734
-84.022814	83.961040	-0.033877
-84.013531	83.990793	-0.009029
-83.978216	83.971709	-0.027563
-84.007775	83.987149	-0.011666
-84.015369	84.000298	0.000686
-84.002122	84.005140	0.005432
-83.997372	84.011237	0.012372
-104.420501	102.291005	0.068777
-83.987530	83.991020	-0.008119
-83.996979	83.997038	-0.002304
-83.998975	84.008407	0.009661
-83.999025	84.004082	0.004861
-84.005285	84.008604	0.009057
-83.955701	84.012796	0.018037
-83.994281	83.984963	-0.014712
-84.050448	84.003528	0.006218
-84.019594	83.969045	-0.024677
-83.989140	83.997984	-0.001653
-83.971809	84.017122	0.018040
-83.990633	83.911214	-0.082948
-83.975942	84.001156	0.002226
-83.976009	84.002483	0.008714
-84.016656	83.989366	-0.010442
-83.996067	83.990238	-0.009202
-98.889396	112.647298	-78.576709
-83.957343	84.063134	0.065041
-84.003013	83.991380	-0.029815
-84.028651	84.003782	0.004039
-83.995804	83.998540	0.000145
-84.028547	84.020374	0.021035
-83.904472	83.977399	-0.016602
-84.004524	83.994650	-0.004465
-83.874904	83.861466	-0.138423
-83.824085	84.079215	0.079585
-84.007552	84.013732	0.015224
-83.994276	84.001822	0.002122
-84.005885	84.010740	0.011214
-83.987188	84.002106	0.003111
-84.030001	83.982520	-0.017328
-83.999685	83.989137	-0.009712
-84.014396	84.019257	0.019495
-84.020842	84.014145	0.020153
-83.993774	83.992414	-0.002822
-84.016390	84.016224	0.016429
-84.010040	83.998710	0.000529
-83.984998	83.990128	-0.005097
-84.000781	83.998600	-0.000762
-84.008953	83.939387	-0.061324
-84.088314	83.857051	-0.143140
-83.998572	84.002987	0.004615
-83.900788	84.000663	0.007254
-84.001121	84.002853	0.003590
