0.016810	0.025554	0.025185
-0.255300	-0.139579	-0.140399
-0.001303	-0.000825	-0.002691
0.007873	0.004357	0.003521
-0.012696	0.000837	0.000024
0.041869	0.003173	0.002347
0.004260	0.005999	0.003959
0.001567	0.004189	-0.002673
45.923785	10.741796	10.711970
0.128890	-0.067127	-0.067891
0.002387	0.007100	0.006416
-0.006578	-0.010462	-0.013242
0.006982	0.010299	0.008305
0.025848	0.000665	-0.001782
-0.018759	-0.000708	-0.007141
0.003268	0.030258	0.029910
0.024182	-0.001910	-0.002364
-0.003302	0.004234	0.000753
0.006474	-0.005575	-0.006273
0.007124	-0.004385	-0.007104
-0.139207	0.017658	0.011633
0.016423	-0.029993	-0.030610
35.364141	3.523714	3.495787
-0.067081	-0.000918	-0.001755
0.003573	-0.011822	-0.012401
0.000535	0.003510	0.002861
0.008215	0.003699	0.002071
0.009329	0.017509	0.011603
0.007147	0.004365	0.003516
0.025840	-0.002901	-0.003345
-0.016451	0.019262	0.018357
-0.110200	0.102148	0.101603
0.009384	0.000536	-0.001733
-0.004242	0.010464	0.009822
0.009951	0.001189	0.000360
0.008130	0.002412	0.001421
0.019403	-0.015353	-0.016583
-0.004185	0.000462	-0.000657
-0.005960	-0.023095	-0.023514
-0.009067	-0.004426	-0.004862
0.027863	-0.025887	-0.026749
0.002180	-0.018636	-0.019972
0.008133	-0.000015	-0.000911
-0.003913	0.002643	0.001798
0.006430	-0.003613	-0.004265
-0.005573	-0.012203	-0.013375
0.005480	0.004201	0.003707
-0.068091	-0.023870	-0.029712
0.006407	0.008699	0.001981
0.005865	0.000712	0.000079
0.001808	0.003578	-0.001031
0.076162	-0.021926	-0.022648
0.006883	0.032649	0.031173
-0.000968	-0.001721	-0.003081
0.018458	0.007840	0.006865
0.032335	14.032194	14.023796
0.002624	0.004166	0.001888
0.010596	-0.031244	-0.032942
0.098468	-0.034221	-0.041531
0.056881	-0.007225	-0.007685
-0.013606	0.002320	0.001774
0.006660	0.026725	0.026096
-0.004227	0.016576	0.015686
-0.030223	0.004300	0.003836
-0.000161	-0.010925	-0.012362
0.010622	0.013550	0.012927
-0.004521	-0.039868	-0.044966
-0.040670	0.035091	0.034749
-0.133086	-0.101995	-0.104562
0.001403	0.011936	0.009343
0.122037	-0.051563	-0.059269
-0.004822	-0.017296	-0.017826
-0.001290	0.012178	0.011776
0.065218	-0.026353	-0.026690
-0.079043	0.054746	0.053622
0.058452	0.081689	0.081180
-0.008426	0.016713	0.011540
-0.004445	0.009605	0.004576
0.011536	-0.011174	-0.013781
0.017057	-0.002398	-0.002776
0.010186	-0.007789	-0.011915
-61.986674	-40.793432	-40.758617
-0.015980	-0.059003	-0.059526
0.003315	-0.002845	-0.004256
0.012030	-0.014696	-0.015128
-0.012834	0.022380	0.021831
-0.006527	-0.029961	-0.030447
0.072790	-0.022261	-0.027097
0.057148	0.032387	0.027212
0.267508	0.167734	0.166922
0.026450	0.001788	0.001431
-0.012104	0.097420	0.096908
-0.027408	-0.008697	-0.009136
0.000325	0.005413	0.000659
-0.021982	0.011486	0.009238
-0.004438	-0.001661	-0.002978
-0.034641	0.041355	0.033523
0.035857	0.022883	0.021543
0.014915	0.042035	0.041675
0.035368	-0.000187	-0.000594
0.087524	0.046258	0.045903
0.050070	-0.014988	-0.015442
0.223091	-0.253227	-0.253704
0.026202	0.005216	0.004882
0.059233	-0.084773	-0.085862
0.003051	0.001364	0.000625
-0.014214	-0.015141	-0.016049
-0.006733	0.001904	0.001229
-0.020805	-0.050993	-0.052379
0.002259	0.000810	-0.000181
0.015414	0.003980	0.003587
-0.023776	0.015033	0.013223
-40.403307	-5.348156	-5.350032
-0.005053	-0.005324	-0.006258
-0.009959	-0.010064	-0.016981
-0.004274	0.008983	0.007615
0.022027	0.003584	0.003196
0.023104	0.004240	-0.000471
0.008923	0.025895	0.025464
-0.005126	-0.012589	-0.012951
-0.000133	-0.002969	-0.003488
-0.018426	0.009964	0.008948
0.032657	-0.116089	-0.116635
-0.007598	0.015770	0.015402
0.014367	-0.013995	-0.014684
0.012934	0.016576	0.016157
0.005110	0.001698	0.000952
-0.041480	0.020223	0.019510
0.044257	-0.060836	-0.066279
0.018080	-0.011339	-0.012553
-0.009760	0.008699	0.007159
-0.007797	0.037087	0.035680
-0.009116	0.011918	0.007658
-0.087941	-0.019485	-0.019854
-0.000963	-0.003102	-0.003773
0.013494	0.047447	0.046965
0.003260	-0.001278	-0.005040
-0.125792	0.004630	0.003842
0.123115	0.132190	0.129711
-0.011345	0.004078	0.001337
0.003762	0.016400	0.012252
0.109112	0.003886	-0.001646
0.014544	-0.003146	-0.003643
0.018534	0.043355	0.042883
0.020371	0.005520	0.005000
0.046567	0.024243	0.023880
-0.009334	0.018181	0.017681
0.036875	-0.014161	-0.014533
0.003323	-0.000640	-0.004639
0.007207	0.003172	0.002709
0.028719	0.002379	0.001141
0.003712	-0.008755	-0.011983
50.824563	10.437512	10.438079
-0.022199	0.026780	0.018910
-0.015866	0.034389	0.033748
0.013204	0.015777	0.009769
-0.003432	-0.000223	-0.001270
-35.412740	-5.590494	-5.585571
0.002648	-0.002140	-0.004743
-0.019562	0.000292	-0.007586
0.005605	-0.006377	-0.007463
227.794778	246.403485	246.361837
-0.065918	0.088501	0.087422
0.008116	0.006254	0.004400
-0.014753	0.027686	0.027275
-0.006203	-0.013916	-0.018005
-0.007480	-0.008545	-0.010743
0.024775	-0.006918	-0.011402
0.003349	-0.015216	-0.015769
-0.009725	0.009679	0.009101
-0.048782	0.052162	0.051608
-0.018039	0.014692	0.007452
0.073498	-0.087168	-0.087525
0.022220	0.032113	0.031604
0.072748	-0.035793	-0.036897
-0.006057	-0.001633	-0.003677
-0.004333	-0.013024	-0.014000
0.006487	-0.044153	-0.044792
0.002949	0.004669	0.001716
3.748421	-1373.658381	-1373.032395
0.006316	0.004150	0.002471
0.003909	0.006607	0.005886
0.023588	-0.007456	-0.008061
0.005087	0.001928	-0.003864
-0.022973	-0.011589	-0.013183
0.053509	-0.044246	-0.044734
0.030247	0.016350	0.015966
0.005587	0.008165	0.004947
0.000728	0.003032	0.002248
0.012292	0.003797	0.000828
0.172293	-0.075901	-0.076435
0.010227	0.001854	0.001347
-0.004468	0.012914	0.012457
-0.005761	-0.004593	-0.012202
-0.021257	0.004186	0.003618
-0.010444	0.023036	0.017175
0.056971	-0.001685	-0.002026
-0.002517	-0.012536	-0.014543
-0.020757	0.023161	0.015858
20.078423	23.042188	23.044921
-0.000768	-0.005103	-0.005589
-0.198653	0.271981	0.271502
-0.055558	-0.004294	-0.005167
-0.048278	0.010203	0.008769
-83.947635	84.033522	0.039730
-83.994099	83.956787	-0.042851
-84.015965	84.018529	0.018927
-84.014912	84.000072	0.001922
-84.044116	83.957943	-0.041343
-83.987471	84.005443	0.005970
-84.002850	83.997538	-0.001735
-84.015346	84.012027	0.012800
-83.998891	83.980204	-0.015466
-101.933672	102.381951	1.432855
-84.013710	84.000149	0.000615
-83.979724	83.994009	-0.006709
-84.031302	84.043331	0.046047
-84.004937	84.003020	0.003339
-83.964528	84.037066	0.037846
-84.030554	83.987333	-0.008748
-83.984982	83.994168	-0.005234
-83.994349	83.992415	-0.006613
-83.946107	84.008258	0.008503
-84.030518	83.962074	-0.037410
-84.028709	84.023525	0.024069
-84.012599	83.980548	-0.013961
-84.064867	83.920783	-0.078707
-84.005763	83.989335	-0.009851
-83.999345	83.995993	-0.001855
-84.042553	83.980959	-0.018130
-83.998987	83.998304	-0.000283
-84.023265	84.018090	0.020509
-84.010100	83.988939	-0.010681
-83.981186	84.015092	0.015682
-84.019670	84.004413	0.005944
-83.998418	83.991689	-0.007499
-84.063194	83.958231	-0.039483
-83.981203	84.017501	0.019574
-84.013041	83.980865	-0.017668
-84.020096	84.004710	0.005120
-84.006641	83.991802	-0.005321
-84.006845	83.988682	-0.006896
-83.970409	83.989382	-0.010069
-84.030652	83.999480	0.000297
-83.978511	83.987345	-0.012160
-83.925628	83.926506	-0.073086
-68.192173	138.105217	0.537250
-83.999847	84.015025	0.020716
-84.052431	84.005052	0.006823
-84.036864	84.008482	0.004594
-84.010895	83.984542	-0.010322
-84.009812	83.996414	-0.003013
-84.026536	84.014456	0.014758
-83.946423	84.001081	-0.001153
-84.017262	83.984932	-0.015054
-83.994022	84.004674	0.005306
-84.004763	83.986424	-0.009830
-84.004230	83.960615	-0.038945
-83.988517	83.989367	-0.009140
-83.989255	83.962722	-0.061489
-83.999376	83.994082	-0.004778
-83.983573	84.028048	0.028681
-83.987552	83.999874	0.002409
-84.018706	84.002920	0.003315
-84.024043	84.003502	0.003950
-84.123854	84.037555	0.038061
-84.006789	84.000333	0.001087
-83.976279	84.027462	0.033809
-83.990624	83.975718	-0.021819
-84.156859	84.090939	0.091205
-83.972835	84.016739	0.018362
-83.992328	83.985822	-0.013721
-84.005850	83.998356	0.001570
-83.992283	83.988616	-0.009801
-83.910731	84.145280	0.145220
-84.061037	83.990241	-0.009620
-84.008229	84.006142	0.010115
-84.015656	84.009760	0.010803
-84.020279	84.001591	0.001964
-83.981458	83.991067	-0.009121
-84.033596	83.991706	-0.003787
-83.969188	83.994311	-0.005028
-83.994302	83.991327	-0.008172
-83.991783	83.997817	-0.000845
-83.985056	84.015787	0.016744
-84.003481	84.010951	0.011892
-83.982062	83.989108	-0.007857
-83.991571	83.989814	-0.009940
-83.998989	84.000975	0.004028
-84.026750	84.011668	0.014653
-84.000258	83.998834	-0.000209
-84.019978	84.012838	0.013387
-84.107460	84.247016	0.243331
-84.043556	84.052025	0.052354
-83.995179	83.999044	-0.000655
-83.990476	83.972725	-0.026367
-83.988006	84.009333	0.009783
-84.015561	83.998541	0.004512
-83.975640	83.992630	-0.007072
-83.990814	83.984774	-0.010851
-84.056929	84.007217	0.013019
-83.981286	84.011473	0.016848
-84.029893	83.966851	-0.032951
-84.021889	84.011231	0.008680
-84.001681	83.997872	-0.001711
-83.964921	84.017181	0.016870
-84.018122	83.994588	-0.002252
-84.009909	83.989187	-0.007500
-84.027415	83.993337	-0.006139
-83.997992	84.002578	0.003890
-84.061289	84.049678	0.048351
-84.003529	83.994869	-0.003519
-84.011847	83.995185	-0.004424
-84.006457	83.980892	-0.018797
-84.032172	84.045079	0.045432
-83.987719	84.003540	0.003970
-84.002312	84.002518	0.002996
-84.016918	83.998839	-0.000609
-84.007535	83.999480	-0.000075
-83.984819	84.002971	0.004756
-84.002507	83.983244	-0.015401
-83.992580	83.984158	-0.015528
-84.026215	84.011754	0.012067
-84.002690	84.007373	0.007979
-83.988482	83.998005	-0.001262
-84.075778	83.992839	-0.006792
-106.954033	89.774506	-59.004526
-84.070658	84.025544	0.026046
-84.024646	84.006356	0.006153
-83.998643	83.997650	-0.001148
-83.999190	84.004150	0.005586
-83.979116	84.000584	0.001450
-84.004627	83.979385	-0.020066
-83.996945	83.999928	0.000547
-84.019146	84.011198	0.013833
-84.157977	84.037799	0.038260
-84.008707	83.993863	-0.004699
-83.988282	84.021594	0.022469
-83.951238	84.017002	0.017774
-83.988773	83.964357	-0.033716
-83.938387	83.942336	-0.057246
-84.002437	84.004457	0.006480
-83.976971	84.017299	0.018134
-83.809843	83.793321	-0.209050
-113.072339	98.572285	-7.958939
-102.660026	102.540873	0.974395
-84.010454	84.000115	0.001248
-84.034458	83.989865	-0.004401
-83.970564	84.068979	0.069503
-84.000506	83.997252	-0.000734
-83.993720	83.995831	-0.003716
-84.058278	84.040133	0.045313
-84.000754	83.992939	-0.006038
-84.087191	84.002316	0.003036
-96.205272	111.432997	8.089959
-84.087986	83.979184	-0.021159
-84.023190	83.960263	-0.034506
-84.013790	83.990614	-0.009204
-83.977794	83.971164	-0.028082
-84.007924	83.986880	-0.011879
-84.015666	84.000295	0.000700
-84.002170	84.005229	0.005534
-83.997337	84.011426	0.012628
-104.420098	102.290939	0.069152
-83.987308	83.990832	-0.008264
-83.996929	83.996967	-0.002346
-83.998960	84.008537	0.009849
-83.999020	84.004141	0.004962
-84.005381	84.008756	0.009226
-83.954839	84.012993	0.018366
-83.994174	83.984672	-0.014989
-84.051396	84.003553	0.006365
-84.019935	83.968432	-0.025144
-83.988937	83.997937	-0.001686
-83.971268	84.017426	0.018384
-83.990396	83.909461	-0.084556
-83.975504	84.001154	0.002283
-83.975492	84.002503	0.008884
-84.016978	83.989160	-0.010645
-83.995987	83.990045	-0.009374
-98.889368	112.647265	-78.576532
-83.956328	84.064307	0.066350
-84.003547	83.991316	-0.029996
-84.029195	84.003845	0.004112
-83.995731	83.998478	0.000176
-84.029094	84.020744	0.021440
-83.902559	83.976902	-0.016932
-84.004605	83.994530	-0.004547
-83.872043	83.858408	-0.141474
-83.820448	84.080857	0.081251
-84.007685	84.013961	0.015517
-83.994175	84.001847	0.002158
-84.006005	84.010931	0.011427
-83.986963	84.002127	0.003189
-84.030508	83.982225	-0.017513
-83.999672	83.988910	-0.009892
-84.014673	84.019611	0.019858
-84.021038	84.014269	0.020454
-83.993600	83.992247	-0.002862
-84.016703	84.016528	0.016741
-84.010225	83.998650	0.000550
-83.984683	83.989903	-0.005181
-84.000797	83.998558	-0.000776
-84.009144	83.938234	-0.062536
-84.090304	83.853816	-0.146401
-83.998556	84.003010	0.004724
-83.898826	84.000662	0.007392
-84.001156	84.002891	0.003668
