-262468.414752	180154.467995	180154.467984
34756.046509	88527.756044	88527.756024
-342017.169550	-109855.618335	-109855.618345
-97326.321000	-195093.439678	-195093.439693
-185229.375805	106741.735547	106741.735534
532289.073891	261703.684258	261703.684192
-23063.389135	-592122.931183	-592122.931197
-454774.783456	-140109.235022	-140109.235030
-159016.694348	561440.002625	561440.002614
-204172.702256	313548.848548	313548.848537
-349450.535155	148421.366487	148421.366477
251451.276743	-20014.122676	-20014.122711
-145534.058186	46477.970640	46477.970626
-584815.732512	-163668.150586	-163668.150593
43670.362530	-113319.159468	-113319.159489
-80825.516304	-253171.243788	-253171.243804
-586001.161920	28742.561386	28742.561379
597271.370864	160083.028925	160083.028831
445930.701460	-424356.479911	-424356.479957
164500.021680	589989.610156	589989.610138
130779.102201	235447.232431	235447.232408
-175001.950230	36501.313902	36501.313889
72346.900320	-77706.543732	-77706.543755
-83972.888807	-478423.279298	-478423.279312
-1207.372825	519477.472593	519477.472579
-189229.025899	-589143.866788	-589143.866799
-170599.247677	-35580.998034	-35580.998048
566087.153590	-55987.097843	-55987.097938
-27265.703178	581558.024033	581558.024020
412576.562338	444752.773835	444752.773799
251374.143062	554940.710987	554940.710966
574836.014431	180957.284633	180957.284549
-550796.682711	52001.475506	52001.475498
490745.344993	-355810.765259	-355810.765317
538840.279872	-258098.248202	-258098.248279
-411733.502414	259560.409505	259560.409496
25898.412674	231042.543672	231042.543653
-385572.535963	71854.723471	71854.723461
413589.971168	297854.916449	297854.916405
243159.145154	385839.957672	385839.957645
81249.323716	611384.506724	611384.506709
16321.883990	400605.803338	400605.803321
-410344.018727	-239054.784762	-239054.784771
-122352.273471	-138424.171753	-138424.171768
-526627.597574	-311657.471802	-311657.471809
329181.997420	265022.089269	265022.089233
-16008.306718	-264646.490141	-264646.490158
130464.859724	5633.037192	5633.037167
280886.566923	513495.838324	513495.838300
470197.145162	-244707.508916	-244707.508978
583786.713330	67665.294358	67665.294260
301921.400364	138502.249888	138502.249850
275509.143711	531970.510101	531970.510078
483320.584265	308551.848404	308551.848351
-615486.021635	25409.252143	25409.252137
-289206.362569	-104807.915625	-104807.915636
-510383.062955	344387.837197	344387.837190
-32563.968775	-192518.294712	-192518.294729
-409231.640193	392624.403077	392624.403069
379564.526866	-260420.574576	-260420.574622
-130015.760784	585777.811780	585777.811769
549526.531547	-271588.172177	-271588.172256
209166.100037	-573350.361977	-573350.361998
-308485.157389	493783.598360	493783.598351
137759.043360	-434535.107525	-434535.107547
-186628.561942	525502.421870	525502.421859
-48753.793584	534897.428046	534897.428033
394194.420853	357310.136844	357310.136805
-200069.906075	-474944.163626	-474944.163637
-187874.394363	138239.744041	138239.744028
502545.599611	356153.073267	356153.073214
-213278.466742	-578176.245751	-578176.245761
395379.011514	-156481.244501	-156481.244553
94099.044765	-225254.028036	-225254.028059
289285.150701	-442115.311380	-442115.311409
-476557.927192	363612.613786	363612.613778
260944.186399	-205783.657963	-205783.657997
89182.278136	-488891.842724	-488891.842742
283566.227372	-368308.000118	-368308.000150
-343606.374264	-21156.917127	-21156.917137
-226246.613446	-573974.247715	-573974.247725
-55751.259206	-406409.074558	-406409.074573
-188962.663514	451161.428593	451161.428582
-69875.690212	24968.742142	24968.742125
-12626.327818	-565864.453740	-565864.453754
132455.669289	-239389.036661	-239389.036685
3220.150744	-617940.922962	-617940.922976
-335430.228304	179435.048325	179435.048315
-68176.026727	594890.181033	594890.181021
131197.338488	122228.940813	122228.940788
-164513.518672	-596235.467295	-596235.467306
425084.830320	-267798.627813	-267798.627866
-581122.613336	4039.410343	4039.410335
128714.192915	-184530.880287	-184530.880312
-385962.090160	-483573.432515	-483573.432523
82525.372362	-56153.171693	-56153.171716
535408.197802	-120596.998069	-120596.998153
-416657.197882	95576.132740	95576.132731
136719.004145	-356928.554242	-356928.554265
-370237.966742	495760.418265	495760.418257
-91973.207003	598209.107068	598209.107057
-494079.539103	349307.920868	349307.920861
-179960.803280	-591998.012991	-591998.013002
492528.509528	-275907.951822	-275907.951887
516971.758842	202237.763633	202237.763566
-403655.664504	322421.270152	322421.270144
-529213.647373	306334.966870	306334.966863
-604552.041718	-55779.495869	-55779.495876
-558638.751952	-93799.672393	-93799.672400
471723.474486	-358665.022465	-358665.022520
576486.649931	19926.492850	19926.492752
513124.455448	265930.617410	265930.617348
537400.016551	196716.702194	196716.702121
-463680.795190	396359.637756	396359.637748
204097.855818	481345.301857	481345.301835
266238.801040	947.028593	947.028557
549486.655851	-208190.489444	-208190.489529
138893.649962	588408.437686	588408.437669
-178078.967514	-485231.633201	-485231.633213
-437147.976475	-421014.967621	-421014.967629
328917.699848	522085.194815	522085.194788
-137779.715137	488360.397143	488360.397132
-453249.239130	246445.346950	246445.346942
315734.671531	-165793.842275	-165793.842315
144961.947047	600835.567570	600835.567553
530311.981190	-229403.099916	-229403.099993
-60317.924779	-615802.387060	-615802.387072
10884.079628	-275708.090384	-275708.090402
570026.095811	179257.417131	179257.417048
-171106.254017	40160.374872	40160.374858
205852.383970	-211701.271122	-211701.271152
-361933.721426	-411664.291200	-411664.291209
573806.041331	-217586.960285	-217586.960378
-589195.292156	-126301.100170	-126301.100177
-338499.085916	-387090.873776	-387090.873786
249428.382298	-505102.617569	-505102.617594
-177110.685735	275454.223156	275454.223143
-340624.338118	-493459.193995	-493459.194003
263607.811059	522725.324111	522725.324088
-224274.757473	498137.859607	498137.859597
151396.988546	298436.822588	298436.822565
92196.196036	-438078.663426	-438078.663445
-443951.091339	230621.522326	230621.522317
377106.872267	-425399.301900	-425399.301938
-489781.604817	272753.654848	272753.654840
332772.267102	-440905.292328	-440905.292361
-249049.863112	63108.127161	63108.127150
-264685.551124	534358.915357	534358.915347
542879.543447	-213686.863581	-213686.863663
-182552.242692	586984.325355	586984.325345
-390468.379365	-295676.273103	-295676.273112
571888.464184	-8884.979900	-8884.979997
534657.536457	131757.287063	131757.286986
-321287.517525	231313.868271	231313.868261
582088.889069	-187272.035678	-187272.035776
11105.047868	554479.563196	554479.563181
-296185.770533	-480944.276428	-480944.276437
248267.144441	538857.803311	538857.803289
-460132.231888	-405558.413706	-405558.413713
-240367.699345	-560761.644780	-560761.644790
472041.980583	-297926.829576	-297926.829634
-600721.321474	-147250.021507	-147250.021513
-413365.198910	228136.574135	228136.574126
-163778.687238	596243.712931	596243.712921
95608.641864	507075.093684	507075.093666
-44810.674251	46673.700010	46673.699993
558288.326143	-36847.639140	-36847.639233
331522.045603	-516289.913366	-516289.913396
243136.334524	479881.339880	479881.339856
-248242.693235	541857.160457	541857.160448
-378576.376966	439505.933395	439505.933387
-239888.652701	534717.406508	534717.406499
-204590.501248	-218871.592001	-218871.592014
-190273.050076	585491.088467	585491.088457
-271699.177081	555823.917549	555823.917540
487514.863426	-134792.637569	-134792.637639
366437.289233	67548.812895	67548.812848
55725.462574	-510037.549260	-510037.549277
82372.225801	148722.118956	148722.118934
-95327.237573	-422121.635579	-422121.635593
293666.330629	127474.403947	127474.403910
494398.104851	-301872.751848	-301872.751911
-291889.974914	-297842.603037	-297842.603048
-573651.628034	-158849.156099	-158849.156106
403533.488226	-449479.516651	-449479.516690
-86719.352175	-136346.425316	-136346.425332
35742.040585	604185.090666	604185.090652
231376.781130	-130554.633504	-130554.633537
28292.804571	363629.952022	363629.952005
-270979.190055	-548122.125759	-548122.125768
581057.454585	-211080.380877	-211080.380973
-415808.909106	-202076.464211	-202076.464220
-269107.765430	183852.402524	183852.402513
-40854.508267	580898.252083	580898.252071
-352113.683201	-178739.222444	-178739.222454
-496716.097596	306706.412688	306706.412681
-533368.625799	-312085.689039	-312085.689047
-358860.801093	121817.664185	121817.664175
-465007.780900	-332358.954766	-332358.954774
-127004.030684	215977.379931	215977.379916
43484.982004	616328.846475	616328.846461
-228422.347454	-438203.888617	-438203.888628
44299.008669	46055.114818	46055.114797
-457335.949325	261966.198336	261966.198328
1846551.070233	-397617.507075	-413165.907064
2207180.077479	-66954.644929	-82503.044922
2041941.754464	159913.941783	144365.541791
1501627.823500	518435.374404	502886.974423
1262308.348572	-360158.429326	-375706.829287
2068640.655079	-261271.582959	-276819.982951
1818928.026982	-440034.516751	-455582.916742
1941614.267229	-236351.852858	-251900.252848
2134645.757075	368776.767587	353228.367585
1396088.114277	-176425.031353	-191973.431322
1719922.386963	534481.185179	518932.785191
2179696.686232	145129.912359	129581.512365
1115711.693963	-259196.231910	-274744.631842
1453928.534389	-176872.418399	-192420.818375
1857990.144190	72113.684420	56565.284432
1701317.959918	625933.689164	610385.289176
1944608.277952	-336601.638027	-352150.038018
1900403.534602	551211.770090	535663.370099
1483666.735452	327347.368549	311798.968571
2158595.875398	200093.355006	184544.955008
1172636.908462	317988.705137	302440.305186
1054065.584691	-196758.940964	-212307.340874
1390079.869091	583342.109692	567793.709712
2074448.195793	-206299.758696	-221848.158689
1570076.588058	617754.007738	602205.607752
2069731.613105	-234942.297500	-250490.697512
2211996.122535	-109366.947691	-124915.347687
1262582.672318	507923.382178	492374.982208
1671789.855737	-602115.568340	-617663.968328
1731612.904478	611518.272554	595969.872553
1590211.926123	-475321.246352	-490869.646336
1643872.164246	-133073.245528	-148621.645510
1714138.622093	-195543.868993	-211092.268978
1036061.585625	-43948.601766	-59497.001667
2090317.405370	-379119.251285	-394667.651278
1833807.915046	-334805.566207	-350353.966197
1051568.787557	-114106.556901	-129654.956808
1561088.859895	314866.609375	299318.209393
1481160.529848	207111.628314	191563.228338
2243387.509059	-38443.811527	-53992.211524
1632389.468543	-593285.880763	-608834.280757
1646348.750256	-269676.182502	-285224.582485
1703131.099228	480576.107808	465027.707820
2246334.623302	-75133.677117	-90682.077128
1700961.351473	345533.981789	329985.581803
1944484.193160	-486890.452779	-502438.852771
1048506.540806	131720.646225	116172.246314
1901325.258715	-423453.872711	-439002.272705
1469299.486117	-153453.525968	-169001.925954
1555202.544609	622185.199407	606636.799286
1647460.380469	-397060.977009	-412609.376994
1832102.411621	-431864.483321	-447412.883422
1898863.057244	-489302.663320	-504851.063319
1430130.064379	-160421.685085	-175970.085089
1221938.633408	475861.863415	460313.463448
1580071.373491	-443639.605615	-459188.005605
1716942.852444	146400.162769	130851.762784
1204327.719245	-425248.848988	-440797.248947
1939426.152745	-319017.713568	-334566.113594
1271472.320034	493394.067420	477845.667396
1320250.635581	-108157.094706	-123705.494668
2173912.785793	-59947.237689	-75495.637699
1539019.884398	333584.233902	318035.833904
1598933.157668	-302985.490074	-318533.890059
2129179.453853	287469.120954	271920.720900
1040373.483445	-87239.258073	-102787.657987
2009219.164965	-156437.419955	-171985.819948
1774366.395480	-229846.110312	-245394.510301
1709905.966614	182890.047441	167341.647452
1096679.437465	-105591.793895	-121140.193825
1852315.474029	290035.372037	274486.972048
2182169.886802	302450.952771	285761.107795
1047379.438643	-178637.733412	-194186.133351
1859942.027908	-176518.505633	-192066.905623
1677574.708576	59675.351096	44126.951113
1474161.299936	-498537.960565	-514086.360546
1536990.912014	-400554.965397	-416103.365381
1099962.570296	-236161.311565	-251709.711506
2227690.137306	148103.203229	132554.803229
2219594.130219	193835.344679	178286.944677
1206823.558703	-130892.887540	-146441.287487
1322646.097779	147410.537249	131862.137285
1081124.356689	-178903.955157	-194452.355104
2238539.313549	128526.256885	112977.856866
1932540.293388	462607.949496	447059.549505
1429711.188835	110624.453192	95076.053220
1751905.642114	448572.609421	433024.209422
2182108.674314	301935.376665	282642.295925
1683153.330763	-369688.360119	-385236.760110
1059142.038318	128225.327582	112676.927317
1679417.802450	-135540.376626	-151088.776624
1782294.986016	365701.537070	350153.137080
1228464.619034	382402.672685	366854.272723
1996397.692990	230441.735279	214893.335285
1049750.953288	136054.692826	120506.290407
2167507.428469	308293.351016	292744.949058
1191487.134587	-88461.869128	-104010.269075
1962616.969807	-348998.068802	-364546.468835
1127794.063452	9967.143743	-5581.256188
1476654.505379	561370.881046	545822.481060
1981709.475267	-80727.626673	-96276.026665
1532981.893916	-565814.689645	-581363.089630
2210330.538015	160549.479661	145001.079608
1200087.171583	-73676.118327	-89224.518323
2239922.667300	33177.872367	17629.472372
1021772.431607	20781.666577	5233.266679
1945079.598578	550726.488987	535178.088988
1453083.201440	208829.597556	193281.197555
1187929.359146	351482.471388	335934.071426
1543679.972915	509135.358126	493586.958134
1051860.488009	160205.843745	144657.443802
2145201.226399	364316.740992	348768.340680
1968493.023281	-292264.725960	-307813.125962
2086101.285867	-350061.157904	-365609.557907
2206941.801749	234133.053663	218584.653649
1165899.040548	-155326.326152	-170874.726099
1307880.022917	-479469.040765	-495017.440736
1018959.991677	-5529.722907	-21078.122817
1451637.630049	127513.209864	111964.809873
1684730.701289	341969.706911	326421.306808
1898039.249283	487124.009672	471575.609674
1437628.294097	-472540.190454	-488088.590437
1236581.176835	255296.531353	239748.131395
1155991.402240	-168051.529837	-183599.929846
1282866.396223	-352399.562944	-367947.962953
1159390.531328	-374688.984475	-390237.384427
2032327.217207	450233.552967	434685.152973
1176632.253692	-284997.689151	-300546.089101
2106219.921805	222323.300277	206774.900274
1434122.500519	455761.806564	440213.406584
2040325.612664	-410181.258125	-425729.658121
2160767.011724	337921.720505	322373.320422
2020733.693166	144652.553095	129104.153081
1450367.787974	420923.354610	405374.954627
1784015.954878	48739.911718	33191.511730
1742744.225878	558886.188176	543337.788176
2079017.909493	-53227.692468	-68776.092462
1275805.433970	-466241.638381	-481790.038362
1058182.162146	240580.393475	225031.993551
1746250.684033	-479916.971827	-495465.371818
1310350.657917	224067.895531	208519.495565
1702727.428257	585108.512201	569560.112199
1287914.243950	-493049.633054	-508598.033060
1130538.914719	-343396.920017	-358945.319965
1724889.873347	582257.089718	566708.689657
1626210.650101	615096.361126	599547.961130
1253419.354702	-451753.896253	-467302.296245
1326872.371565	-197641.799146	-213190.199113
1910361.956209	509782.459041	494234.059029
1720750.344853	425486.620705	409938.220708
1759988.614040	44943.707624	29395.307598
1919170.804162	154418.004969	138869.604978
1552925.602450	169147.267979	153598.867998
2015120.086474	-375878.352408	-391426.752410
1685206.605257	-212729.053204	-228277.453201
1919064.001906	-221570.967237	-237119.367249
1472195.575972	451498.537205	435950.137209
1748914.827702	448141.450152	432593.030303
1475541.895792	492041.355266	476492.955271
1832541.163966	428058.928773	412510.528779
1150280.025618	387075.862348	371527.462392
1266894.034411	-401815.818880	-417364.218853
1888259.235864	579427.586617	563879.186615
2053902.783504	309132.584653	293584.184652
1819668.834770	-93524.730060	-109073.130049
1960636.636331	523435.309305	507886.909297
2156353.020901	68515.053302	52966.653306
1425162.470560	141719.266797	126170.866801
1242835.627837	417289.202363	401740.802391
2194092.573861	201872.821925	186324.421876
1439283.526792	287708.955843	272160.555865
1477493.932445	398373.665772	382825.265781
2042485.459951	-446476.131294	-462024.531293
1497135.050579	435124.940168	419576.540161
1300157.931066	518444.591957	502896.191968
1747265.842443	550104.801427	534556.401170
2127368.088465	-166862.728931	-182411.128927
1956987.646337	-471693.497561	-487241.897594
2157987.476755	345473.632877	329925.232385
1395519.812463	-481415.927119	-496964.327105
1168208.539879	-210227.387102	-225775.787052
1832065.912615	534235.037891	518686.637892
1400558.597512	-550014.348724	-565562.748705
2016674.790551	302287.190170	286738.790163
1779159.645404	-271022.771924	-286571.171917
2082842.835282	-371770.844377	-387319.244666
1586538.332234	246978.713684	231430.313700
2019265.277563	-92261.720953	-107810.120956
1355507.644096	167941.381349	152392.981372
1312067.828022	-502659.843883	-518208.243902
1078147.664362	-255116.995101	-270665.395051
1106838.461299	-84027.603108	-99576.003058
1530545.287343	-583849.184970	-599397.584990
2230831.307114	116353.731037	100805.330946
1136689.239339	238141.815499	222593.415555
1472294.377888	-549982.530528	-565530.930518
2243988.180820	-72798.875163	-88347.283732
1465746.886969	-562011.170647	-577559.570730
1054801.471244	112124.620630	96576.220630
1960249.685740	-170838.688078	-186387.088076
1418168.831297	-142385.751684	-157934.151691
1438018.515394	-258203.105912	-273751.505888
1073033.865818	-193452.878932	-209001.279000
1578768.785548	-319486.614277	-335035.014280
