240.025012	-12.667808	-11.731502
232.700641	-3.283491	-0.770626
226.945707	14.817540	3.961390
223.499073	-11.005339	-7.984786
861.450559	-204.150209	-207.634987
208.579061	10.126155	2.930500
206.757834	30.674348	12.885081
223.881344	21.781132	30.101681
260.425280	-1.673942	-12.086478
223.070880	-13.190296	-7.617640
233.139419	-18.389960	-30.259886
83.951908	100.156400	-35.902724
253.417235	3.866166	-6.952473
266.148348	127.380033	130.146028
241.003932	1.141168	0.209373
222.218043	10.280414	13.223138
213.079894	7.638612	5.018280
245.737224	40.805484	30.677320
189.548628	38.572304	25.844368
-3980.977380	27490.542352	27490.523139
218.228684	-8.331534	-6.313495
231.487506	14.024210	11.417702
232.008144	19.702688	10.071030
222.817087	37.721572	15.212387
194.008990	34.188689	26.925698
181.363947	-93.068357	-98.991771
393.339589	202.050265	195.487915
256.665954	47.542247	46.217255
247.157323	70.185635	53.721029
422.345054	-59.540148	-80.319686
232.411415	-3.750092	-2.259446
233.059446	-13.465805	-8.211388
48.205584	775.473222	772.915208
255.121496	-35.009642	-35.090865
159.797525	-15.068881	12.867364
233.887644	-4.896787	-11.116671
164.459960	2.384848	7.320416
264.275292	-50.610360	-28.238426
191.488324	10.869164	-56.234680
-66.324662	-73.688373	-77.098415
229.699265	-31.976009	-28.246023
255.689614	25.461288	22.268775
245.499369	-27.634683	-26.081209
199.463808	5.194290	6.035101
249.486589	-53.151755	-59.423774
368.937457	13.483528	9.937032
190.060764	-9.984402	-4.308114
239.688259	-16.406355	-16.660841
222.767693	-18.478422	-15.311035
268.217020	4.961201	-15.459709
274.899062	53.208664	17.923297
204.431939	2.545862	5.548446
186.507213	21.055873	19.519390
245.354520	37.789796	33.095114
200.039339	-51.456315	-54.420509
218.987163	-9.207014	-2.479386
185.949214	12.786409	10.020788
117.644820	-54.876177	113.048809
229.124409	-24.179634	-12.710234
274.460638	0.848300	-14.815018
323.946758	111.886559	185.679093
220.115795	-1.870755	-0.850623
200.711671	-25.579109	-20.300234
250.402287	-16.408337	-20.569432
222.081228	-36.127564	-27.158537
245.657273	52.430473	39.027469
253.136352	20.324543	19.492448
108.953934	166.475473	160.006309
288.191920	-86.272172	251.481030
241.512874	-19.590645	-27.413736
195.492206	-41.326051	-18.373089
220.924737	-114.089866	9.760318
383.285207	-788.892958	-691.322851
225.642957	-28.833376	-25.173424
236.628676	50.823184	38.649085
250.435079	33.482852	-0.909386
227.888460	-27.115444	-20.973036
230.066095	18.892260	3.523967
229.837820	102.429873	71.384893
206.368218	59.429169	46.620562
154.302671	-40.484774	-44.299331
259.168098	41.020904	4.203272
417.982703	230.404691	222.878980
225.284480	-29.454287	-25.469974
318.245529	-77.235327	-100.600751
200.217101	8.430612	5.845831
252.428279	-15.016443	-13.987665
241.650553	-24.734019	-20.804454
224.919068	-34.745692	-29.449281
210.683468	9.817258	2.923699
334.086176	-59.025869	-67.681334
266.288556	17.562625	-4.200535
231.434486	-28.376861	-23.670702
253.458168	32.356923	23.656447
530.581047	-139.034367	-142.033203
176.623847	-7.408730	15.065939
180.603143	13.548895	14.356957
254.368256	5.190756	-6.473053
220.921203	-4.895829	-3.075775
219.541419	12.431616	1.127478
624.738128	-118.343998	-123.980776
202.223007	8.296846	6.384008
360.464673	32.553902	25.001358
164.666582	50.384360	29.401859
217.354943	19.485600	12.136244
215.626810	-19.588243	-41.906492
217.334248	-1.099509	1.737739
242.393900	-22.586520	-26.305982
72.691524	633.733837	528.440582
244.937269	55.463865	59.367101
-1497.041300	-654.576745	1317.555239
542.505921	21.029967	13.824838
217.031560	0.785131	3.618180
314.024555	160.579055	150.212813
208.498177	4.908531	2.785260
178.123971	-34.377962	-46.191013
253.020160	-2.267453	-5.237278
208.055414	42.863344	24.559496
241.749300	-6.160165	-3.741552
209.050355	26.899725	17.387043
202.433508	91.780005	79.322729
293.783134	-18.471552	-21.666871
208.129283	-29.668122	-22.935272
197.612747	-35.993319	-21.230169
242.664373	-22.421125	-19.818918
236.101797	-4.391027	0.544377
225.825758	-26.460723	-22.693026
202.911617	34.377871	16.648927
650.397563	-1982.972379	-1983.258870
252.057426	-31.187246	-32.981461
207.175171	42.146488	17.625003
253.753810	-30.053331	-32.956192
-792.509949	-621.446083	-623.702305
193.576845	15.864086	11.703672
71.716374	212.560613	50.072226
236.041387	-7.310564	-4.695109
210.341072	89.364801	82.622155
311.155380	29.095516	29.755982
226.457678	-27.892030	-23.362652
189.956131	36.951843	33.320579
-9021.728008	12684.476160	12684.454879
231.459820	-2.889698	-1.062914
55.607523	-19.394097	-23.767943
237.919796	-12.728407	-17.380684
233.609664	28.378247	21.342430
135.342877	84.684818	80.332283
-1052.248255	95.243231	-485.866403
-1191.798636	-146.111929	-169.553813
232.850804	4.845875	2.221917
252.272285	-14.998133	-17.460149
232.410006	88.733698	72.163580
314.043160	113.737301	149.268078
104.456159	-45.537660	-49.114844
232.823633	-15.632608	-13.916419
223.674535	-6.299555	-3.463324
198.830598	10.886689	7.179879
239.878532	1.292057	2.773404
195.022030	-43.247896	-20.751896
344.062076	65.851841	-85.257058
183.473553	-35.103376	-25.061812
286.252143	48.402570	-14.631255
286.702607	28.621561	21.510133
290.961695	-11.032570	-20.174591
227.476503	76.979463	70.808672
227.772219	-14.993774	-10.568261
244.356692	4.131797	-7.775046
235.101949	-5.683327	-5.446218
249.386641	-131.420473	-125.545236
232.601184	3.704107	4.032269
477.788860	13.615518	10.542099
264.598935	-28.134302	-26.591712
210.301424	-13.603282	-4.785167
214.824316	12.663190	6.727498
157.504717	-103.328976	-99.420630
968.781439	-1102.847961	-1184.918330
192.864719	7.195546	12.902321
244.197475	24.154451	23.956635
261.048691	27.138143	16.965010
200.094041	62.947783	52.337856
207.363839	-83.868268	-35.663472
233.613036	-0.068301	-3.183235
241.932293	51.887913	33.898086
245.253535	51.909690	30.965368
141.458167	80.950559	75.842788
154.387491	53.782355	46.037669
146.339977	-1.643604	-21.131384
269.922678	-12.157295	-17.480308
35.443433	56.491272	52.347537
221.050681	15.123590	12.122303
271.384828	-16.194947	-15.698506
157.789836	11.272621	9.854059
112.044244	2.171661	7.915901
221.074040	1.820896	2.689032
231.190819	-22.665951	-23.904017
1185.042087	-511.282713	-523.191755
256.624724	71.730569	78.442685
246.471421	-27.348872	-26.052581
264.891278	31.626420	13.690231
226.046582	50.683341	22.041725
167.012332	20.295793	18.864378
250.498765	-0.686092	-2.549963
824.993596	-79.179092	-84.550809
202.260109	-3.995468	-21.118693
177.040279	-15.358089	10.731596
-271.996302	365.965812	51.066356
-316.829696	321.836724	-8.231209
-326.375608	352.126500	-63.959797
-318.319631	343.620153	-25.761524
-333.075330	352.291456	-24.838384
-293.159506	331.397457	-13.354812
-324.905273	339.206043	-34.977893
-316.014250	342.112269	-21.426153
-326.736107	349.020242	-18.287424
-332.286756	363.819007	-26.497159
-330.478787	344.836880	-17.477403
-327.735652	345.437782	-30.365378
-468.328262	282.211558	-151.081106
-319.323223	341.390034	-16.954646
-329.000589	377.787738	-13.188504
-314.938059	306.315134	-53.053532
-299.051437	321.559251	-70.011681
-318.306888	339.778575	-53.628282
-283.390248	328.675956	-13.868019
-339.876141	369.779702	-22.225046
-331.354087	357.456149	-14.578160
-318.138635	317.873173	-49.617939
-327.872546	338.042667	-19.155715
-285.104566	341.734364	-4.945172
-300.982552	319.863319	-15.957134
-317.934502	359.316503	-22.078706
-472.158373	287.849982	-204.728018
-339.637298	379.372002	-17.657038
-330.894412	317.567985	-286.348923
-327.710182	339.869374	-22.117377
-341.047128	360.324451	-13.326561
-181.447526	671.690177	-724.031683
-324.195008	355.149776	-11.170327
-298.893330	347.663612	-18.672760
-334.712755	382.085556	-18.209509
-344.909281	356.803960	-14.744885
-313.262852	319.273472	-69.730772
-333.628965	365.071822	-9.883444
-260.262979	349.173320	13.292796
-314.393797	312.373692	-61.547927
562.197655	1950.847882	940.063882
-274.869658	289.956784	-102.162484
-305.602753	325.403028	-11.632597
-333.703575	357.793746	-24.396066
-328.252138	345.648425	-21.306972
-328.230411	347.780850	-15.953654
-275.032147	505.653220	168.075381
-330.548904	319.854445	-45.595258
-328.976088	344.366848	-27.977463
298.743077	-571.599213	-871.400266
-325.200427	316.654379	-40.401247
-450.341882	472.332701	-13.331125
-325.392875	363.083615	-22.766257
-254.097721	331.105170	-42.218575
-324.096801	312.254717	-77.881223
-333.208258	340.077423	-56.572243
-335.992817	342.550149	-21.678433
-305.557710	306.118975	-25.376945
-335.245362	341.690845	-59.426037
-346.410099	342.448976	38.613023
-296.601704	338.231209	-11.852570
-338.070428	360.640350	-23.277324
-320.107789	353.119670	-21.710822
-329.124280	349.146535	-17.500881
-358.410580	339.842452	-223.098462
-339.711075	341.890414	-32.612776
-322.930328	368.634268	-22.550435
-307.836176	338.992791	-6.658898
-321.655303	363.068857	-16.990364
-324.778279	320.393231	-50.170687
-322.661544	294.045554	-143.425345
-329.740454	341.742800	-22.356540
-321.410469	309.450601	-46.622085
-339.742815	357.909052	-19.329802
-331.796340	318.449317	-47.911024
-336.910106	344.019846	-12.515621
-335.271413	350.021343	-23.958352
-332.845438	321.910447	-47.884331
-59.537934	222.512329	-77.566535
-328.091516	352.778541	-13.708067
-311.967454	342.198280	-23.408798
-331.783955	324.813201	-43.904256
-321.905667	345.559053	-18.397649
-330.328661	333.418905	-12.120776
-324.256489	358.430261	-17.390158
-373.564467	341.338513	-13.263809
-327.501389	340.660935	-19.230922
-310.277230	336.273319	-0.321389
-325.870155	350.343602	-15.574831
-254.555816	318.951065	-60.267560
-319.480115	345.169216	-19.451039
-321.846875	326.338673	-50.708298
-329.543404	341.777464	-16.619765
-581.338107	357.415153	-663.707848
-369.257011	310.461447	-73.808722
-327.973734	349.001021	-12.223256
-330.148162	328.711406	-24.913593
-311.969928	304.548303	-63.859396
-334.368242	345.064318	-22.000354
-276.447366	335.889493	-8.183042
-340.144162	356.471115	-17.956026
-206.695839	591.225597	105.705442
-316.165897	353.924139	-17.538414
-324.403723	347.729944	-21.718859
-329.695381	405.267307	-28.624929
-316.369460	317.113868	-50.796547
-309.293317	339.891476	-19.469749
-324.556620	345.678752	-25.123286
-325.770557	358.926169	-17.283928
-336.075223	340.354227	-26.405801
-317.605160	347.508461	-16.975828
-305.385294	297.639591	-52.652375
-313.794907	331.647721	-18.161880
-330.463416	349.897842	-16.586345
-335.255429	343.312435	-24.128591
-334.946394	363.702978	-23.817168
-329.536393	382.670718	-21.499688
-331.857387	349.334071	-17.402007
-254.745428	249.108925	-83.976563
-322.083524	317.010331	-46.952389
-336.706954	357.260197	-22.066414
-310.365276	311.655194	-51.791643
-322.679281	347.258333	-12.719362
-311.735480	362.336820	-23.761139
-329.579363	320.981666	-54.057862
-326.227123	356.437318	-9.590648
-335.021106	368.841866	-21.102942
-307.509123	302.278115	-57.596209
-326.640783	350.850979	-18.107018
-341.779033	324.701521	-33.989253
-333.461516	340.166428	-18.592067
-316.917228	350.300241	-19.484886
-311.142293	312.039621	-53.491586
-512.108243	600.018567	-1154.596149
-323.794156	324.001225	-51.578307
-317.191347	315.578084	-30.076288
-319.905822	249.047448	-45.289360
-320.970431	378.115518	-49.044070
-315.850589	327.849033	-49.539293
-317.123598	398.415946	-3.922985
-338.752856	355.275448	-14.561932
-317.008904	318.063212	-46.804641
-320.734040	321.547106	-38.614174
-436.806389	220.498736	-126.497033
-330.734467	349.560459	-73.156300
-277.265320	212.710661	-131.832123
-323.125190	357.221665	-16.661290
-320.473267	346.847675	-29.663532
231.462182	163.809900	-15.026994
-326.952685	341.981460	-17.295931
-331.078706	327.300915	-52.057092
-296.739762	344.454615	-46.671628
-294.621918	233.731015	-144.702655
-335.247900	351.548899	-21.731554
-338.383677	343.569244	-19.394567
-321.301853	350.691985	-19.624597
-303.836088	330.515168	-37.096341
-329.649771	356.220319	-15.673933
-331.935371	336.985816	-24.897530
-332.687795	357.644917	-11.562929
-313.992315	311.259797	-56.586394
-335.355851	358.277373	-21.836604
-330.628679	359.757020	-18.100901
-291.042058	329.020025	-32.619802
-329.402477	347.550586	-23.933908
-310.713756	105.815988	37.769908
-332.514126	349.174365	-24.558459
-331.295016	341.730903	-24.118923
1257.379962	1255.476380	-13084.137994
-329.445416	332.908174	-31.353451
-324.157630	324.803315	-8.807946
-417.849135	288.309815	-51.696824
-315.605525	323.433860	-66.251302
-311.953541	303.603333	-53.469412
-318.750319	339.475400	-27.768747
-323.121785	333.536330	-39.809474
-325.392787	347.785247	-10.663046
-336.207668	355.020505	-23.269365
-329.507318	360.269127	-18.963778
-332.594750	357.471541	-15.240119
-308.817001	399.246789	23.956577
-329.261179	367.964259	-17.167149
-322.648626	345.288951	-17.249995
-337.498713	343.637568	-19.971143
-337.473525	360.722351	-23.961074
-312.128199	307.590989	-63.078495
-323.206307	339.875873	-28.925196
-324.070024	333.641931	-37.594822
-323.354388	319.245076	-44.514075
-326.771844	321.135516	15.230701
-304.045065	330.581994	-26.079429
-334.617564	367.470128	-19.404968
-327.115377	338.647590	-23.453937
-283.801058	354.558686	12.593068
-324.219353	348.932745	-21.331566
-294.734576	331.282032	-52.786148
-337.335236	365.061036	-34.881770
-207.084791	395.829202	-129.906713
-324.055007	296.065325	-73.654965
-335.432176	349.610705	-25.811645
-326.465935	356.850811	-18.031625
-308.527558	342.324672	-16.733916
-321.153676	342.858838	-22.483628
-339.148879	352.867058	-19.919276
