-262468.456100	180154.490304	180154.490291
34756.046641	88527.755209	88527.755187
-342017.167840	-109855.618316	-109855.618327
-97326.319629	-195093.439221	-195093.439237
-185229.375942	106741.736024	106741.736010
532289.064251	261703.685216	261703.685145
-23063.388900	-592122.930049	-592122.930064
-454774.782668	-140109.235124	-140109.235133
-159016.695421	561440.004868	561440.004857
-204172.701833	313548.847527	313548.847514
-349450.534056	148421.366251	148421.366241
251451.277930	-20014.120680	-20014.120718
-145534.065452	46477.968575	46477.968560
-584815.715077	-163668.138488	-163668.138495
43670.363302	-113319.158760	-113319.158783
-80825.514760	-253171.242998	-253171.243015
-586001.162962	28742.559359	28742.559351
597271.365685	160083.031530	160083.031427
445930.699207	-424356.479030	-424356.479079
164500.010713	589989.611008	589989.610989
130779.101971	235447.232276	235447.232251
-175001.893830	36501.365095	36501.365080
72346.901085	-77706.541958	-77706.541983
-83972.889222	-478423.278585	-478423.278599
-1207.373959	519477.474561	519477.474545
-189228.993528	-589143.874267	-589143.874278
-170599.247101	-35580.997314	-35580.997328
566087.151812	-55987.094499	-55987.094603
-27265.724067	581558.021907	581558.021893
412576.561297	444752.773243	444752.773204
251374.143017	554940.702142	554940.702118
574835.898392	180957.243247	180957.243155
-550796.683061	52001.474052	52001.474044
490745.334605	-355810.764763	-355810.764826
538840.280665	-258098.249898	-258098.249982
-411733.506125	259560.407303	259560.407294
25898.412992	231042.543312	231042.543292
-385572.535631	71854.725075	71854.725065
413589.971841	297854.916246	297854.916199
243159.145012	385839.957723	385839.957694
81249.320547	611384.504698	611384.504682
16321.884300	400605.802618	400605.802600
-410344.017851	-239054.783826	-239054.783835
-122352.269851	-138424.171854	-138424.171871
-526627.675615	-311657.476725	-311657.476733
329181.997882	265022.089159	265022.089119
-16008.303712	-264646.490583	-264646.490602
130464.859367	5633.036983	5633.036956
280886.557791	513495.845644	513495.845617
470197.147540	-244707.510354	-244707.510421
583786.712632	67665.293867	67665.293761
301921.394852	138502.242176	138502.242135
275509.130997	531970.501370	531970.501345
483320.583847	308551.847420	308551.847363
-615486.014146	25409.251715	25409.251708
-289206.363225	-104807.915622	-104807.915634
-510383.048228	344387.839101	344387.839093
-32563.969301	-192518.294672	-192518.294691
-409231.640956	392624.402290	392624.402282
379564.529951	-260420.574449	-260420.574499
-130015.762898	585777.810664	585777.810653
549526.524272	-271588.165390	-271588.165476
209166.099858	-573350.360622	-573350.360645
-308485.155319	493783.598790	493783.598780
137759.041609	-434535.107279	-434535.107303
-186628.563383	525502.422597	525502.422585
-48753.792252	534897.429329	534897.429315
394194.420989	357310.136033	357310.135991
-200069.901956	-474944.165086	-474944.165098
-187874.394738	138239.742633	138239.742619
502545.598429	356153.071877	356153.071821
-213278.478105	-578176.240558	-578176.240569
395379.011793	-156481.244957	-156481.245012
94099.046819	-225254.027941	-225254.027966
289285.153016	-442115.310633	-442115.310665
-476557.929694	363612.609908	363612.609899
260944.185727	-205783.657541	-205783.657578
89182.276891	-488891.842261	-488891.842281
283566.227841	-368307.999987	-368308.000022
-343606.373293	-21156.916981	-21156.916992
-226246.597502	-573974.248904	-573974.248914
-55751.260542	-406409.075125	-406409.075141
-188962.663172	451161.429957	451161.429945
-69875.689428	24968.743677	24968.743659
-12626.328819	-565864.454907	-565864.454922
132455.667994	-239389.035137	-239389.035164
3220.148410	-617940.920293	-617940.920307
-335430.227210	179435.047490	179435.047480
-68176.029419	594890.178128	594890.178115
131197.337456	122228.940836	122228.940809
-164513.537309	-596235.460463	-596235.460475
425084.832398	-267798.627212	-267798.627269
-581122.613442	4039.413143	4039.413136
128714.193071	-184530.880971	-184530.880998
-385962.086795	-483573.431711	-483573.431720
82525.371265	-56153.174104	-56153.174129
535408.196462	-120596.998974	-120596.999065
-416657.194646	95576.132501	95576.132491
136719.004283	-356928.554022	-356928.554047
-370237.963830	495760.417304	495760.417295
-91973.201969	598209.103175	598209.103162
-494079.544474	349307.918704	349307.918696
-179960.827047	-591998.003356	-591998.003367
492528.509285	-275907.952520	-275907.952590
516971.767553	202237.761120	202237.761047
-403655.665502	322421.269354	322421.269345
-529213.639756	306334.967126	306334.967118
-604552.039557	-55779.496058	-55779.496065
-558638.751963	-93799.673256	-93799.673264
471723.483515	-358665.019407	-358665.019466
576486.649230	19926.491277	19926.491172
513124.463379	265930.614973	265930.614907
537400.012598	196716.702219	196716.702140
-463680.793302	396359.635033	396359.635025
204097.858820	481345.302584	481345.302560
266238.799351	947.026432	947.026393
549486.638939	-208190.512235	-208190.512327
138893.657460	588408.444162	588408.444144
-178078.971849	-485231.630836	-485231.630848
-437147.976776	-421014.965230	-421014.965238
328917.694427	522085.194154	522085.194124
-137779.716224	488360.398088	488360.398075
-453249.234737	246445.348968	246445.348959
315734.671586	-165793.842578	-165793.842621
144961.946595	600835.556534	600835.556516
530311.986944	-229403.096301	-229403.096385
-60317.923295	-615802.384827	-615802.384840
10884.076619	-275708.088252	-275708.088272
570026.208525	179257.457105	179257.457015
-171106.302033	40160.326590	40160.326575
205852.384426	-211701.270640	-211701.270672
-361933.719969	-411664.290001	-411664.290011
573806.046873	-217586.943107	-217586.943207
-589195.290688	-126301.103386	-126301.103393
-338499.086579	-387090.874862	-387090.874872
249428.382637	-505102.616428	-505102.616455
-177110.686185	275454.223090	275454.223076
-340624.336478	-493459.192521	-493459.192530
263607.821383	522725.329610	522725.329585
-224274.756590	498137.861980	498137.861969
151396.988384	298436.822168	298436.822143
92196.197681	-438078.663311	-438078.663332
-443951.088366	230621.528474	230621.528465
377106.872237	-425399.302510	-425399.302551
-489781.599234	272753.654754	272753.654746
332772.267011	-440905.291216	-440905.291252
-249049.861356	63108.127398	63108.127386
-264685.535214	534358.920416	534358.920406
542879.569153	-213686.848793	-213686.848882
-182552.289480	586984.314082	586984.314071
-390468.378852	-295676.272707	-295676.272717
571888.463302	-8884.980341	-8884.980446
534657.537303	131757.288125	131757.288041
-321287.517823	231313.867186	231313.867175
582088.884526	-187272.041184	-187272.041290
11105.045376	554479.563337	554479.563322
-296185.770536	-480944.276358	-480944.276368
248267.152299	538857.802386	538857.802362
-460132.227330	-405558.414720	-405558.414728
-240367.693483	-560761.648258	-560761.648269
472041.988779	-297926.827594	-297926.827658
-600721.312559	-147250.022547	-147250.022555
-413365.203125	228136.576788	228136.576779
-163778.692250	596243.704988	596243.704977
95608.641533	507075.094071	507075.094053
-44810.675634	46673.698781	46673.698762
558288.327806	-36847.640888	-36847.640989
331522.044826	-516289.911723	-516289.911756
243136.332869	479881.341733	479881.341708
-248242.687286	541857.145667	541857.145656
-378576.376066	439505.932755	439505.932746
-239888.670200	534717.417803	534717.417793
-204590.500361	-218871.591623	-218871.591636
-190272.988299	585491.097414	585491.097403
-271699.169057	555823.911006	555823.910996
487514.864760	-134792.638051	-134792.638127
366437.288909	67548.812934	67548.812884
55725.463588	-510037.547679	-510037.547698
82372.226294	148722.118171	148722.118147
-95327.236050	-422121.635273	-422121.635288
293666.336215	127474.411040	127474.411000
494398.097910	-301872.747147	-301872.747215
-291889.974849	-297842.602768	-297842.602780
-573651.648411	-158849.161125	-158849.161133
403533.486538	-449479.513917	-449479.513960
-86719.354306	-136346.425872	-136346.425889
35742.045044	604185.095395	604185.095380
231376.781272	-130554.633961	-130554.633996
28292.804405	363629.952773	363629.952755
-270979.184721	-548122.126335	-548122.126346
581057.429113	-211080.394250	-211080.394354
-415808.907736	-202076.464498	-202076.464507
-269107.725692	183852.379546	183852.379534
-40854.491309	580898.252890	580898.252877
-352113.683292	-178739.222304	-178739.222315
-496716.098153	306706.412373	306706.412365
-533368.543113	-312085.683686	-312085.683694
-358860.799873	121817.665845	121817.665835
-465007.780315	-332358.954108	-332358.954117
-127004.031184	215977.379631	215977.379616
43484.979408	616328.837303	616328.837288
-228422.346617	-438203.889541	-438203.889552
44299.008199	46055.115246	46055.115223
-457335.946796	261966.193150	261966.193141
1846131.070208	-397197.507870	-413165.907858
2206760.078527	-66534.644976	-82503.044968
2041521.751867	160333.940254	144365.540263
1501207.824056	518855.372315	502886.972334
1261888.354182	-359738.427607	-375706.827565
2068220.653161	-260851.580679	-276819.980670
1818508.036561	-439614.509854	-455582.909844
1941194.264198	-235931.851124	-251900.251113
2134225.779058	369196.754943	353228.354939
1395668.117160	-176005.029648	-191973.429614
1719502.390295	534901.187616	518932.787629
2179276.690193	145549.914146	129581.514152
1115291.691333	-258776.228651	-274744.628578
1453508.531046	-176452.414562	-192420.814535
1857570.143152	72533.684365	56565.284378
1700897.961724	626353.684928	610385.284940
1944188.280769	-336181.636377	-352150.036367
1899983.534460	551631.769033	535663.369043
1483246.736769	327767.368369	311798.968393
2158175.878530	200513.355071	184544.955073
1172216.909656	318408.705805	302440.305858
1053645.596928	-196338.934387	-212307.334289
1389659.870098	583762.108218	567793.708240
2074028.193966	-205879.759960	-221848.159953
1569656.576600	618174.010078	602205.610093
2069311.611441	-234522.297512	-250490.697524
2211576.121633	-108946.945127	-124915.345123
1262162.677533	508343.376479	492374.976512
1671369.852903	-601695.566693	-617663.966680
1731192.900418	611938.269034	595969.869033
1589791.925033	-474901.244457	-490869.644439
1643452.167090	-132653.246228	-148621.646209
1713718.620243	-195123.870308	-211092.270292
1035641.586724	-43528.602236	-59497.002128
2089897.388673	-378699.236568	-394667.636560
1833387.915431	-334385.566051	-350353.966040
1051148.790406	-113686.555400	-129654.955299
1560668.857241	315286.610942	299318.210962
1480740.525140	207531.628313	191563.228339
2242967.506150	-38023.814150	-53992.214147
1631969.469404	-592865.879918	-608834.279912
1645928.749908	-269256.182551	-285224.582533
1702711.100716	480996.107077	465027.707089
2245914.488039	-74713.546262	-90681.946273
1700541.339211	345953.979462	329985.579477
1944064.193503	-486470.447525	-502438.847516
1048086.585649	132140.701835	116172.301931
1900905.257199	-423033.871978	-439002.271972
1468879.480692	-153033.528164	-169001.928150
1554782.558753	622605.193925	606636.793797
1647040.380633	-396640.975969	-412609.375953
1831682.403584	-431444.487178	-447412.887284
1898443.058781	-488882.661141	-504851.061139
1429710.064483	-160001.684351	-175970.084354
1221518.636231	476281.863169	460313.463204
1579651.373330	-443219.605785	-459188.005774
1716522.851913	146820.163517	130851.763533
1203907.721753	-424828.848155	-440797.248110
1939006.155005	-318597.717347	-334566.117375
1271052.317979	493814.071761	477845.671737
1319830.635072	-107737.095332	-123705.495291
2173492.789152	-59527.238552	-75495.638563
1538599.884974	334004.232102	318035.832105
1598513.155810	-302565.491613	-318533.891596
2128759.456131	287889.122152	271920.722081
1039953.486748	-86819.259537	-102787.659443
2008799.163311	-156017.420386	-171985.820378
1773946.394802	-229426.110642	-245394.510629
1709485.966276	183310.046518	167341.646530
1096259.437258	-105171.792270	-121140.192194
1851895.473612	290455.372116	274486.972128
2181656.747260	302963.069749	285755.631982
1046959.447720	-178217.737990	-194186.137923
1859522.028081	-176098.506127	-192066.906116
1677154.709141	60095.351230	44126.951247
1473741.298467	-498117.959961	-514086.359941
1536570.912572	-400134.965419	-416103.365401
1099542.570036	-235741.312710	-251709.712646
2227270.130950	148523.203361	132554.803361
2219174.122502	194255.344603	178286.944600
1206403.556195	-130472.887651	-146441.287594
1322226.099965	147830.538326	131862.138366
1080704.350834	-178483.960967	-194452.360909
2238119.304312	128946.254401	112977.854381
1932120.290983	463027.950721	447059.550730
1429291.190684	111044.456903	95076.056933
1751485.253627	448992.552982	433024.152984
2181590.705956	302403.576425	282373.238960
1682733.329586	-369268.360229	-385236.760219
1058722.001447	128645.341168	112676.940890
1678997.799685	-135120.377104	-151088.777101
1781874.984794	366121.537466	350153.137477
1228044.618741	382822.672669	366854.272710
1995977.693544	230861.735186	214893.335193
1049330.946776	136474.617560	120506.215012
2167087.443251	308713.344239	292744.941778
1191067.136126	-88041.865793	-104010.265736
1962196.964973	-348578.064775	-364546.464810
1127374.062757	10387.143082	-5581.256844
1476234.506263	561790.879218	545822.479234
1981289.477089	-80307.627722	-96276.027712
1532561.891607	-565394.692024	-581363.092008
2209910.539073	160969.476601	145001.076545
1199667.167728	-73256.124088	-89224.524082
2239502.665496	33597.872495	17629.472500
1021352.432395	21201.664280	5233.264390
1944659.594857	551146.486158	535178.086160
1452663.205844	209249.596909	193281.196909
1187509.359642	351902.471064	335934.071105
1543259.970317	509555.357583	493586.957592
1051440.488478	160625.838058	144657.438121
2144781.207052	364736.743877	348768.343545
1968073.021349	-291844.727076	-307813.127077
2085681.282862	-349641.161814	-365609.561816
2206521.798691	234553.051527	218584.651510
1165479.035939	-154906.331043	-170874.730985
1307460.017909	-479049.043197	-495017.443165
1018539.993245	-5109.722256	-21078.122158
1451217.624784	127933.210146	111964.810156
1684310.713229	342389.709830	326421.309722
1897619.250286	487544.011244	471575.611247
1437208.293020	-472120.191267	-488088.591249
1236161.177137	255716.531066	239748.131112
1155571.405330	-167631.524592	-183599.924600
1282446.389685	-351979.565440	-367947.965448
1158970.532258	-374268.983155	-390237.383102
2031907.215530	450653.552419	434685.152425
1176212.252731	-284577.688180	-300546.088126
2105799.922875	222743.300040	206774.900035
1433702.505195	456181.805124	440213.405147
2039905.611318	-409761.256475	-425729.656471
2160347.001965	338341.739460	322373.339359
2020313.695850	145072.555515	129104.155501
1449947.791355	421343.355546	405374.955565
1783595.948839	49159.911050	33191.511062
1742324.229616	559306.174369	543337.774370
2078597.908961	-52807.692979	-68776.092973
1275385.434974	-465821.638147	-481790.038125
1057762.163384	241000.392680	225031.992763
1745830.684114	-479496.970492	-495465.370482
1309930.658246	224487.895119	208519.495156
1702307.437296	585528.510432	569560.110430
1287494.251384	-492629.629202	-508598.029208
1130118.916526	-342976.919626	-358945.319570
1724469.867641	582677.088361	566708.688296
1625790.649951	615516.359636	599547.959641
1252999.358933	-451333.897282	-467302.297274
1326452.372043	-197221.798459	-213190.198422
1909941.954824	510202.457555	494234.057543
1720330.347276	425906.622646	409938.222650
1759568.619516	45363.708820	29395.308794
1918750.804411	154838.004992	138869.605001
1552505.601380	169567.268370	153598.868390
2014700.086165	-375458.351878	-391426.751880
1684786.607286	-212309.052219	-228277.452216
1918644.004474	-221150.968848	-237119.368860
1471775.575783	451918.535195	435950.135200
1748495.214346	448561.506616	432593.085677
1475121.897164	492461.354240	476492.954246
1832121.162408	428478.929087	412510.529093
1149860.027909	387495.861207	371527.461254
1266474.033983	-401395.818327	-417364.218299
1887839.235491	579847.583052	563879.183049
2053482.782343	309552.583695	293584.183692
1819248.834562	-93104.730468	-109073.130456
1960216.631696	523855.309389	507886.909381
2155933.020841	68935.053953	52966.653957
1424742.472893	142139.264856	126170.864861
1242415.627781	417709.201243	401740.801274
2193672.574310	202292.820261	186324.420209
1438863.527750	288128.955871	272160.555894
1477073.931710	398793.667760	382825.267770
2042065.457897	-446056.128883	-462024.528882
1496715.046120	435544.940848	419576.540841
1299737.928628	518864.589336	502896.189349
1746845.831693	550524.814602	534556.414331
2126948.086460	-166442.728838	-182411.128834
1956567.641637	-471273.499642	-487241.899677
2157567.480440	345893.612968	329925.212441
1395099.813751	-480995.926553	-496964.326538
1167788.537915	-209807.385859	-225775.785805
1831645.912312	534655.037233	518686.637235
1400138.599212	-549594.347020	-565562.746999
2016254.793360	302707.190081	286738.790073
1778739.645143	-270602.771026	-286571.171018
2082422.845546	-371350.854462	-387319.254766
1586118.331409	247398.713832	231430.313849
2018845.275429	-91841.720694	-107810.120696
1355087.643766	168361.380499	152392.980524
1311647.823899	-502239.838058	-518208.238078
1077727.669911	-254696.992012	-270665.391956
1106418.459741	-83607.606284	-99576.006228
1530125.286755	-583429.179216	-599397.579236
2230411.308483	116773.740189	100805.340092
1136269.239501	238561.815196	222593.415257
1471874.374278	-549562.536506	-565530.936494
2243568.306321	-72379.003997	-88347.413036
1465326.891499	-561591.161765	-577559.561852
1054381.471382	112544.630840	96576.230843
1959829.686097	-170418.688333	-186387.088332
1417748.833742	-141965.756452	-157934.156459
1437598.515182	-257783.105166	-273751.505139
1072613.858761	-193032.874150	-209001.274219
1578348.788395	-319066.611993	-335035.011996
