22.348728	0.396991	-0.091577
25.017213	-0.352059	-0.832252
19.564515	0.684726	0.257932
22.062168	1.824509	1.062530
83.571739	-19.178845	-19.481709
21.624674	0.761496	0.841214
21.406448	0.713635	0.195857
21.408904	0.626722	-0.123733
22.874026	0.484470	0.021257
24.805532	-0.895432	-1.198097
21.785719	-1.152678	-1.359551
12.698685	5.764404	-4.397046
20.871186	-0.527620	-0.677223
23.769607	12.222569	12.498131
19.113231	0.823394	-0.012613
20.864611	0.167457	-0.113095
22.016702	1.989458	1.116506
23.192952	6.628892	6.052212
19.851766	3.152304	2.306018
-388.332833	2679.156207	2679.154344
24.046100	0.093429	0.257970
21.095779	1.942118	1.428693
21.671962	2.025200	1.543403
26.764538	1.941374	1.443191
19.591994	0.936856	1.046400
19.379207	-7.264090	-7.786912
38.541326	16.310324	15.793447
25.186008	2.494155	3.439959
24.361936	5.854582	4.929828
36.096580	-5.644585	-7.052472
21.568867	-0.894929	-1.646820
21.127677	0.830819	0.416570
6.375422	72.168138	71.957209
28.508811	-3.602122	-3.661943
17.890805	-2.240956	2.552211
21.156001	-1.255851	-0.289684
17.179110	1.781939	0.683734
21.504938	-0.872043	-0.276556
23.039764	1.759714	0.783636
-5.238610	-8.202876	-8.435212
21.639635	0.182611	-0.529681
26.262517	2.961149	3.353412
23.282975	1.224254	0.860296
20.554688	0.590413	0.193485
22.166893	-6.072072	-6.600361
35.778861	3.257780	2.528407
22.061870	1.362663	1.552558
27.001792	-1.092257	-1.224719
20.304252	-1.524920	-2.383966
24.612677	0.472738	0.534428
24.808109	0.735558	-0.014921
18.586101	0.485377	3.501469
23.012633	-0.180102	-0.720647
21.611440	1.855093	1.400383
22.447756	-6.117967	-6.258092
24.983025	-1.086565	-1.790749
20.646139	0.414477	-0.093643
16.818541	-2.671466	7.661939
24.493202	3.033566	1.764920
28.105759	0.765766	0.269387
30.621928	8.711750	14.425556
20.356856	-2.202932	-1.542042
18.322101	-1.205215	-1.345731
26.068776	-4.660975	-4.923478
23.369272	-3.338889	-3.082625
24.151474	2.344456	1.855441
27.609379	3.861146	1.953912
9.927023	13.472464	13.051937
25.415697	-5.500993	11.618782
26.654988	1.499611	-0.490427
20.230481	-3.255320	-2.208236
22.319754	-8.554212	1.307323
35.207067	-60.513741	-52.704859
21.579489	0.395581	-0.202212
21.417685	5.428718	4.814747
24.146665	1.751791	0.701151
21.291627	-1.838560	-1.185360
22.140213	1.776777	1.240363
22.223237	4.154320	2.174630
22.050077	3.021857	2.790991
14.400455	-2.589030	-2.915809
25.870939	0.734343	-0.000387
39.054568	18.709394	18.012881
22.983137	-0.279865	-0.648596
27.944446	-5.421369	-6.924462
21.628062	-0.713614	-1.499278
24.649446	-0.833949	-1.308439
23.455787	-0.929645	-2.077468
21.339045	-1.856163	-1.755956
19.095846	1.112907	1.431001
31.557269	-6.146229	-6.789595
24.907805	-0.144866	-0.626374
21.785418	-2.322826	-1.893767
24.442833	0.855377	0.870656
52.869973	-14.207177	-14.459551
17.949296	-0.311899	0.685076
21.701684	0.700891	0.137662
25.666854	-2.584019	-1.882261
23.183052	-0.411103	-1.631482
20.578760	0.341636	0.901456
61.560409	-10.330142	-10.813498
19.219872	-1.745317	-0.150266
37.001381	0.939427	0.611969
18.797939	2.758704	1.748202
18.680948	1.777638	1.875940
21.200098	-4.277309	-3.523911
19.362045	0.354113	0.033321
23.778369	-0.614006	-0.739796
10.047565	52.658685	44.093302
22.897478	2.873553	2.379507
-122.900078	-54.190726	112.447973
55.307517	2.294327	1.671857
20.972252	4.006279	2.885016
31.333157	12.433585	11.645536
18.658255	-0.926897	-1.055008
19.585455	-0.599167	-3.177838
23.277432	-0.910396	-0.995472
20.321202	2.817739	2.826123
20.363742	0.476449	-0.091550
23.013174	2.212192	1.847556
19.583537	4.136472	3.391786
29.153784	-4.857980	-5.060378
20.166343	0.162626	-0.787724
20.389665	-1.722209	-1.651942
25.087566	0.481164	-0.364737
26.714554	-0.172054	-1.168428
25.169471	-1.665290	-2.892107
20.674282	0.128562	0.051791
64.004127	-189.676251	-189.702627
21.701695	-0.897891	-1.190095
21.924917	2.995711	0.592528
23.514976	-0.888921	-0.782451
-76.401196	-57.250554	-57.459963
18.155409	0.114569	1.068639
13.962774	14.451144	3.798334
22.379794	1.332344	0.774282
19.320582	6.485389	5.632129
30.464749	0.507161	0.824184
22.537852	-3.510734	-3.223278
20.792082	1.895771	1.177851
-879.903604	1236.151543	1236.149485
25.999202	-1.734374	-1.653313
5.333615	-2.012373	-2.299415
26.468443	-0.935600	-1.530469
24.949153	1.201597	-0.015214
14.857423	8.177359	8.203377
-75.879788	5.754955	-39.318037
-108.740826	-13.202237	-15.412340
23.116255	-0.401508	-1.502540
22.874753	-1.528527	-1.769116
21.876615	4.307228	3.195148
26.338446	5.101349	7.651775
15.063345	-2.654319	-2.094596
21.477234	1.574992	0.758817
22.517350	0.419628	-0.925844
19.266173	-1.030124	0.218647
21.984121	0.299641	0.109625
22.926216	-3.457391	-3.367016
29.369328	5.189103	-4.598301
17.162651	-1.700168	-1.185976
22.177471	0.150069	0.000979
27.985839	0.188261	-0.635443
22.422896	0.108465	-0.275809
24.236237	6.195419	4.999763
22.798400	-3.511078	-2.887933
25.411626	-1.913602	-2.282689
21.892312	-0.615890	-1.299682
24.303026	-10.058011	-9.067567
24.307020	-3.299344	-3.378726
46.599969	-1.263476	-1.515311
23.019249	-0.082297	-0.729347
24.147995	2.302511	1.005320
23.815400	0.630386	0.209278
19.591838	-8.679411	-8.333112
91.959869	-99.399727	-106.921322
19.301221	1.994009	0.271444
20.001335	-0.519153	-0.160878
22.699435	1.843710	0.791878
19.741519	6.380728	5.486515
21.808610	-6.861905	-3.085874
24.593855	0.613594	0.459493
23.687238	2.168632	1.938396
26.357750	3.643484	1.298869
13.449842	10.061224	9.401128
15.652311	5.952617	5.518317
17.863342	1.791441	-1.576352
22.029719	-0.411836	-0.138049
4.206481	3.102468	2.837511
21.215436	-1.299221	-0.842012
22.182834	0.607036	0.016881
13.503349	-0.244204	-0.328291
11.406182	0.757645	1.350524
22.579199	-1.467372	-1.677116
21.777450	-2.863287	-2.359513
114.163861	-47.436027	-48.548068
26.470327	5.578879	5.534689
26.134651	-2.641576	-3.336525
22.852953	2.553032	2.215945
21.252361	0.453024	0.305927
16.871069	-0.499141	-0.886033
21.968001	-1.202305	-1.748950
79.142607	-9.042022	-9.533899
22.182767	2.231741	1.580093
17.444816	0.401183	1.277273
-18.467929	33.459560	4.689597
-20.781488	31.240438	-1.089146
-21.077148	31.323859	-3.873409
-23.979894	33.539655	-0.086194
-23.640147	32.774122	-1.735929
-23.064047	33.460853	-2.178448
-21.626158	31.171327	-2.977759
-25.812318	36.464625	-1.505851
-21.698915	34.019389	-1.134454
-20.321792	34.604842	-1.266366
-24.338381	32.723021	-3.108921
-20.930931	33.484985	-1.618553
-36.294936	29.614638	-13.404852
-22.395285	32.764352	-3.752019
-22.643831	33.152632	-2.052494
-21.439724	31.586476	-2.612425
-18.965115	31.841310	-2.980814
-19.509648	32.339965	-3.749705
-14.691094	33.615952	0.939467
-21.084703	32.369218	-1.384609
-23.049911	33.076503	-2.640224
-22.317402	31.205520	-4.680418
-19.619274	32.853767	-3.449265
-20.830775	31.888968	-1.385598
-22.435684	32.193678	-1.732256
-20.784594	31.754040	-2.773635
-35.430996	28.447662	-20.167898
-20.646843	33.307775	-1.123921
-22.672729	32.158271	-13.746471
-23.367222	32.510879	-2.231815
-23.113229	33.458935	-3.127413
-11.491382	64.577271	-65.025367
-22.182714	32.776683	0.471403
-20.425372	34.084393	-1.615350
-22.082091	33.084533	-0.852470
-21.059525	30.798874	-1.788031
-22.200368	31.884806	-2.268188
-22.110491	31.441682	-1.947535
-15.451031	31.877712	-1.403597
-21.301512	31.197892	-2.570546
62.953921	187.113632	89.637483
-17.458670	30.112576	-7.468795
-21.439295	34.495430	-4.160532
-20.164623	32.338754	-2.411356
-21.822256	30.452285	-2.894925
-22.053702	33.172397	-1.222878
-17.715746	48.591935	14.290781
-19.787183	32.794866	-3.121143
-21.280162	32.697613	-1.840204
37.380657	-56.465520	-86.749825
-20.048803	31.081551	-3.508325
-33.365100	48.343629	0.436316
-22.968340	32.233815	-2.568225
-13.866690	31.721131	-6.307609
-21.293534	31.157732	-3.739631
-22.337224	31.840413	-3.123853
-20.887358	34.026786	-1.193421
-22.956794	26.063154	-5.058257
-22.313781	31.765172	-1.650853
-20.394511	32.356766	-1.569772
-23.947577	33.000327	-2.440335
-21.899371	32.251428	-1.278648
-21.698942	30.542174	-3.890320
-20.969635	33.083274	-1.445596
-26.681818	35.881819	-19.116981
-20.610085	33.086745	-2.106748
-22.478342	32.460055	-1.866657
-16.195315	30.707281	-1.132202
-21.699873	33.079944	-0.919069
-21.420592	32.032128	-4.722398
-21.588263	30.789622	-12.477441
-24.808074	37.233446	-1.100707
-19.652111	29.559930	-4.207047
-21.496129	33.042954	-0.982691
-20.067192	32.550970	-0.782947
-22.465149	32.004226	-1.644131
-21.265180	32.889140	-1.217319
-18.802293	31.113581	-2.549570
5.231816	21.765901	-8.897178
-19.768408	31.765955	-2.115247
-20.056601	33.672526	-1.199428
-19.187911	31.487073	-3.117205
-20.249173	32.102554	-2.157913
-21.882523	33.534123	-3.424979
-21.336665	32.593474	-0.782698
-27.118163	33.370392	-3.857087
-19.920071	29.196794	-4.230075
-20.712371	36.052237	-2.181180
-22.925157	33.594079	-1.541457
-18.638414	31.832068	-4.068132
-21.703256	32.690034	-2.062386
-21.854561	33.034629	-3.124542
-22.174920	32.362108	-2.065646
-40.647170	34.410887	-50.152122
-24.711417	32.755492	-5.606695
-22.022192	34.427993	-1.965188
-17.756364	34.889197	-3.470107
-21.657599	32.122283	-2.802110
-22.416058	32.209313	-3.299393
-15.663348	33.501586	-0.700603
-20.234521	32.481574	-1.635081
-10.022614	54.886258	7.896640
-21.464319	34.192989	-0.331018
-23.165181	33.439383	-2.170627
-23.327698	40.164575	-5.052430
-19.867501	30.827988	-2.165826
-22.882735	33.270783	-1.663354
-22.233847	33.122729	-1.259124
-21.078597	30.732261	-0.777070
-19.647692	35.581970	1.306822
-20.132369	32.311027	-2.598816
-22.015700	31.600143	-2.897915
-16.550930	30.459712	-4.287901
-23.565347	34.384604	-1.855093
-23.050474	32.995479	-2.985730
-21.310049	32.757954	-0.765962
-21.104869	32.982358	0.074270
-21.653900	33.033988	-1.565555
-15.575506	24.641040	-8.552257
-20.507497	31.058404	-3.933247
-19.885135	33.557955	-2.019308
-21.229059	30.586660	-5.193365
-21.820067	33.742346	-2.031232
-22.198529	34.084899	-2.864200
-20.088941	31.530528	-3.728625
-22.084724	30.629295	-1.240971
-25.802263	38.220496	-3.038976
-23.345374	33.810822	-4.419674
-21.600187	33.658970	-1.542768
-26.887291	34.099590	-3.968121
-20.508712	33.794481	-2.132481
-27.319671	36.975529	1.253618
-19.286887	32.638800	-4.946408
-41.624935	58.804367	-110.489584
-20.407401	31.673511	-3.456621
-20.137020	32.677234	0.300440
-22.295704	23.968340	-5.585550
-22.673912	39.724960	-2.635049
-22.747301	31.275277	-3.147541
-20.404264	35.144385	-1.297427
-20.569615	32.562971	-1.540931
-22.026147	30.505525	-4.409656
-20.766126	31.359621	-2.504355
-33.186264	25.303076	-9.180513
-20.869822	31.379452	-4.015412
-20.167117	21.380819	-13.504328
-22.976022	32.138525	-2.879102
-24.091262	36.120282	0.386272
23.226194	18.974013	-1.946970
-22.599579	32.167269	-4.126654
-20.716648	32.070838	-0.741848
-21.485013	33.512670	-4.861896
-20.868265	24.208207	-12.296557
-20.279122	33.115560	-0.713593
-20.460894	31.007709	-1.057446
-20.822615	33.125325	-2.797234
-23.004938	32.713964	-3.009777
-21.676407	33.785627	-1.515321
-22.460212	34.115736	-1.909888
-21.647948	33.942904	-1.449830
-23.361342	32.582843	-4.379205
-20.360067	33.539324	-0.435590
-21.823964	34.633306	-1.486655
-23.994491	30.490588	-3.697716
-23.091941	33.091456	-2.973344
-22.149748	14.067153	2.839111
-23.367219	33.853797	-1.951603
-22.773467	34.503793	-2.620449
127.716529	122.097407	-1248.999067
-19.986124	35.893209	-0.048165
-22.615204	31.442075	1.249602
-30.285072	30.464640	-4.311211
-21.571637	31.299648	-2.848165
-20.318109	31.513301	-2.809791
-22.981298	32.867224	-2.232852
-21.860146	32.688979	-1.352101
-20.133246	33.474572	0.050759
-20.863854	34.826373	-0.893120
-21.801814	33.116912	-1.665081
-22.192319	31.974723	-3.138053
-21.160273	35.176219	0.517447
-22.034964	32.272398	-1.303348
-22.424250	32.950433	-1.604828
-21.389676	33.471496	-0.811009
-22.227430	34.128912	-1.666411
-22.471054	33.511761	-0.818260
-21.005889	31.160348	-2.289482
-22.545752	32.725303	-1.318203
-19.908886	31.394758	-2.074326
-19.919030	33.059275	3.900277
-19.762632	28.531011	-4.546451
-22.447123	32.153013	-2.788143
-19.723773	33.164695	-2.358963
-17.219475	33.157793	-0.404506
-21.949766	32.272115	-1.398621
-19.549022	32.098792	-4.202184
-22.727139	32.426306	-2.850052
-16.193861	34.747508	-8.671171
-23.075765	34.026357	-1.623124
-21.094085	33.271628	-1.340970
-20.266579	33.378371	-2.302667
-23.284927	32.380880	-2.037505
-21.117866	34.113966	-2.169844
-22.704861	32.962631	-1.305645
