-303629.934215	-535163.770169	-535164.946091
-122769.292306	554220.959907	554218.618927
117709.157896	56924.639870	56919.147629
111197.059287	-462625.035046	-462627.729078
177910.653339	-532652.349208	-532655.012549
-203025.275980	287243.164992	287240.773975
431501.207235	-370553.506047	-370560.345032
542223.302166	166690.410284	166667.677652
692367.011270	358241.164156	358124.057828
-133707.679485	594818.127419	594815.946334
123595.397659	-570449.578165	-570451.816566
275417.083660	-17701.479305	-17709.903415
135043.742352	304151.970934	304146.310562
239428.169700	-35285.668974	-35293.063890
605570.537951	-126765.684471	-126788.310061
-534654.281980	-246218.725606	-246219.801100
-481956.096739	322431.725792	322430.389716
313921.261992	130096.597200	130086.212032
103042.623739	-544122.870801	-544125.143313
229368.344833	183395.492461	183387.582371
520763.991185	313970.217215	313951.310285
-257581.976018	553990.182419	553988.404207
689626.693784	32508.834362	32439.571213
-98587.543662	582262.885156	582260.501028
-244415.634244	-258839.899291	-258841.683686
-139615.800543	-329318.557829	-329320.580266
296869.460860	-336433.518898	-336438.786708
513611.864428	7174.493432	7155.082922
-122043.085545	-140555.946793	-140558.519250
-501064.945561	129925.029981	129923.706619
-130383.986757	434511.571610	434508.986472
-347134.446037	485162.588638	485161.004001
171818.299490	135908.861370	135902.248777
-248047.422264	532243.695442	532241.846431
-199112.710516	76800.849335	76798.405106
-113617.078500	360164.861196	360162.023248
31465.417459	515456.073483	515452.606615
-60643.892046	376234.096447	376230.907507
-289594.609558	-458265.904803	-458267.226266
-462824.826150	-108113.663556	-108114.988567
-145785.909138	450245.408709	450242.944915
31154.353342	443518.138471	443514.368340
-175162.947156	190508.744109	190506.137479
-171930.335295	-9956.733170	-9959.249930
-14537.037732	-472938.249247	-472940.334265
70342.174985	614479.088926	614475.788335
-267433.465623	-357735.579699	-357737.120996
501931.707331	35722.558594	35703.513508
568592.683021	-27523.520248	-27546.415376
26763.478896	-528536.323644	-528538.367105
407040.159776	123998.857639	123984.656042
-160461.549055	595482.433108	595480.368174
403210.013106	-462614.663088	-462619.627796
-11453.392100	204130.807193	204126.889687
-24254.733097	-208805.089083	-208808.081066
352797.136680	-324410.463352	-324443.924241
265745.633894	-137321.993830	-137329.043783
172660.251202	538004.710734	537999.955002
581237.471251	31035.650099	31010.538832
-456246.835299	415503.798371	415502.389073
-377830.228889	2913.893206	2912.258637
98767.008551	-591818.162474	-591820.220510
262816.777331	-557228.376661	-557231.329052
-422642.954282	-125999.175536	-126000.587681
28726.219776	35516.590891	35512.354149
-335046.725853	213412.271625	213410.443546
476961.635887	350094.577822	350079.163831
-472663.193392	-380022.113663	-380023.181578
399898.303575	-257209.309066	-257217.691316
270374.850598	-61768.710764	-61776.622934
601847.492050	27276.903000	27249.984640
-33173.321868	-571616.322954	-571618.037708
-286374.917281	-490761.161169	-490762.437920
-488366.900132	-370835.158747	-370836.208791
51270.656222	-230487.137900	-230490.611671
-405769.323493	409464.001739	409462.516721
513410.664978	-92812.244585	-92829.394191
437498.817086	242751.234973	242735.867372
381738.746615	-230328.251975	-230336.674665
-352099.462407	-459458.248748	-459459.441573
414545.152958	383784.005893	383771.947949
244802.008522	144502.215851	144651.022259
-12364.070337	-597127.863942	-597129.563059
8261.159835	107612.995149	107608.880241
-476378.698280	-79725.278588	-79726.589549
43182.629170	-616525.223714	-616527.017926
-440725.089691	26755.415883	26753.958232
446003.773672	326322.064531	326307.559189
466442.452255	314957.203746	314941.480953
-128339.736481	550867.486220	550865.168102
-581934.632652	-85090.493903	-85091.580594
-12190.838261	-608260.311544	-608261.977717
-240873.271563	-480928.739137	-480930.130983
530113.949683	-159267.245512	-159283.288309
476730.011246	-373586.649488	-373594.290391
77489.319929	-166570.630000	-166574.659153
617682.591868	-17181.238463	-17208.913822
22262.756222	417360.271972	417356.485939
-599022.002171	2639.922065	2638.834292
-499444.891414	-113717.168864	-113718.405995
-609294.254775	21787.313405	21786.239806
-474887.064048	20579.834382	20578.470194
-444779.765168	-3290.788132	-3292.220192
-598574.995348	-154415.360283	-154416.383349
267654.338104	-477070.617486	-477074.200020
-248518.001808	-11178.907355	-11181.111169
132909.887639	-442082.107792	-442085.033459
-297362.312244	241599.289019	241597.319492
78751.436349	513696.623204	513692.724891
-76332.754325	-90881.091470	-90884.073348
-543075.191016	-27497.578463	-27498.766552
186464.774667	520422.880928	520417.812059
-476061.236864	411703.867196	411699.848416
-155653.948887	95356.616695	95353.878595
558862.428809	265434.490383	265411.869851
19590.696313	964.223222	960.168268
-317233.946982	-482101.996869	-482103.225063
476537.310969	-81113.437129	-81128.752220
-457504.502618	-138644.064278	-138645.379618
-526633.581642	-214174.237263	-214175.350964
-108683.580707	-512597.762023	-512599.422291
305776.687963	-533686.761398	-533690.145085
-335000.562222	516500.837528	516499.255496
-493760.123514	-262323.103201	-262324.240965
-279385.937702	312712.618032	312710.615013
-188976.873550	-567664.954753	-567666.299135
83569.395268	-494469.898253	-494472.306364
155215.886088	-575695.560364	-575697.900699
487916.844406	320514.936820	320498.243870
4294.932292	469462.230162	469458.800915
68653.993306	-15045.859296	-15050.437657
76461.992434	498415.190384	498411.233632
568423.452570	-243470.090118	-243484.916495
-589406.108322	27662.198995	27661.085605
-278714.376573	377812.741153	377810.795868
-71930.532469	-592033.090593	-592034.647749
388492.502736	-51076.151577	-51087.926770
-121728.050453	591505.589285	591503.341812
393514.896017	-263236.095302	-263244.178241
497717.677995	-325338.220799	-325347.552504
510470.512571	-191276.764323	-191290.693714
484550.400844	33505.755513	33487.904794
-444783.416422	203881.202412	203879.732523
-59448.095843	-615382.454520	-615383.983156
-283050.984829	-288845.649457	-288847.259756
-351187.148527	-491894.526596	-491895.677529
-412061.322865	-33425.001619	-33426.509791
-376743.848521	-441837.890807	-441839.060159
356865.664368	184048.110703	184036.130776
-163517.775441	-529449.609393	-529451.088105
-19583.006450	4400.394735	4396.727280
359452.048144	446359.727482	446350.520917
-303135.094961	441594.650051	441595.202012
613889.423092	2221.960362	2194.234630
-305778.255867	30537.838613	30535.928502
540951.726580	-50711.134619	-50731.278340
-111759.733970	184785.864941	184782.827677
544252.809227	13782.615942	13780.807188
218730.100553	259648.274802	259640.804188
593299.363267	172557.920896	172530.752167
3051.842174	-175433.949541	-175437.266909
423552.304711	711970.061141	711835.226385
273926.728683	-485807.535880	-485811.091547
207588.982772	-164052.891792	-164058.614745
-258100.865363	-508025.088715	-508026.395748
436727.033600	425281.935035	425269.992289
281222.305875	549374.906974	549368.714445
402609.165397	264413.762522	264400.338875
-379390.615444	45030.906913	45029.256400
-227423.377481	-288640.749099	-288642.537506
-331780.198614	506554.507902	506552.902562
569553.093310	240839.812533	240815.740064
-609964.993736	34978.671442	34977.595806
-411722.709616	385192.418789	385190.932397
38584.708552	-222914.841931	-222918.244994
181474.470763	426327.208135	426321.473177
-15190.750790	606707.185637	606704.424354
-310410.990216	46281.948626	46280.048059
374708.969040	-165675.940620	-165685.339501
368328.677884	-6125028.990110	-6122412.897508
248662.223437	-271073.229922	-271078.556705
-263375.483237	285889.439789	285887.346349
-346955.394874	247494.763220	247492.989874
481898.222392	184429.001616	184410.631382
415435.231831	-444379.099789	-444384.467432
-78592.678295	-578841.458875	-578843.032898
-522463.229657	-139015.893227	-139017.065921
356033.928312	-88997.461064	-89007.505892
-29509.491706	-347854.487082	-347856.945700
261810.385992	131228.748657	131219.989322
-355628.847357	490782.690758	490781.140353
-428130.200275	300700.840993	300699.352035
-409680.016582	-179003.484923	-179004.883202
584476.265510	99387.542663	99361.351448
-352291.279256	403423.682503	403422.030313
594016.405737	-153007.048722	-153027.554678
-554076.281434	-230707.637230	-230708.689703
143668.132870	332689.387533	332683.705805
608462.934138	-56411.313702	-56436.953101
-254267.850684	-16900.743361	-16891.635837
-455015.161873	137921.482899	137920.039066
-441906.027741	-6886.382831	-6887.823011
-179477.695626	288956.823725	288954.300874
50359.571758	423057.582454	423053.535163
337937.401061	805136.016967	102909.594508
1521118.922466	506144.204328	-196103.089099
1456904.969018	551814.808480	-150432.368838
524516.674799	1071012.920407	368770.695159
1195316.508106	538206.771379	-164039.500069
958346.881846	1255867.097352	553620.415344
812805.312346	1217420.105294	515174.080687
738560.140701	1248090.824918	545844.977251
370464.714855	919097.360606	216864.026253
1447404.473160	994381.742007	213500.286228
1398622.434336	453049.853847	-249197.145869
1458085.673915	987221.332843	284971.790928
355288.951162	556780.732787	-145467.223375
1327393.191375	1107337.557252	405090.209972
1066364.072010	95107.350996	-607138.802950
484887.360517	816244.730210	114009.121221
1275490.664302	360500.146441	-341746.490970
636074.639843	1227335.302638	525090.140576
1332808.337908	782891.433660	80644.018695
1333606.247061	281375.478133	-420871.399248
1281933.517531	187718.170737	-514528.636935
455411.125550	490769.329632	-211461.360685
1325740.837394	260467.356261	-441779.557701
910696.986439	1060634.813642	358389.007223
561424.599058	981911.905475	279670.538697
948017.671695	941265.430524	239019.877812
736883.627950	974972.409644	272728.492265
690024.016648	735946.736390	33705.718010
1147661.807090	1272215.191725	569968.024694
1265898.343508	590821.619833	-111424.991808
787268.772858	135428.961200	-566815.125582
1128328.164114	617141.315389	-85104.651005
594105.209491	274748.060068	-427494.445928
473089.622164	1072960.472012	370719.075977
776463.007330	904206.434654	201962.610377
1464328.071438	365009.633106	-337237.540130
570260.952254	845768.477776	143529.244073
533524.786251	518014.879326	-184219.773807
1277562.295504	210285.728848	-491961.076774
1070066.677697	149071.663845	-553174.384069
941860.370212	1304585.968190	602339.188840
1064081.088151	1307105.650132	604858.582168
538188.874263	571067.515214	-373848.547344
393078.761541	664712.418297	-37516.297188
525981.879610	370546.630416	-331695.938970
1479834.363182	893288.250997	191028.053984
421056.308663	766195.961749	63964.806017
1298030.106576	482287.948516	-219958.740757
1437410.728326	683504.078338	-18743.285206
1454977.210215	894320.401317	192066.091179
1473349.845991	1027466.395605	325218.313779
1242181.889290	321413.748981	-380832.798432
553118.016445	453363.554433	-248873.077318
1003198.705007	1316667.205687	614420.239985
694959.600969	995656.635287	293413.011087
342238.155773	579916.797393	-122482.167386
1004945.403979	413208.780554	-289036.317971
1202472.682760	177904.712784	-524341.847114
437849.505037	1035062.409659	332822.637418
1483104.670807	421035.152911	-281212.056431
1410491.053835	315388.842054	-386858.226764
1320091.477918	238497.033706	-463749.894463
1176227.722948	460974.186776	-241271.988478
344269.504346	697545.392628	-4679.797039
674519.833037	753956.608017	51715.751716
1400023.581528	1119292.087456	417044.577499
754872.280869	126327.654158	-575916.189996
1341066.377867	648037.247474	-54209.716270
580876.103549	421716.084797	-280522.305561
516595.021865	1131882.549371	429639.472509
1371206.773541	963472.527006	261224.363298
1354081.584966	785918.395098	83670.675714
468241.502813	417990.916461	-284244.128339
1031498.840595	356608.257744	-345637.128988
1174481.496895	1248279.293214	546032.097631
1434117.482733	788992.638813	86744.172046
477857.929711	739159.920107	36926.171049
1194201.564737	217526.569494	-484719.910196
1164350.731849	1015891.900581	313645.105470
943413.984206	416773.302021	-285471.238048
973510.517989	99585.278115	-602660.386979
1066522.681445	322767.547802	-379478.133525
646164.702377	452883.644819	-249355.703920
1329744.431334	1002347.663345	300100.177045
615355.618926	726360.755215	24121.786402
616597.347272	405535.310335	-296704.083128
1074353.172897	417574.152576	-284671.461362
1310131.563408	348490.475934	-353756.313728
475682.587574	355125.969628	-347135.476558
1527923.901441	492980.734391	-209266.708326
1284593.239878	928539.146137	226291.833460
1027102.520664	163076.913249	-539168.884541
994061.012895	1296867.067407	594620.122739
380182.819866	720070.240108	17842.571966
1409941.409403	696939.043505	-5308.326840
448659.192599	814656.476988	112422.578548
427515.310350	464785.900257	-237443.471799
424350.927300	707841.277392	5610.913977
1563116.310903	705694.208702	3446.537880
1506697.983384	862118.651302	159862.290856
1159873.170440	1189199.751253	486952.693487
1516104.941765	793937.371008	91688.472523
509652.928448	412218.892767	-290018.892193
630334.526804	510944.396154	-191294.061797
1335003.312691	373873.963850	-328372.889431
893730.361249	215445.821202	-486798.853162
1502121.088311	975926.685413	273675.656824
879385.434012	477244.161436	-224999.560723
1447972.524166	577392.555827	-124854.643972
1332201.017238	1167552.294547	465304.908195
1074885.653554	1298684.120246	596436.800050
1275340.369677	762844.604291	60597.629887
1189874.394453	981380.767030	279133.909309
1315504.825103	424251.940205	-277994.822561
1366254.289132	621614.282431	-80632.737197
723241.790499	871724.202038	169481.364116
550124.284072	1161991.492572	459747.635237
1283687.114396	849423.644981	147176.387719
1548209.979747	602871.498772	-99375.912579
1223720.729473	205749.546644	-496497.104720
1156480.392256	251363.742299	-450882.531560
1098826.139745	1298230.521376	595983.289856
1424114.666691	935911.615567	-66723.501423
1305334.729911	200541.901655	-501705.057086
1465184.133620	781335.609268	79087.056683
974140.610297	621559.834080	-80684.998993
891238.120929	303583.542647	-398660.763725
1115381.138573	528497.704965	-173748.135809
1282424.351967	609792.258127	-92454.478690
1261346.714422	429728.899095	-272517.672420
579681.405468	343512.907902	-358727.705071
1340191.397117	236197.386053	-466049.717212
596264.858725	1104550.114219	402306.462549
1028429.673777	141985.463927	-560260.446347
1161128.199789	519172.945045	-183073.177529
476517.732789	1092373.506623	390131.606454
1316855.303402	249920.468075	-452326.879582
756744.080515	307511.345507	-394731.315551
1031780.319308	100345.222332	-601900.795620
472850.620055	359766.261315	-342489.906978
156898.888229	660152.041644	-189007.482648
417084.458025	365771.936094	-435592.020827
839404.912633	962394.238044	260149.397395
368302.969027	796616.831798	94388.310359
1268599.399216	175459.529137	-526787.388555
799295.410232	465292.118087	-236950.438386
1173035.840032	1096578.964382	394332.020064
440595.594019	695575.579656	-6655.663471
765338.589046	1098015.601612	395770.503801
1085536.374114	99431.023212	-602815.354405
266888.069705	744046.491875	-84356.145304
1534655.863257	799730.585799	97481.501584
428457.292384	725088.160192	22857.222414
1444801.547279	1061964.188822	359716.479982
722121.281852	1265187.645428	562941.732941
925144.235301	746994.875422	44750.222533
1412288.215186	607818.086820	-94429.053907
1521374.210931	634321.489774	-67925.930348
866413.613372	89891.859185	-612353.135759
374062.218942	408830.939721	-375963.490976
1093188.549097	564231.621046	-138014.101965
1159296.137308	724496.306256	22250.020376
913614.975840	717715.067950	15470.610082
1138089.321010	432700.546740	-269545.452273
1020078.861162	1258283.212282	556036.336269
408880.218914	418547.260445	-283682.964889
1294000.010711	1128075.833307	425828.532138
673345.250760	448341.210973	-253898.909029
350348.343008	727288.645767	25063.086155
1249768.506096	1110130.347272	407883.166828
926917.912738	930905.762625	228660.328641
340421.841812	817371.707755	115144.392574
999385.358730	366907.638569	-335337.520186
342970.669790	773166.617668	70940.769521
1446274.071821	719639.112225	17391.502391
835214.571953	1307188.333965	604941.849409
438360.171215	422802.274957	-884337.949208
583884.222912	264755.837719	-437487.847892
1498845.199389	925480.954931	223169.446186
1553016.075380	655420.780507	-46826.742419
765812.145036	178832.072417	-523411.559321
1183736.921312	524196.418938	-178049.977763
409514.666428	468616.921439	-233611.135973
888295.767640	1015882.713797	313637.229358
1393468.484709	1124877.727604	422629.549550
1308508.759677	234982.564499	-467264.888609
766511.647806	881681.214192	179437.637278
1291172.798716	820510.112762	118262.842787
1335693.670465	588411.299213	-113835.589194
953835.779825	153765.365546	-548480.008648
496043.358449	368856.753538	-333390.579402
797378.994812	984039.397450	281794.780418
1401900.953150	1095896.462941	393648.887227
379663.985629	539836.041162	-162392.389414
360234.166496	885074.196602	182842.887362
1558393.464254	687198.987174	-15048.685464
771211.354519	741027.279449	38784.633475
442093.102082	430556.642749	-271675.459913
1079396.343460	946045.467937	243799.160792
1495563.570137	987911.384949	285661.507497
1375244.933103	970051.081259	267802.221779
848327.508253	398598.838093	-303644.639684
330724.610239	722921.438056	20697.471550
1154523.465942	355347.094241	-346899.042755
