-303627.706788	-535160.375105	-535161.606189
-122804.888477	554201.392271	554198.918341
117708.991384	56924.562630	56918.784634
111198.093983	-462624.446469	-462627.263010
177908.958688	-532652.231286	-532655.012826
-203019.696614	287243.602317	287241.079394
431501.807193	-370552.673425	-370559.801224
542223.463985	166690.993511	166667.308320
697877.732166	359530.176821	359409.358439
-133690.331946	594809.170246	594806.865264
123595.707898	-570448.630153	-570450.968296
275416.199061	-17702.831026	-17711.666994
135044.675824	304153.364066	304147.391100
239431.589921	-35285.546928	-35293.306333
605567.996424	-126765.763495	-126789.261738
-534653.853328	-246214.704045	-246215.832809
-481952.888069	322431.482343	322430.074203
313920.743289	130097.228284	130086.327219
103043.474680	-544123.603256	-544125.977785
229369.361175	183394.883006	183386.560106
520746.681458	313972.395281	313952.637579
-257579.785729	553986.208674	553984.330851
693869.989177	32931.688581	32858.944045
-98596.429172	582262.774371	582260.254441
-244415.157143	-258841.460832	-258843.333158
-139615.729913	-329318.082178	-329320.202202
296870.579038	-336432.955989	-336438.459076
513613.208511	7176.880679	7156.646571
-122042.127545	-140555.351845	-140558.054034
-501061.512601	129924.655156	129923.262108
-130386.164765	434514.146037	434511.414997
-347149.309170	485176.349701	485174.677412
171819.580272	135908.971207	135902.011533
-248047.975284	532245.090518	532243.137877
-199111.391687	76801.021892	76798.447875
-113615.990177	360165.199108	360162.202001
31468.004850	515454.056049	515450.390418
-60644.436995	376234.177114	376230.808405
-289595.401832	-458268.962371	-458270.346573
-462826.048167	-108114.243884	-108115.636176
-145782.202332	450241.984796	450239.381954
31154.653956	443515.685460	443511.700468
-175161.860363	190508.759061	190506.010680
-171930.873100	-9956.366531	-9959.014430
-14536.190473	-472938.719279	-472940.900705
70341.450737	614477.486174	614473.995523
-267432.739065	-357735.015169	-357736.630949
501922.612727	35719.388379	35699.525111
568593.428256	-27522.324100	-27546.140645
26764.250347	-528536.221390	-528538.357881
407040.357810	123999.367512	123984.500271
-160451.435778	595479.530403	595477.348510
403210.924861	-462610.334867	-462615.509505
-11453.502732	204130.598376	204126.466676
-24252.284041	-208804.032771	-208807.172014
352800.952080	-322726.495082	-322761.007855
265745.970272	-137321.413515	-137328.798301
172661.678265	538000.591547	537995.563871
581249.719713	31031.099257	31004.986682
-456237.826956	415493.708097	415492.210296
-377832.021344	2914.225702	2912.506197
98767.885729	-591814.611360	-591816.761182
262816.205202	-557226.173260	-557229.253969
-422646.995935	-125998.606550	-126000.090233
28726.204470	35515.167185	35510.708718
-335045.308292	213414.080403	213412.153630
476960.945716	350089.427152	350073.277698
-472668.613089	-380017.439438	-380018.559070
399880.269986	-257223.164723	-257231.912227
270375.024907	-61767.094599	-61775.389931
601861.096127	27270.609524	27242.641170
-33173.969092	-571618.611154	-571620.404008
-286375.090528	-490759.539177	-490760.876196
-488358.225875	-370838.663508	-370839.764501
51260.104266	-230479.819093	-230483.461304
-405762.273240	409473.588762	409472.022431
513409.503426	-92809.999727	-92827.868407
437498.203226	242752.508846	242736.417217
381740.252560	-230329.716669	-230338.511972
-352097.201517	-459458.560702	-459459.810324
414546.468054	383783.031828	383770.362891
237363.708438	139606.879167	139759.768988
-12366.192005	-597135.762486	-597137.538480
8261.609833	107612.641923	107608.307317
-476377.117130	-79727.216628	-79728.594461
43180.920767	-616522.249593	-616524.124183
-440725.950916	26751.457650	26749.924164
446013.279117	326319.191969	326303.984907
466449.646473	314961.571017	314945.103710
-128302.498533	550890.811834	550888.362027
-581931.127452	-85090.248872	-85091.390737
-12192.453797	-608247.305495	-608249.046948
-240876.909898	-480929.886293	-480931.343761
530113.951526	-159266.506248	-159283.206684
476727.092210	-373585.106777	-373593.063792
77488.730155	-166570.828811	-166575.056140
617677.923140	-17175.821214	-17204.557347
22267.527859	417363.332339	417359.331199
-599020.022013	2645.513180	2644.369499
-499440.209351	-113717.186055	-113718.485884
-609282.615430	21793.506353	21792.377449
-474880.420363	20577.861429	20576.426461
-444747.933671	-3327.169747	-3328.675956
-598571.522656	-154414.662534	-154415.736963
267662.264376	-477081.984123	-477085.723900
-248518.401510	-11179.435648	-11181.752009
132907.989754	-442084.105722	-442087.164426
-297363.195857	241599.553308	241597.476683
78748.686567	513689.865325	513685.743453
-76332.448386	-90880.963596	-90884.097457
-543073.147981	-27497.040138	-27498.289187
186461.634746	520424.911446	520419.553708
-480910.941782	411071.106885	411066.860086
-155654.638389	95355.938293	95353.054185
558861.112069	265433.156642	265409.575346
19590.133534	965.439388	961.173987
-317231.026301	-482101.515440	-482102.801795
476540.339057	-81112.843154	-81128.819889
-457503.334137	-138640.625694	-138642.007474
-526634.265365	-214175.904392	-214177.073551
-108683.602067	-512598.148124	-512599.885401
305774.230837	-533685.436349	-533688.966045
-334996.185501	516485.326218	516483.656412
-493761.132210	-262321.006816	-262322.200793
-279384.018326	312710.773783	312708.660639
-188975.161216	-567662.750415	-567664.157028
83570.064448	-494469.664297	-494472.181774
155210.373319	-575692.871918	-575695.315887
487921.472254	320507.529935	320490.058530
4297.341125	469460.745830	469457.120778
68652.702087	-15044.678968	-15049.492679
76460.972610	498420.149269	498415.965888
568422.204186	-243468.494844	-243483.906626
-589417.835183	27659.620292	27658.449455
-278714.485168	377812.355746	377810.302773
-71928.758874	-592026.768121	-592028.396291
388492.911216	-51076.286004	-51088.602766
-121744.963005	591506.280504	591503.905302
393531.549486	-263218.207939	-263226.644305
497716.148523	-325337.659928	-325347.375018
510470.974770	-191274.568600	-191289.074611
484564.925926	33506.297650	33487.668090
-444781.480632	203880.794841	203879.246429
-59445.641237	-615376.697779	-615378.295787
-283048.281562	-288844.910865	-288846.600119
-351180.972940	-491891.305197	-491892.510639
-412062.570282	-33422.562880	-33424.148795
-376738.958114	-441839.763584	-441840.988839
356866.057388	184048.032668	184035.464810
-163516.822720	-529449.181957	-529450.729402
-19579.191484	4400.733129	4396.874597
359452.527428	446358.612659	446348.914233
-297036.181406	442847.107203	442847.703018
613886.322231	2225.125909	2196.332443
-305780.336660	30542.414902	30540.404713
540953.421420	-50709.006239	-50729.979818
-111760.183763	184785.856183	184782.653541
540003.469057	13111.929407	13110.590461
218730.447981	259648.016449	259640.146053
593296.720089	172557.986128	172529.739509
3052.586914	-175434.776475	-175438.258136
450887.908888	741538.273251	741398.364374
273917.878300	-485795.669629	-485799.380926
207590.051423	-164052.037294	-164058.034667
-258102.824626	-508021.409478	-508022.777920
436726.187992	425280.143694	425267.594499
281221.047286	549373.953736	549367.409506
402612.351846	264412.906628	264398.828286
-379390.159797	45028.903550	45027.166617
-227424.665766	-288639.457236	-288641.333149
-331786.668511	506561.534064	506559.839682
569550.676805	240841.778831	240816.706162
-609955.209291	34967.066371	34965.935228
-411719.856218	385196.560280	385194.992705
38594.422543	-222919.610961	-222923.179718
181473.683908	426327.018794	426320.960916
-15191.311948	606705.471522	606702.551862
-310410.108086	46276.086758	46274.086319
374709.338183	-165675.295154	-165685.117757
368778.488444	-6289867.994174	-6287176.783338
248663.056112	-271072.659099	-271078.230993
-263374.953706	285890.329395	285888.121081
-346952.257030	247493.784540	247491.915094
481898.856590	184429.282434	184410.092880
415432.187978	-444380.648297	-444386.242280
-78585.571053	-578847.344774	-578848.990777
-522459.224056	-139013.718473	-139014.950309
356034.648935	-88996.345941	-89006.856649
-29509.398298	-347854.072722	-347856.648279
261811.934427	131229.472349	131220.268375
-355605.641675	490772.429811	490770.793644
-428128.839081	300701.093280	300699.523753
-409680.618605	-179001.774652	-179003.243087
584475.438620	99386.974195	99359.739986
-352293.848317	403424.224472	403422.481353
594014.971197	-153003.977210	-153025.281021
-554068.723029	-230707.857444	-230708.962173
143667.806606	332687.752129	332681.754950
608460.117046	-56408.231767	-56434.861590
-251857.679743	-14134.799543	-14125.389570
-455015.257387	137920.816475	137919.296272
-441934.620844	-6847.477204	-6848.991844
-179485.068046	288956.269474	288953.607194
50353.170367	423058.960020	423054.682672
327864.402717	815220.494886	102914.913565
1511039.712182	516218.441630	-196108.795493
1446822.844862	561897.259456	-150429.856281
514434.714495	1081092.916068	368770.955737
1185230.637490	548281.172191	-164044.987256
948268.547387	1265947.811531	553621.207304
802724.940690	1227499.769556	515173.851475
728478.110052	1258172.414371	545846.679378
360384.900993	929174.721120	216861.983888
1435172.357658	1006667.337648	213672.436890
1388540.608951	463129.865618	-249197.060806
1448008.339391	997300.553809	284970.860910
345205.439544	566865.899202	-145461.615639
1317312.536069	1117417.951162	405090.651057
1056288.798226	105192.261696	-607133.765815
474803.337598	826323.026278	114007.970091
1265412.648430	370579.362984	-341747.179367
625995.399613	1237414.287549	525089.266118
1322735.502262	792972.524451	80645.144772
1323522.191702	291450.441866	-420876.353232
1271849.693290	197801.276605	-514525.443915
445329.501846	500846.712798	-211463.211069
1315652.217389	270536.790151	-441790.042225
900616.226125	1070713.386879	358387.701638
551344.704130	991991.355914	279670.298537
937932.021684	951342.886258	239017.470601
726803.770824	985052.167049	272728.457914
679940.939730	746029.109645	33708.450201
1137580.470455	1282293.718183	569966.607454
1255820.834390	600903.612954	-111422.907115
777186.156980	145509.522074	-566814.316892
1118248.367788	627220.198808	-85105.641224
584016.876506	284822.445856	-427499.688474
463012.137572	1083042.784876	370721.683369
766381.283567	914283.875449	201960.269269
1454245.399282	375090.251027	-337236.857505
560180.092524	855847.366017	143528.546668
523443.913162	528093.343835	-184220.678309
1267486.214180	220364.305690	-491962.411808
1059982.599989	159151.582851	-553174.332744
931783.224587	1314664.283078	602337.576528
1054011.031850	1317175.850338	604848.842716
530005.813271	587639.942039	-373783.864694
382998.835134	674794.404512	-37513.528090
515894.988270	380627.300545	-331694.966791
1469749.296887	903369.318010	191028.631839
410974.903141	776273.890639	63963.445561
1287948.797713	492367.463064	-219959.136082
1427327.200671	693585.990903	-18741.328331
1444904.231292	904400.537065	192065.931994
1463267.545955	1037544.396671	325216.308990
1232102.672712	331494.358591	-380832.087860
543037.411730	463441.728832	-248874.362586
993118.144948	1326741.972691	614415.071772
684881.134467	1005735.207823	293411.802472
332159.719150	589992.039671	-122489.716523
994865.477915	423287.976966	-289036.940453
1192394.851760	187988.424182	-524338.033857
427771.180965	1045142.379154	332822.964390
1473022.183333	431115.533347	-281211.613788
1400407.857864	325469.299291	-386857.698356
1309994.822094	248581.972710	-463744.874332
1166146.814042	471054.217799	-241271.838047
334192.695732	707629.038047	-4675.304726
664441.091857	764033.356553	51712.864417
1389922.346349	1129384.524185	417057.053298
744795.881294	136409.848919	-575913.732602
1330987.389579	658115.358998	-54211.535385
570795.354102	431795.844620	-280522.070421
506516.062094	1141961.028081	429638.177734
1361138.910236	973572.274320	261244.083734
1343993.458755	795997.090512	83669.391087
458160.430780	428071.717909	-284242.759637
1021416.753111	366689.535668	-345635.684235
1164398.809097	1258359.497937	546032.357792
1424039.932629	799071.442555	86742.951326
467773.508310	749238.794846	36925.679940
1184125.642967	227605.803966	-484720.569379
1154271.487771	1025970.740992	313644.020818
933335.066166	426852.991051	-285471.337042
963432.489145	109667.358200	-602658.151375
1056442.209776	332848.984658	-379476.545705
636087.100798	462962.169948	-249356.726970
1319665.550856	1012426.307026	300098.853182
605275.771744	736440.854633	24122.331684
606513.821712	415616.833334	-296702.111751
1064273.129433	427653.981724	-284671.479960
1300048.904381	358572.170215	-353754.532142
465587.471699	365240.505738	-347101.313905
1517838.106047	503067.652691	-209259.738109
1274513.877378	938619.014261	226291.745032
1017023.774557	173153.278772	-539172.371734
983982.608793	1306948.301654	594621.423623
370100.796657	730150.031823	17843.176226
1399864.636349	707018.059042	-5309.267909
438580.447133	824734.435860	112421.148548
417427.757562	474866.832578	-237441.735614
414273.458077	717922.780104	5613.160395
1553032.339830	715769.800001	3442.158702
1496615.043589	872200.059017	159863.386489
1149792.948920	1199279.461810	486952.465975
1506029.617827	804019.641280	91690.704568
499570.555902	422298.163421	-290019.152204
620253.228600	521022.928769	-191295.041573
1324919.668223	383953.071127	-328373.698892
883650.619498	225526.142774	-486798.319517
1492032.891062	986013.354941	273682.117959
869304.960927	487323.456061	-225000.013874
1437890.947222	587471.909422	-124855.230198
1322120.160590	1177629.754609	465302.414584
1064801.325240	1308770.133754	596442.866512
1265261.993622	772925.065102	60598.154449
1179794.087478	991461.091907	279134.305788
1305422.573239	434331.776887	-277994.898580
1356173.283506	631694.205892	-80632.745761
713163.813261	881804.573936	169482.000267
540043.965958	1172069.259456	459745.596940
1273608.093127	859501.536196	147174.325472
1538126.497672	612953.051575	-99374.311907
1213640.361309	215830.515296	-496496.038287
1146401.909519	261443.466501	-450882.689401
1088736.079350	1308309.571479	595982.394906
1411280.099659	946684.398343	-73803.931500
1295245.343562	210625.280698	-501701.596998
1455100.851638	791416.440154	79087.861362
964060.785583	631639.502066	-80685.144446
881158.221442	313664.070742	-398660.005497
1105303.900294	538577.767558	-173747.937001
1272343.730055	619869.512476	-92457.139284
1251267.111294	439808.878822	-272517.594571
569598.922918	353594.374390	-358725.827383
1330090.392628	246282.406606	-466044.622029
586183.717757	1114629.287185	402305.843281
1018351.218106	152068.318354	-560257.449543
1151054.671387	529255.191117	-183070.809910
466439.240879	1102448.761966	390127.136030
1306783.450183	259992.746512	-452334.531565
746663.761823	317591.907757	-394730.432857
1021703.363778	110427.505290	-601898.376879
462796.834671	369817.337708	-342519.063060
143330.347822	671980.629651	-189962.455674
404765.380779	378076.873203	-435474.766681
829323.531113	972474.236812	260149.565065
358218.439145	806695.473795	94387.735323
1258523.304865	185548.680966	-526778.151873
789215.341781	475371.725183	-236950.519279
1162956.673492	1106658.403185	394331.526489
430507.899225	705660.891298	-6649.630644
755258.496678	1108094.652355	395769.704808
1075444.767145	109511.314103	-602814.945917
255343.628895	757418.307198	-83385.192817
1524564.159670	809807.795745	97478.669743
418374.257520	735162.860506	22852.647579
1434719.714569	1072042.939427	359715.254914
712044.237700	1275263.809850	562938.007294
915063.183593	757073.114716	44748.651362
1402206.131191	617898.118776	-94428.959854
1511293.917366	644402.177263	-67925.196741
856333.957216	99973.357010	-612351.442688
361532.071021	421105.797078	-375954.953634
1083110.225427	574310.389304	-138015.191993
1149216.540479	734575.891429	22249.710913
903535.112920	727796.178969	15471.922218
1128009.441980	442781.081837	-269544.786787
1009998.150887	1268364.366302	556037.559921
398806.229941	428628.958717	-283680.537617
1283920.783520	1138153.793775	425826.543019
663258.437759	458421.653020	-253898.043892
340265.716341	737364.441762	25059.745951
1239689.973656	1120210.066260	407882.942029
916841.734356	940988.062103	228662.772384
330343.160675	827439.635367	115133.132572
989308.599561	376987.772521	-335337.205855
332893.969334	783246.936033	70941.950574
1436191.812885	729717.667547	17390.085522
825135.109693	1317267.006623	604940.607100
426493.466576	436319.922981	-893767.019725
573810.174905	274844.361533	-437478.981175
1488764.418827	935559.848788	223165.729609
1542932.197992	665501.283666	-46826.198932
755732.709442	188911.843248	-523411.514525
1173653.054676	534279.160904	-178047.125432
399447.683760	478693.808484	-233613.398836
878215.161178	1025961.974492	313636.627495
1383405.889502	1134938.561992	422610.402992
1298452.852789	245073.417107	-467253.969457
756430.636621	891763.045876	179439.700574
1281093.565335	830590.350257	118263.126218
1325612.867585	598492.740011	-113834.071567
943757.498858	163845.631751	-548479.569973
485959.355590	378934.413384	-333392.807178
787299.044907	994117.910360	281793.471045
1391819.001016	1105979.058223	393651.518507
369581.332852	549917.839691	-162389.731733
350155.057821	895153.154351	182842.516160
1548311.244902	697281.178336	-15046.462145
761130.004148	751107.074149	38784.714075
432015.159087	440635.278641	-271676.139272
1069316.237931	956125.264740	243799.057895
1485482.343211	997983.181412	285653.172139
1365152.674849	980111.227891	267782.319015
838247.695241	408679.211645	-303643.995994
320658.105747	733001.523372	20698.452450
1144443.302929	365427.464797	-346898.548101
