0.018693	0.028498	0.028031
-0.300013	-0.164993	-0.166125
-0.001394	-0.000628	-0.003049
0.008678	0.004946	0.003911
-0.014230	0.000994	-0.000005
0.046844	0.003681	0.002559
0.005057	0.007008	0.004574
0.001330	0.004910	-0.003106
45.922598	10.741774	10.710759
0.145766	-0.075213	-0.076268
0.002600	0.007960	0.007118
-0.007434	-0.011324	-0.014805
0.007836	0.011709	0.009056
0.028699	0.001045	-0.002038
-0.021364	-0.000657	-0.007990
0.003594	0.033758	0.033307
0.026929	-0.002036	-0.002649
-0.004402	0.005318	0.000957
0.007137	-0.006143	-0.007005
0.008525	-0.005137	-0.008632
-0.144631	0.018187	0.011019
0.018391	-0.033349	-0.034197
35.360587	3.523803	3.494713
-0.074570	-0.000922	-0.002079
0.004006	-0.013102	-0.013847
0.000592	0.003998	0.003172
0.009393	0.004771	0.002786
0.011474	0.020104	0.013171
0.008046	0.005003	0.003904
0.028816	-0.003139	-0.003731
-0.018280	0.021620	0.020379
-0.124911	0.115650	0.114904
0.010793	0.000944	-0.001997
-0.004636	0.011712	0.010830
0.011067	0.001456	0.000354
0.009139	0.002848	0.001494
0.021722	-0.016920	-0.018611
-0.004569	0.000690	-0.000839
-0.006651	-0.025659	-0.026190
-0.010268	-0.004866	-0.005437
0.031116	-0.028730	-0.029914
0.002528	-0.020576	-0.022404
0.009126	0.000136	-0.001068
-0.004533	0.003089	0.001977
0.007107	-0.003939	-0.004755
-0.006072	-0.013441	-0.015058
0.006097	0.004743	0.004112
-0.076361	-0.026631	-0.033520
0.006179	0.010056	0.002309
0.006470	0.000863	0.000077
0.001637	0.004297	-0.001319
0.084887	-0.024358	-0.025354
0.007651	0.036325	0.034555
-0.000919	-0.001740	-0.003559
0.020555	0.008876	0.007629
0.031760	14.033135	14.024342
0.002815	0.004887	0.002058
0.011982	-0.034557	-0.036869
0.102410	-0.038118	-0.046537
0.074940	-0.084227	-0.084978
-0.015038	0.002807	0.002086
0.007358	0.029808	0.029033
-0.004809	0.018496	0.017413
-0.033941	0.004775	0.004168
-0.000126	-0.011933	-0.013813
0.011903	0.015188	0.014349
-0.005847	-0.043152	-0.049356
-0.045504	0.039244	0.038806
-0.151617	-0.116519	-0.119598
0.001454	0.013584	0.010345
0.112749	-0.052500	-0.061325
-0.005437	-0.019201	-0.019862
-0.001456	0.013617	0.013107
0.072818	-0.029422	-0.029853
-0.088608	0.061464	0.060038
0.058801	0.079748	0.079057
-0.009777	0.018856	0.012804
-0.005168	0.010692	0.004584
0.012623	-0.012285	-0.015427
0.018974	-0.002614	-0.003095
0.011015	-0.008141	-0.013305
-61.985535	-40.794544	-40.760573
-0.017808	-0.066341	-0.066991
0.003782	-0.002950	-0.004814
0.013262	-0.016259	-0.016826
-0.014343	0.024965	0.024286
-0.007226	-0.033211	-0.033855
0.079692	-0.024064	-0.029986
0.060160	0.036695	0.030414
0.313804	0.196549	0.195428
0.029417	0.002062	0.001593
-0.013566	0.109215	0.108579
-0.030539	-0.009624	-0.010179
-0.000011	0.006215	0.000682
-0.024502	0.012958	0.010295
-0.004952	-0.001656	-0.003333
-0.039226	0.045415	0.036503
0.040056	0.025702	0.023872
0.016621	0.046936	0.046462
0.039291	-0.000139	-0.000671
0.097709	0.052015	0.051546
0.055762	-0.016549	-0.017150
0.268863	-0.307474	-0.308104
0.029144	0.005860	0.005424
0.066573	-0.095483	-0.096810
-0.006601	-0.007366	-0.008311
-0.015937	-0.016763	-0.017887
-0.007410	0.002226	0.001315
-0.023076	-0.056715	-0.058617
0.002571	0.001086	-0.000202
0.017146	0.004525	0.004007
-0.026354	0.017063	0.014608
-40.413590	-5.272972	-5.274885
-0.005799	-0.005678	-0.006917
-0.011051	-0.011195	-0.019281
-0.004722	0.010223	0.008438
0.024512	0.004044	0.003552
0.025391	0.005003	-0.000569
0.009798	0.028863	0.028299
-0.005741	-0.013990	-0.014461
-0.000182	-0.003236	-0.003887
-0.020631	0.011123	0.009891
0.036766	-0.130261	-0.131008
-0.008467	0.017598	0.017121
0.016118	-0.015471	-0.016408
0.014369	0.018504	0.017978
0.005611	0.001969	0.001045
-0.046276	0.022568	0.021692
0.038135	-0.061791	-0.068355
0.020222	-0.012445	-0.014111
-0.010836	0.009923	0.007929
-0.008554	0.041645	0.039718
-0.010502	0.013396	0.008472
-0.098465	-0.021639	-0.022127
-0.000894	-0.003217	-0.004133
0.014875	0.053083	0.052483
0.003412	-0.001108	-0.005677
-0.142102	0.005854	0.004766
0.139994	0.150367	0.147387
-0.012853	0.004718	0.001490
0.003856	0.018439	0.013586
0.121954	0.004556	-0.002004
0.016251	-0.003415	-0.004082
0.020599	0.048320	0.047733
0.022689	0.006203	0.005534
0.051831	0.027041	0.026579
-0.010476	0.020485	0.019825
0.041044	-0.015715	-0.016188
0.003282	-0.000649	-0.005616
0.007994	0.003592	0.003010
0.032021	0.002855	0.001234
0.004014	-0.009330	-0.013496
50.824264	10.437138	10.437486
-0.026105	0.026332	0.017361
-0.017444	0.038419	0.037569
0.014186	0.017884	0.010903
-0.003772	-0.000061	-0.001466
-35.411358	-5.589039	-5.585196
0.002909	-0.002152	-0.005540
-0.022213	0.000562	-0.008501
0.006251	-0.006929	-0.008320
227.796697	246.401747	246.359410
-0.074352	0.099679	0.098365
0.008963	0.007186	0.004866
-0.016446	0.030884	0.030364
-0.007112	-0.015003	-0.020129
-0.010546	-0.007988	-0.010973
0.026685	-0.007148	-0.012676
0.003832	-0.016804	-0.017538
-0.010812	0.010848	0.010106
-0.054298	0.059044	0.058287
-0.020297	0.016512	0.008097
0.082144	-0.097430	-0.097901
0.023901	0.034678	0.033987
0.081572	-0.040042	-0.041444
-0.006598	-0.001573	-0.004315
-0.004703	-0.014377	-0.015726
0.007420	-0.049203	-0.050051
0.003083	0.005432	0.001858
3.748421	-1373.658366	-1373.032381
0.006986	0.004803	0.002732
0.004451	0.007475	0.006498
0.026341	-0.008208	-0.009025
0.005298	0.002371	-0.004533
-0.025546	-0.013004	-0.014912
0.059657	-0.049412	-0.050021
0.033615	0.018257	0.017755
0.006034	0.009377	0.005446
0.000782	0.003485	0.002496
0.012704	0.006212	0.002452
0.195006	-0.086246	-0.086976
0.011426	0.002121	0.001436
-0.005058	0.014353	0.013758
-0.006979	-0.004746	-0.013516
-0.021423	0.004517	0.003744
-0.012070	0.025786	0.019081
0.063439	-0.001846	-0.002289
-0.002737	-0.013709	-0.016387
-0.023683	0.025868	0.017546
20.088029	23.052616	23.055110
-0.000798	-0.005587	-0.006235
-0.241686	0.328681	0.328049
-0.061880	-0.004642	-0.005828
-0.053728	0.011577	0.009621
-83.941201	84.037608	0.044674
-83.993367	83.951613	-0.047909
-84.017832	84.020567	0.021089
-84.016441	83.999956	0.002191
-84.049284	83.952993	-0.046056
-83.986019	84.005989	0.006647
-84.003115	83.997177	-0.001923
-84.017040	84.013337	0.014289
-83.998413	83.977841	-0.017137
-101.934343	102.379814	1.434718
-84.015325	84.000093	0.000716
-83.977646	83.993475	-0.007827
-84.029108	84.043034	0.046781
-84.005500	84.003302	0.003701
-83.960318	84.041211	0.042288
-84.033745	83.985687	-0.009657
-83.983352	83.993418	-0.005774
-83.993617	83.991475	-0.007337
-83.939859	84.009152	0.009450
-84.034041	83.957727	-0.041573
-84.032107	84.026058	0.026799
-84.013598	83.978017	-0.015530
-84.072358	83.911280	-0.088026
-84.006378	83.988018	-0.010957
-83.999106	83.995378	-0.002012
-84.047424	83.978634	-0.020205
-83.998795	83.997954	-0.000286
-84.025817	84.019904	0.022938
-84.011216	83.987629	-0.011895
-83.979097	84.016723	0.017500
-84.021958	84.004691	0.006800
-83.998294	83.990619	-0.008308
-84.069911	83.952832	-0.044008
-83.978874	84.019408	0.021891
-84.014463	83.978508	-0.019647
-84.022431	84.005182	0.005732
-84.007201	83.990656	-0.005849
-84.007305	83.987094	-0.007586
-83.967114	83.988045	-0.011205
-84.034231	83.999312	0.000439
-83.976041	83.985853	-0.013532
-83.916490	83.917716	-0.081773
-68.192173	138.103440	0.539142
-83.999348	84.016668	0.023253
-84.057799	84.005623	0.008198
-84.042622	84.008918	0.004832
-84.011772	83.982607	-0.011414
-84.010990	83.995919	-0.003315
-84.029612	84.016049	0.016424
-83.941121	84.001130	-0.001340
-84.019311	83.983223	-0.016831
-83.993430	84.005109	0.005968
-84.005056	83.984664	-0.010776
-84.004700	83.956074	-0.043378
-83.987122	83.988010	-0.010141
-83.986797	83.960174	-0.063018
-83.999384	83.993243	-0.005217
-83.981802	84.031144	0.032010
-83.985918	83.999737	0.002749
-84.020881	84.003188	0.003717
-84.026828	84.003833	0.004438
-84.139946	84.041423	0.042114
-84.007633	84.000252	0.001267
-83.973186	84.030600	0.037709
-83.989424	83.972693	-0.024229
-84.178522	84.104640	0.104970
-83.969782	84.018404	0.020638
-83.991512	83.984145	-0.015267
-84.006271	83.997971	0.001989
-83.991259	83.987226	-0.010863
-83.897933	84.166070	0.165830
-84.068223	83.989043	-0.010787
-84.008984	84.006720	0.011504
-84.017526	84.010715	0.012133
-84.022557	84.001714	0.002183
-83.979444	83.989952	-0.010251
-84.037086	83.990543	-0.004116
-83.965777	83.993568	-0.005527
-83.993655	83.990262	-0.009104
-83.990923	83.997376	-0.000823
-83.983462	84.017449	0.018773
-84.003964	84.012049	0.013333
-83.979855	83.987604	-0.008575
-83.990602	83.988613	-0.011115
-83.998704	84.000818	0.004583
-84.029573	84.012767	0.016562
-84.000370	83.998555	-0.000150
-84.022323	84.014214	0.014957
-84.127501	84.291124	0.288059
-84.048652	84.058077	0.058518
-83.994650	83.998890	-0.000743
-83.989481	83.969485	-0.029261
-83.986602	84.010357	0.010921
-84.016955	83.998246	0.005074
-83.972919	83.991732	-0.007900
-83.989448	83.982858	-0.011997
-84.063394	84.007813	0.014577
-83.978728	84.012603	0.018860
-84.033333	83.962990	-0.036760
-84.024694	84.011766	0.009164
-84.001858	83.997566	-0.001910
-83.960737	84.019049	0.018732
-84.019892	83.993871	-0.002159
-84.010883	83.987666	-0.008215
-84.030593	83.992501	-0.006791
-83.997836	84.002685	0.004490
-84.068838	84.056028	0.054265
-84.003972	83.994064	-0.003795
-84.013239	83.994570	-0.004920
-84.007190	83.978679	-0.020929
-84.036368	84.050494	0.050943
-83.986373	84.003862	0.004401
-84.002576	84.002721	0.003327
-84.018904	83.998623	-0.000635
-84.008444	83.999353	-0.000071
-83.983016	84.003109	0.005343
-84.002660	83.981252	-0.017104
-83.991789	83.982296	-0.017310
-84.029228	84.013028	0.013434
-84.003097	84.008124	0.008956
-83.987272	83.997678	-0.001319
-84.084443	83.992028	-0.007507
-106.954774	89.773095	-59.003516
-84.078788	84.028354	0.029044
-84.027553	84.006965	0.006747
-83.998531	83.997201	-0.001217
-83.999159	84.004418	0.006374
-83.976825	84.000516	0.001673
-84.005225	83.976948	-0.022330
-83.996674	83.999823	0.000657
-84.020799	84.012296	0.015783
-84.176323	84.042142	0.042777
-84.009567	83.993051	-0.005195
-83.987044	84.023950	0.025163
-83.945681	84.018845	0.019878
-83.987330	83.960169	-0.037519
-83.931641	83.935144	-0.064262
-84.002670	84.004700	0.007422
-83.974454	84.019153	0.020309
-83.779260	83.756129	-0.245774
-113.071085	98.571514	-7.958050
-102.658896	102.541155	0.977315
-84.011591	83.999980	0.001409
-84.037994	83.988597	-0.004822
-83.967219	84.076813	0.077535
-84.000573	83.996685	-0.000669
-83.993004	83.995285	-0.004143
-84.064560	84.044576	0.050646
-84.000770	83.992025	-0.006704
-84.097444	84.002430	0.003432
-96.203553	111.431702	8.091364
-84.098249	83.976564	-0.023783
-84.025445	83.955504	-0.038397
-84.015384	83.989511	-0.010285
-83.975185	83.967802	-0.031270
-84.008826	83.985210	-0.013184
-84.017494	84.000263	0.000790
-84.002467	84.005766	0.006157
-83.997119	84.012559	0.014221
-104.417740	102.290438	0.071284
-83.985934	83.989652	-0.009145
-83.996618	83.996510	-0.002596
-83.998849	84.009312	0.011016
-83.998990	84.004482	0.005590
-84.005959	84.009681	0.010270
-83.949538	84.014241	0.020366
-83.993514	83.982878	-0.016695
-84.057176	84.003693	0.007273
-84.022036	83.964708	-0.028038
-83.987682	83.997637	-0.001887
-83.967918	84.019292	0.020514
-83.988903	83.898638	-0.094536
-83.972804	84.001112	0.002645
-83.972277	84.002667	0.009913
-84.018963	83.987870	-0.011895
-83.995483	83.988856	-0.010426
-98.889193	112.647052	-78.575521
-83.949947	84.071538	0.074459
-84.006722	83.990734	-0.031042
-84.032546	84.004218	0.004560
-83.995262	83.998059	0.000389
-84.032457	84.023007	0.023945
-83.890687	83.973845	-0.019005
-84.005087	83.993787	-0.005050
-83.853624	83.838879	-0.160959
-83.797599	84.091172	0.091740
-84.008481	84.015362	0.017321
-83.993570	84.001988	0.002377
-84.006742	84.012087	0.012739
-83.985578	84.002223	0.003692
-84.033568	83.980367	-0.018644
-83.999575	83.987509	-0.010988
-84.016388	84.021778	0.022083
-84.022184	84.015042	0.022272
-83.992493	83.991246	-0.003111
-84.018629	84.018389	0.018662
-84.011328	83.998261	0.000681
-83.982720	83.988538	-0.005698
-84.000885	83.998287	-0.000863
-84.010304	83.931141	-0.069981
-84.103077	83.833053	-0.167378
-83.998432	84.003119	0.005413
-83.886685	84.000718	0.008233
-84.001374	84.003101	0.004157
