239.825995	-12.544483	-11.749410
232.486294	-2.898496	-1.110185
226.904147	14.696066	4.010273
223.724689	-11.114545	-7.727986
861.448991	-204.149584	-207.634473
208.749767	9.796810	3.461746
206.711566	28.540622	12.304527
223.893271	21.761006	29.935689
260.215794	-1.686288	-11.982797
223.211023	-13.032012	-7.475996
233.183180	-18.835032	-29.845693
83.963300	100.147809	-35.897336
252.735874	3.549237	-6.959969
266.144115	127.368390	130.132867
240.670738	0.844114	0.265863
222.189929	10.334387	12.952199
213.145891	7.626507	4.833482
245.702925	40.706221	30.625924
189.660215	38.422758	25.841516
-3980.977380	27490.542352	27490.523139
218.556630	-7.929670	-6.417556
233.345686	15.708870	12.738711
229.891727	17.376115	8.137994
222.813030	37.584580	15.192824
194.039601	34.187259	26.869075
181.367404	-93.051795	-98.971943
393.335727	202.047459	195.484771
256.585852	47.515877	46.127692
247.130474	70.120959	53.685981
422.333488	-59.536209	-80.315106
232.883902	-3.558552	-2.598358
233.067024	-13.351252	-8.249493
48.205426	775.472544	772.914261
254.967867	-34.848359	-34.950032
159.888157	-15.022482	12.840884
233.956464	-4.995011	-10.818153
164.554580	2.403013	7.331284
264.203542	-50.496544	-28.222616
191.526482	10.840714	-56.160306
-66.320245	-73.684428	-77.096547
229.112766	-32.013915	-27.694047
255.591793	25.495290	22.078873
245.412788	-27.521903	-26.078096
200.195937	5.293565	6.330455
249.466450	-53.100049	-59.359982
368.908924	13.486860	9.938445
190.206122	-9.924795	-4.271612
239.456293	-16.281134	-16.635785
223.004977	-18.433472	-15.200867
268.084184	4.867638	-15.378443
274.727829	53.022295	17.853390
204.527795	2.753381	5.329230
186.624645	20.977647	19.412813
245.350548	37.865278	32.997169
200.065224	-51.406620	-54.359503
219.054457	-9.134469	-1.944291
186.128162	12.731512	10.086952
117.655021	-54.867282	113.034954
229.180528	-23.831918	-12.858501
274.283614	0.826530	-14.793553
323.940093	111.883527	185.667366
220.463055	-1.966421	-0.684861
200.856857	-25.565217	-20.267108
250.196415	-16.403786	-20.381716
222.307377	-35.835922	-27.028829
244.805945	52.206056	38.394147
253.099771	20.388418	19.464362
108.956420	166.470385	159.999101
288.189475	-86.268664	251.473636
241.509023	-19.698662	-27.110945
194.773992	-41.616398	-18.748518
220.924951	-114.053053	9.751982
383.284982	-788.892280	-691.322379
226.000426	-28.930157	-24.707367
236.678085	50.748242	38.568747
250.381197	33.363789	-0.846527
227.908895	-26.629962	-21.375876
229.998122	18.656244	3.635701
229.833461	102.368719	71.368373
206.376920	59.384331	46.584636
154.349230	-40.461171	-44.273127
259.137437	40.871492	4.324189
417.978313	230.400916	222.874870
225.857068	-28.993563	-26.044262
318.231747	-77.222656	-100.583960
199.410690	7.596258	6.031114
252.470773	-15.244902	-14.240889
241.817269	-24.653598	-20.330657
224.851868	-34.402383	-29.193746
210.794727	9.812151	2.580712
334.063119	-59.014170	-67.669517
266.162681	17.480905	-4.184037
230.752518	-28.283068	-23.715803
253.451519	32.294771	23.525755
530.577032	-139.032064	-142.031195
176.712891	-7.382660	14.994903
180.805907	13.529004	14.295509
254.049648	4.944053	-6.524281
221.144687	-5.169043	-3.718001
219.557179	12.231738	1.312829
624.734398	-118.342837	-123.979804
202.215119	8.571257	6.746319
360.439000	32.545312	24.993145
164.722390	50.341677	29.388168
217.416040	19.342765	11.984340
215.952491	-19.696601	-41.475911
217.600344	-1.014672	1.620120
242.330583	-22.593124	-25.975484
72.691072	633.732699	528.439139
244.922807	55.439025	59.284790
-1497.041114	-654.576632	1317.555060
542.498616	21.029773	13.824422
217.061952	0.790474	3.508109
314.018435	160.569793	150.205685
208.631973	5.031838	2.883240
178.178663	-34.354290	-46.130723
253.307684	-1.989295	-5.016936
208.081395	42.743196	24.460224
241.100466	-6.191945	-3.868226
209.337553	28.901438	17.949748
202.481795	91.745424	79.312848
293.682290	-18.429370	-21.638031
208.231410	-29.597896	-22.865576
197.632677	-36.063309	-21.111037
242.310819	-22.061304	-20.447761
235.689432	-4.424112	0.194224
226.368180	-26.492690	-23.032274
203.049482	34.108797	16.565653
650.397532	-1982.972272	-1983.258772
252.246663	-31.154974	-32.539227
207.208181	41.975150	17.658813
253.350476	-29.876432	-33.052372
-792.509518	-621.445572	-623.701936
193.663655	15.748662	11.618593
71.718322	212.554408	50.070356
235.864414	-6.536952	-4.585140
210.324886	89.342106	82.566040
311.100463	29.085875	29.736717
226.343688	-26.966276	-22.635232
190.053656	36.910809	33.166308
-9021.728006	12684.476157	12684.454877
231.658394	-3.307246	-0.887207
55.624718	-19.389942	-23.765204
237.866438	-12.968761	-17.258730
233.619607	28.285664	21.243694
135.401688	84.657784	80.286747
-1052.247258	95.243427	-485.865860
-1191.797770	-146.111582	-169.553712
232.957596	4.398725	2.212190
251.788573	-14.701760	-17.234760
232.392804	88.688014	72.133002
314.034827	113.732352	149.258480
104.480388	-45.526357	-49.104147
232.713385	-15.415651	-13.850007
223.386568	-5.796279	-3.726536
199.651528	11.162995	6.412633
239.522158	1.169243	2.488607
195.935726	-42.621760	-20.476978
344.046289	65.842982	-85.244529
183.584080	-35.059668	-25.029060
286.197444	48.353488	-14.603549
286.612741	28.602625	21.484703
290.851539	-11.036991	-20.154443
227.482488	76.972886	70.768532
227.922439	-14.891419	-10.420751
244.270233	3.911348	-7.654112
235.235616	-6.078390	-4.936360
249.383394	-131.406837	-125.532982
232.605429	3.461057	3.535667
477.779394	13.615641	10.541663
264.427083	-28.057223	-26.542917
210.556208	-13.432265	-4.804921
214.907507	12.456553	6.604205
157.518110	-103.311036	-99.405985
968.781276	-1102.847747	-1184.918124
193.057940	7.279124	12.764858
244.105204	24.137088	23.841115
260.883353	27.181590	16.961428
200.136569	62.895246	52.282223
207.374810	-83.809131	-35.648028
233.423552	0.125084	-3.433722
242.597914	51.891360	34.242467
245.213868	51.774091	31.069533
141.434574	80.949857	75.855994
154.428948	53.758901	46.010305
146.400816	-1.644085	-21.104584
269.752447	-12.280741	-17.416619
35.454640	56.489920	52.343507
221.039242	14.949812	12.033614
271.231348	-15.981828	-15.742762
157.902087	11.252688	9.851254
112.083708	2.173780	7.912788
221.013584	1.705809	2.679335
231.169096	-22.861593	-24.028571
1185.041556	-511.282425	-523.191506
256.596787	71.706860	78.397894
246.243939	-27.128187	-25.854649
264.690553	31.562155	13.744944
226.052370	50.559789	22.030136
167.115886	20.257894	18.827912
250.336243	-0.644730	-2.815398
824.991455	-79.178789	-84.550634
202.379680	-4.027244	-20.990738
177.121580	-15.264047	10.716911
-272.027930	365.950302	51.013605
-316.906886	322.108238	-8.437817
-339.051708	355.866285	-66.127615
-319.114970	343.722943	-24.689004
-334.162640	351.333311	-23.472150
-293.486754	331.508236	-13.412667
-324.963927	339.097937	-34.619570
-316.694066	342.756282	-20.754139
-330.610132	346.928358	-19.239616
-331.140022	361.965291	-24.670340
-331.449759	346.316856	-18.641126
-327.459739	344.941682	-29.059073
-468.315473	282.214943	-151.072639
-319.820150	341.865934	-17.519081
-329.030627	377.462018	-13.386099
-314.961821	306.251105	-53.142685
-299.190852	321.569228	-69.854522
-318.401925	339.658601	-53.398400
-283.572001	328.757177	-13.908834
-339.344742	369.192750	-22.047616
-327.969510	355.944378	-16.847819
-318.452815	318.082545	-49.952142
-326.864045	339.273319	-18.318918
-285.288355	341.715286	-5.063028
-301.182610	320.172356	-16.001153
-315.881073	353.342151	-20.367741
-472.150044	287.851667	-204.718563
-339.412587	379.050698	-17.756138
-330.893420	317.568153	-286.337887
-329.037155	340.041710	-22.353278
-339.433087	360.412519	-13.997021
-181.447524	671.689364	-724.030378
-326.004663	355.942436	-15.462642
-299.256849	347.539585	-18.696400
-334.652960	381.694132	-18.210832
-343.443624	356.159007	-15.526495
-313.311455	319.345276	-69.389991
-334.187669	364.164904	-10.327858
-260.350145	349.162778	13.242344
-314.279702	312.507260	-61.284571
562.197569	1950.847642	940.063753
-274.900040	289.982434	-102.117109
-305.803582	325.597315	-11.881099
-333.012025	357.605656	-23.503783
-325.795024	344.786814	-19.323160
-328.093268	348.730269	-15.386865
-275.032898	505.646710	168.068084
-329.762773	320.033063	-45.773493
-329.657582	345.218889	-27.617866
298.742902	-571.598707	-871.399564
-325.067073	317.045706	-40.564992
-450.328689	472.319410	-13.332460
-325.648333	362.276300	-22.484345
-254.192011	331.106827	-42.203616
-324.045473	312.327097	-77.687353
-333.050110	340.132306	-56.525389
-332.008523	338.659089	-19.491044
-305.651117	306.332162	-25.431754
-335.144981	341.505427	-59.004130
-346.370185	342.456008	38.498171
-296.911033	338.242549	-11.995638
-336.230107	360.481667	-23.375136
-321.011795	352.925146	-21.230785
-327.534526	350.290041	-16.909980
-358.406396	339.840733	-223.083147
-339.290220	341.980619	-32.329758
-323.558108	368.063450	-21.995014
-308.081335	339.081758	-6.920305
-324.025200	362.258000	-18.567664
-324.191476	321.524888	-49.209837
-322.658851	294.056947	-143.387066
-329.143017	343.054025	-22.804330
-321.354172	309.813168	-46.654167
-338.451313	357.486927	-19.394465
-331.718537	319.176881	-47.889255
-335.173393	344.278137	-10.741702
-334.476827	350.205682	-23.555310
-331.887774	322.298233	-48.487549
-59.541067	222.512434	-77.564234
-327.421084	351.669179	-15.909372
-312.487715	342.170036	-23.135030
-331.457494	324.844601	-43.999160
-324.486946	347.156478	-23.528059
-330.144375	333.877101	-12.528921
-325.150695	357.194158	-16.965455
-373.394274	341.356000	-13.295183
-328.035222	341.458055	-15.318901
-310.425463	336.323747	-0.673253
-326.875438	349.784591	-17.960731
-254.634581	318.971573	-60.229012
-320.484456	345.395493	-19.542074
-321.902507	325.628900	-50.852046
-328.113105	342.700486	-15.879908
-581.337188	357.414940	-663.706231
-369.181508	310.496328	-73.747949
-326.766714	347.341270	-11.816811
-329.930775	329.373096	-24.897220
-311.979541	304.890501	-63.582525
-332.116511	346.014097	-22.132249
-276.638018	335.893006	-8.237114
-339.118592	356.540847	-17.830899
-206.697797	591.219103	105.702515
-316.716128	352.861233	-18.965511
-325.201787	348.718041	-22.047325
-329.687144	405.124222	-28.598438
-315.862984	316.953207	-51.103760
-310.948777	341.188341	-20.138314
-324.580265	346.086033	-23.637100
-326.046629	356.143722	-16.617557
-335.494896	340.796216	-26.047624
-318.383605	347.231197	-17.060434
-305.540903	297.888699	-52.631227
-314.087528	331.900742	-18.227738
-332.332419	347.777553	-17.924358
-334.199178	350.725119	-23.352357
-334.669927	363.338173	-23.469104
-329.641384	382.328450	-21.465031
-333.734346	350.963777	-13.606983
-254.766145	249.136040	-83.961796
-322.901118	317.258895	-46.537866
-335.937543	356.648484	-21.458127
-311.165127	311.858488	-51.854309
-322.842468	345.115639	-15.194181
-312.076626	362.016539	-23.629265
-329.963854	320.784473	-52.742647
-328.706475	356.174110	-9.360125
-335.063672	368.187338	-21.030938
-307.716679	302.533427	-57.453762
-326.017639	350.677469	-17.259956
-341.487579	324.873873	-33.925961
-333.071691	341.728194	-19.243648
-318.642255	348.180566	-17.661139
-311.609245	312.181455	-53.383556
-512.108023	600.018339	-1154.595457
-322.769705	323.640140	-51.200508
-317.275399	315.868733	-30.161352
-319.903090	249.113383	-45.283009
-320.999124	377.956461	-48.910760
-316.047469	327.706705	-49.334301
-317.162876	398.268302	-3.979819
-337.615941	353.939130	-15.548831
-317.612847	317.957539	-46.662148
-320.842864	321.787739	-38.766479
-436.794970	220.509297	-126.489067
-335.554681	360.610574	-68.824447
-277.271208	212.729628	-131.819612
-323.839836	356.706751	-17.116853
-321.129390	346.676138	-28.775167
231.459682	163.790948	-15.022771
-327.515039	342.452229	-16.207413
-330.843882	327.143297	-51.739963
-296.923041	344.371542	-46.535579
-294.622391	233.744957	-144.682380
-337.397371	349.474260	-21.683842
-338.488446	343.705013	-19.853590
-320.905368	352.033551	-20.897210
-304.084906	330.555948	-36.967407
-328.952155	352.965704	-16.541042
-330.627549	338.545396	-26.128614
-331.368302	359.478552	-16.848139
-314.182231	311.658682	-55.923054
-335.294287	356.911396	-21.681184
-329.185748	359.601125	-17.671116
-291.299231	329.093953	-32.566535
-331.893470	346.791802	-25.437967
-310.712097	105.825581	37.766630
-331.764200	350.752690	-22.686495
-322.185037	345.839664	-27.070743
1257.379962	1255.476379	-13084.137986
-329.576457	333.342160	-31.084331
-324.109615	325.097328	-9.069397
-417.808413	288.329716	-51.689002
-315.654360	323.347243	-66.063579
-312.025187	304.251745	-53.408313
-325.909855	339.947789	-31.100176
-323.108227	333.843193	-39.527773
-325.023025	347.652216	-14.689075
-335.508396	353.292429	-23.185026
-330.178962	361.063668	-17.808962
-329.173993	356.467059	-16.471267
-308.839303	399.175558	23.888305
-329.913803	367.203855	-17.055244
-323.826933	345.633501	-19.081714
-350.193297	358.336580	-8.889399
-335.995799	360.748889	-22.429812
-312.260632	307.668778	-62.759659
-323.561948	340.191304	-28.394968
-323.990554	333.444227	-37.116150
-323.520887	319.519915	-44.612464
-326.758807	321.226456	15.058789
-304.305901	330.746842	-26.031849
-334.334768	366.318620	-17.488857
-328.426267	341.191210	-24.374985
-283.900965	354.519942	12.490094
-326.458709	348.895102	-18.936646
-294.924727	331.280146	-52.667212
-337.170614	364.829324	-34.542139
-207.099570	395.819700	-129.892387
-324.041725	296.050851	-73.752101
-334.392389	348.037981	-27.236663
-329.140297	363.361354	-19.873280
-307.493616	340.493549	-15.965026
-322.344331	345.598050	-23.877368
-338.727581	353.148704	-18.155757
