0.020263	0.030971	0.030415
-0.344644	-0.190636	-0.192082
-0.001447	-0.000393	-0.003311
0.009334	0.005446	0.004236
-0.015534	0.001125	-0.000034
0.051052	0.004137	0.002725
0.005751	0.007837	0.005077
0.001086	0.005502	-0.003430
45.921743	10.741825	10.709858
0.160529	-0.082132	-0.083482
0.002766	0.008682	0.007700
-0.008217	-0.012031	-0.016102
0.008494	0.012926	0.009673
0.031033	0.001384	-0.002240
-0.023601	-0.000663	-0.008694
0.003856	0.036708	0.036158
0.029184	-0.002120	-0.002893
-0.005205	0.005941	0.000842
0.007677	-0.006618	-0.007624
0.008984	-0.005582	-0.009753
-0.149278	0.018624	0.010540
0.020063	-0.036159	-0.037243
35.358407	3.524099	3.494096
-0.080857	-0.000899	-0.002378
0.004361	-0.014163	-0.015063
0.000629	0.004418	0.003430
0.010165	0.005775	0.003486
0.040327	0.042012	0.034506
0.008796	0.005558	0.004226
0.031312	-0.003321	-0.004059
-0.019873	0.023647	0.022070
-0.137987	0.127782	0.126832
0.012685	0.000845	-0.002685
-0.004945	0.012746	0.011620
0.011980	0.001662	0.000298
0.009969	0.003255	0.001545
0.023630	-0.018195	-0.020338
-0.004915	0.000919	-0.001009
-0.007239	-0.027801	-0.028436
-0.011288	-0.005225	-0.005925
0.033781	-0.031088	-0.032593
0.002785	-0.022171	-0.024473
0.009954	0.000285	-0.001218
-0.005247	0.003572	0.002206
0.007660	-0.004206	-0.005167
-0.006530	-0.014432	-0.016489
0.006607	0.005206	0.004449
-0.083372	-0.029582	-0.037291
0.005705	0.010984	0.002439
0.006963	0.000994	0.000071
0.001466	0.004860	-0.001575
0.092195	-0.026383	-0.027658
0.008277	0.039399	0.037383
-0.000897	-0.001732	-0.003983
0.022294	0.009760	0.008267
0.031462	14.033984	14.024850
0.002930	0.005494	0.002201
0.013032	-0.037311	-0.040201
0.106801	-0.040249	-0.049529
0.076284	-0.085352	-0.086269
-0.016259	0.003264	0.002373
0.007931	0.032394	0.031490
-0.005316	0.020101	0.018852
-0.037073	0.005182	0.004439
-0.000109	-0.012742	-0.015028
0.012981	0.016578	0.015526
-0.007023	-0.045903	-0.053003
-0.049619	0.042766	0.042237
-0.168277	-0.129746	-0.133246
0.001442	0.014976	0.011195
0.105446	-0.053119	-0.062811
-0.005970	-0.020796	-0.021572
-0.001603	0.014831	0.014223
0.079240	-0.032019	-0.032540
-0.096804	0.067203	0.065509
0.059496	0.078008	0.077131
-0.010987	0.020628	0.013887
-0.005815	0.011607	0.004624
0.013475	-0.013252	-0.016835
0.020573	-0.002788	-0.003363
0.011649	-0.008425	-0.014445
-61.984530	-40.793660	-40.760340
-0.019345	-0.072682	-0.073445
0.004171	-0.003011	-0.005295
0.014281	-0.017556	-0.018253
-0.015619	0.027133	0.026339
-0.007813	-0.035910	-0.036707
0.085432	-0.025573	-0.032378
0.062640	0.040298	0.033125
0.359732	0.225090	0.223657
0.031899	0.002304	0.001728
-0.014815	0.119297	0.118550
-0.033174	-0.010394	-0.011056
-0.000350	0.006855	0.000708
-0.026629	0.014181	0.011178
-0.005407	-0.001634	-0.003631
-0.043059	0.048580	0.038834
0.043554	0.028108	0.025807
0.018051	0.051074	0.050487
0.042573	-0.000086	-0.000739
0.106311	0.056971	0.056390
0.060529	-0.017833	-0.018577
0.319492	-0.368322	-0.369100
0.031605	0.006411	0.005877
0.072929	-0.104784	-0.106316
-0.264405	0.117050	0.121730
-0.017404	-0.018119	-0.019431
-0.007973	0.002512	0.001368
-0.025036	-0.061511	-0.063911
0.002823	0.001346	-0.000217
0.018593	0.004997	0.004359
-0.028643	0.018786	0.015729
-40.409437	-5.273109	-5.275175
-0.006443	-0.005964	-0.007496
-0.012018	-0.012170	-0.021187
-0.005118	0.011295	0.009131
0.026589	0.004437	0.003849
0.027240	0.005634	-0.000618
0.010522	0.031362	0.030672
-0.006264	-0.015159	-0.015733
-0.000234	-0.003453	-0.004223
-0.022498	0.012088	0.010672
0.040353	-0.142378	-0.143331
-0.009199	0.019140	0.018561
0.017610	-0.016694	-0.017876
0.015562	0.020125	0.019501
0.006013	0.002200	0.001118
-0.050315	0.024533	0.023516
0.032932	-0.062587	-0.070054
0.021982	-0.013335	-0.015443
-0.011761	0.010983	0.008579
-0.009230	0.045542	0.043112
-0.011714	0.014606	0.009156
-0.107438	-0.023436	-0.024040
-0.000691	-0.003285	-0.004446
0.015993	0.057864	0.057158
0.003492	-0.000968	-0.006188
-0.156402	0.007079	0.005687
0.155076	0.166546	0.163153
-0.014154	0.005248	0.001623
0.003878	0.020120	0.014705
0.133108	0.004791	-0.002579
0.017683	-0.003623	-0.004459
0.022321	0.052486	0.051796
0.024624	0.006786	0.005979
0.056236	0.029392	0.028840
-0.011458	0.022438	0.021624
0.044532	-0.017010	-0.017578
0.003386	-0.000618	-0.006387
0.008643	0.003949	0.003260
0.034769	0.003286	0.001313
0.004220	-0.009804	-0.014768
50.824253	10.437095	10.437202
-0.029235	0.025677	0.015855
-0.018624	0.041861	0.040810
0.014842	0.019633	0.011895
-0.004067	0.000100	-0.001648
-35.440102	-5.607802	-5.605006
0.003032	-0.002112	-0.006186
-0.024469	0.000777	-0.009222
0.006773	-0.007373	-0.009039
227.796666	246.401578	246.358634
-0.081676	0.109364	0.107849
0.009637	0.007976	0.005256
-0.017873	0.033572	0.032953
-0.007923	-0.015902	-0.021885
-0.011266	-0.008511	-0.012170
0.028240	-0.007326	-0.013709
0.004250	-0.018103	-0.019013
-0.011732	0.011839	0.010946
-0.058864	0.065156	0.064190
-0.022231	0.018016	0.008667
0.089470	-0.106138	-0.106722
0.025443	0.036586	0.035711
0.089107	-0.043684	-0.045353
-0.007109	-0.001494	-0.004874
-0.005033	-0.015474	-0.017196
0.008298	-0.053451	-0.054501
0.003144	0.006057	0.001975
3.748421	-1373.658358	-1373.032373
0.007543	0.005352	0.002949
0.004917	0.008223	0.006992
0.028653	-0.008824	-0.009851
0.005434	0.002729	-0.005065
-0.027728	-0.014214	-0.016385
0.064832	-0.053791	-0.054508
0.036432	0.019866	0.019251
0.006354	0.010389	0.005874
0.000811	0.003876	0.002701
0.012179	0.006841	0.002400
0.214971	-0.095323	-0.096252
0.012416	0.002346	0.001483
-0.005561	0.015568	0.014842
-0.008071	-0.004840	-0.014518
-0.021645	0.004433	0.003452
-0.013486	0.028051	0.020686
0.068863	-0.001976	-0.002516
-0.002976	-0.014658	-0.017946
-0.026204	0.028034	0.018925
20.345910	22.929589	22.926022
-0.000819	-0.005974	-0.006783
-0.290047	0.391636	0.390855
-0.067208	-0.004906	-0.006398
-0.058349	0.012767	0.010312
-83.935747	84.041184	0.048904
-83.992728	83.947205	-0.052201
-84.019400	84.022259	0.022904
-84.017687	83.999870	0.002425
-84.053637	83.948801	-0.050017
-83.984791	84.006441	0.007219
-84.003320	83.996868	-0.002073
-84.018449	84.014438	0.015551
-83.997964	83.975892	-0.018543
-101.934908	102.377981	1.436221
-84.016681	84.000029	0.000807
-83.975986	83.993110	-0.008693
-84.027213	84.042810	0.047362
-84.005967	84.003529	0.004001
-83.956718	84.044666	0.046044
-84.036367	83.984332	-0.010426
-83.981987	83.992765	-0.006216
-83.992981	83.990688	-0.007934
-83.934581	84.009881	0.010254
-84.036997	83.954068	-0.045046
-84.034978	84.028142	0.029086
-84.014382	83.975918	-0.016865
-84.078656	83.903178	-0.095940
-84.006875	83.986907	-0.011877
-83.998864	83.994872	-0.002138
-84.051503	83.976666	-0.021948
-83.998602	83.997657	-0.000282
-84.027909	84.021425	0.024978
-84.012143	83.986523	-0.012910
-83.977340	84.018073	0.019031
-84.023847	84.004872	0.007536
-83.998181	83.989699	-0.008979
-84.075547	83.948165	-0.047913
-83.976881	84.021032	0.023851
-84.015622	83.976523	-0.021303
-84.024393	84.005560	0.006250
-84.007620	83.989709	-0.006292
-84.007615	83.985784	-0.008177
-83.964354	83.986888	-0.012157
-84.037235	83.999138	0.000579
-83.973960	83.984598	-0.014676
-83.908638	83.910235	-0.089160
-68.192135	138.102122	0.540458
-83.998847	84.018075	0.025365
-84.062204	84.006075	0.009350
-84.047464	84.009193	0.005026
-84.012452	83.981024	-0.012344
-84.011978	83.995482	-0.003561
-84.032198	84.017364	0.017819
-83.936677	84.001078	-0.001503
-84.021049	83.981806	-0.018320
-83.992939	84.005448	0.006535
-84.005219	83.983187	-0.011556
-84.005091	83.952256	-0.047096
-83.985921	83.986872	-0.010972
-83.984659	83.958037	-0.064349
-83.999374	83.992504	-0.005570
-83.980322	84.033712	0.034818
-83.984507	83.999642	0.003039
-84.022709	84.003398	0.004059
-84.029167	84.004092	0.004855
-84.154019	84.044528	0.045406
-84.008337	84.000156	0.001427
-83.970521	84.033290	0.041001
-83.988359	83.970151	-0.026256
-84.197965	84.117256	0.117645
-83.967183	84.019748	0.022565
-83.990830	83.982721	-0.016563
-84.006529	83.997629	0.002349
-83.990367	83.986071	-0.011743
-83.886323	84.184987	0.184512
-84.074310	83.988004	-0.011767
-84.009568	84.007217	0.012679
-84.019085	84.011479	0.013266
-84.024459	84.001811	0.002370
-83.977756	83.988978	-0.011191
-84.039949	83.989596	-0.004407
-83.962920	83.992916	-0.005931
-83.993104	83.989360	-0.009881
-83.990178	83.996969	-0.000789
-83.982123	84.018803	0.020497
-84.004363	84.012933	0.014558
-83.977908	83.986332	-0.009176
-83.989774	83.987609	-0.012114
-83.998405	84.000691	0.005041
-84.031845	84.013665	0.018163
-84.000455	83.998289	-0.000087
-84.024293	84.015346	0.016284
-84.148169	84.334953	0.332493
-84.052956	84.063191	0.063744
-83.994204	83.998761	-0.000810
-83.988642	83.966726	-0.031672
-83.985413	84.011216	0.011884
-84.018070	83.998045	0.005533
-83.970638	83.990954	-0.008600
-83.988246	83.981284	-0.012967
-84.068881	84.008360	0.015881
-83.976503	84.013587	0.020531
-84.036215	83.959722	-0.039965
-84.027032	84.012173	0.009573
-84.001999	83.997302	-0.002074
-83.957153	84.020603	0.020320
-84.021300	83.993260	-0.002070
-84.011625	83.986394	-0.008819
-84.033261	83.991780	-0.007328
-83.997683	84.002730	0.005015
-84.075172	84.061459	0.059441
-84.004307	83.993357	-0.004015
-84.014406	83.994035	-0.005335
-84.007799	83.976818	-0.022714
-84.040035	84.055125	0.055663
-83.985252	84.004109	0.004763
-84.002788	84.002882	0.003607
-84.020572	83.998421	-0.000648
-84.009208	83.999228	-0.000067
-83.981466	84.003221	0.005839
-84.002759	83.979589	-0.018521
-83.991133	83.980721	-0.018796
-84.031755	84.014081	0.014580
-84.003448	84.008727	0.009790
-83.986261	83.997374	-0.001349
-84.091723	83.991355	-0.008090
-106.955319	89.772008	-59.002727
-84.085621	84.030685	0.031566
-84.029995	84.007437	0.007253
-83.998414	83.996797	-0.001266
-83.999104	84.004597	0.007052
-83.974899	84.000431	0.001869
-84.005729	83.974884	-0.024227
-83.996449	83.999711	0.000758
-84.022084	84.013181	0.017408
-84.191803	84.045794	0.046608
-84.010256	83.992376	-0.005600
-83.986004	84.025897	0.027450
-83.940992	84.020373	0.021660
-83.986087	83.956663	-0.040707
-83.926044	83.928938	-0.070288
-84.002807	84.004860	0.008219
-83.972343	84.020673	0.022155
-83.749465	83.718073	-0.283415
-113.070085	98.570897	-7.957391
-102.657904	102.541238	0.979586
-84.012517	83.999858	0.001550
-84.040920	83.987582	-0.005188
-83.964398	84.083379	0.084305
-84.000579	83.996181	-0.000607
-83.992396	83.994818	-0.004499
-84.069770	84.048354	0.055119
-84.000760	83.991256	-0.007254
-84.106113	84.002482	0.003772
-96.202110	111.430584	8.092423
-84.106908	83.974316	-0.025997
-84.027272	83.951534	-0.041692
-84.016726	83.988584	-0.011199
-83.972974	83.964975	-0.033939
-84.009556	83.983789	-0.014272
-84.019029	84.000220	0.000866
-84.002719	84.006199	0.006677
-83.996920	84.013463	0.015582
-104.415889	102.289915	0.072848
-83.984773	83.988636	-0.009874
-83.996352	83.996108	-0.002804
-83.998727	84.009940	0.012000
-83.998959	84.004737	0.006128
-84.006434	84.010450	0.011149
-83.945088	84.015337	0.022034
-83.992954	83.981367	-0.018125
-84.061953	84.003797	0.008039
-84.023812	83.961631	-0.030487
-83.986624	83.997377	-0.002056
-83.965070	84.020852	0.022312
-83.987614	83.889490	-0.103040
-83.970524	84.001036	0.002965
-83.969539	84.002853	0.010752
-84.020630	83.986759	-0.012947
-83.995049	83.987855	-0.011301
-98.889045	112.646871	-78.574767
-83.944414	84.077644	0.081328
-84.009287	83.990090	-0.031874
-84.035353	84.004512	0.004932
-83.994829	83.997655	0.000584
-84.035270	84.024886	0.026060
-83.880593	83.971281	-0.020803
-84.005470	83.993155	-0.005465
-83.836881	83.821362	-0.178435
-83.777711	84.100151	0.100898
-84.009109	84.016531	0.018839
-83.993071	84.002089	0.002568
-84.007362	84.013036	0.013840
-83.984408	84.002263	0.004137
-84.036074	83.978762	-0.019609
-83.999465	83.986330	-0.011899
-84.017832	84.023587	0.023942
-84.023077	84.015709	0.023751
-83.991514	83.990443	-0.003332
-84.020239	84.019943	0.020282
-84.012209	83.997923	0.000794
-83.981041	83.987416	-0.006138
-84.000947	83.998048	-0.000932
-84.011224	83.925156	-0.076210
-84.114653	83.814284	-0.186423
-83.998286	84.003172	0.006002
-83.876395	84.000841	0.008943
-84.001555	84.003247	0.004581
