-303609.171981	-535132.070064	-535133.794442
-123113.980763	554030.749778	554027.021149
117707.646818	56924.113660	56915.755603
111206.654720	-462619.490586	-462623.387384
177894.783215	-532651.216579	-532655.034981
-202973.083095	287247.341109	287243.587063
431506.985477	-370545.576210	-370555.192479
542224.566320	166695.972338	166664.188168
741044.445676	369627.473734	369476.915329
-133544.278942	594734.230832	594730.754800
123598.254189	-570440.704915	-570443.919943
275408.733403	-17713.909354	-17726.379929
135052.447643	304165.116083	304156.282433
239460.000937	-35284.357611	-35295.346520
605546.543699	-126766.382870	-126797.204446
-534650.313836	-246181.162264	-246182.775268
-481926.189403	322429.516075	322427.434912
313916.102027	130102.613304	130087.159417
103050.515057	-544129.669338	-544132.942126
229377.666147	183389.764676	183377.741876
520607.880434	313989.759135	313962.700209
-257561.473673	553953.136327	553950.318521
727107.582713	36244.240252	36143.588779
-98670.381539	582261.920646	582258.118158
-244411.173395	-258854.428249	-258857.095156
-139615.150344	-329314.066335	-329317.061883
296879.890972	-336427.857405	-336435.412964
513630.950173	7209.699625	7182.631791
-122034.103804	-140550.309228	-140554.186823
-501032.893988	129921.592000	129919.553718
-130404.322425	434535.710300	434531.608417
-347274.713359	485292.472246	485289.975356
171830.845220	135909.851045	135899.765755
-248052.524088	532256.735207	532253.805104
-199100.427342	76802.518048	76798.748519
-113606.889709	360168.124018	360163.638012
31489.595018	515437.367622	515431.837267
-60648.943033	376234.964804	376229.915906
-289602.014071	-458294.395969	-458296.342591
-462836.325332	-108119.038410	-108121.046062
-145751.315770	450213.530934	450209.620298
31157.189238	443495.364084	443489.372094
-175152.773600	190508.977830	190504.914960
-171935.564364	-9953.171963	-9957.020147
-14529.169993	-472942.586041	-472945.622776
70335.463135	614464.242179	614458.963736
-267426.694499	-357730.272989	-357732.558968
501846.544597	35692.577971	35665.733323
568598.951393	-27512.291933	-27543.883155
26770.635128	-528535.329995	-528538.288928
407041.792485	124003.753199	123983.103452
-160367.158439	595455.391032	595452.103702
403218.501343	-462574.303167	-462581.292832
-11454.352020	204128.966894	204122.861855
-24231.894872	-208795.147653	-208799.609368
352830.614903	-309534.831263	-309577.818523
265748.688311	-137316.447744	-137326.776455
172673.587154	537966.417368	537958.863813
581348.659858	30993.949447	30959.392452
-456166.697274	415413.817836	415411.513612
-377846.904725	2917.143147	2914.642581
98775.154043	-591785.005465	-591787.962889
262811.374328	-557207.802283	-557212.002886
-422680.821154	-125993.868516	-125996.005640
28726.096914	35503.452246	35496.978822
-335033.458512	213429.209258	213426.364274
476954.730288	350047.176601	350024.644409
-472713.909101	-379978.391086	-379979.977672
399727.573384	-257340.765624	-257352.666284
270376.386411	-61753.472073	-61765.144661
601962.592904	27220.878217	27184.080155
-33179.406500	-571637.638756	-571640.123031
-286376.548857	-490745.994234	-490747.870816
-488285.838865	-370867.912142	-370869.473469
51171.790988	-230418.526369	-230423.672390
-405706.580916	409547.485318	409545.156363
513399.573215	-92791.187359	-92815.168852
437492.950042	242763.120522	242740.749601
381752.643393	-230341.856107	-230353.875798
-352078.384256	-459461.124755	-459462.884323
414557.213342	383775.204419	383757.155789
179098.130921	101260.468924	101444.889110
-12383.874308	-597202.006339	-597204.461897
8265.403446	107609.830976	107603.487631
-476364.025227	-79743.295966	-79745.286399
43166.656016	-616497.452686	-616500.035895
-440733.103301	26718.582694	26716.350686
446091.712811	326295.646123	326274.329613
466507.719694	314998.275051	314975.355206
-127979.645759	551092.893240	551089.200134
-581901.952655	-85088.162939	-85089.810295
-12205.971091	-608138.465512	-608140.872320
-240907.232311	-480939.405569	-480941.449981
530113.735490	-159260.270262	-159282.549703
476702.756191	-373572.175391	-373582.844475
77483.797370	-166572.372420	-166578.371867
617638.698389	-17131.183039	-17168.810327
22307.327511	417388.966839	417382.958724
-599003.521239	2692.170570	2690.512572
-499401.262148	-113717.284956	-113719.158237
-609185.494198	21845.436270	21843.798140
-474825.079462	20561.516359	20559.429565
-444464.689578	-3652.838479	-3655.026752
-598542.617169	-154408.816568	-154410.360088
267728.734406	-477177.431979	-477182.544517
-248738.173605	-11094.862254	-11093.519941
132892.109653	-442100.694563	-442104.925434
-297370.506859	241601.820707	241598.746276
78725.794034	513633.610449	513627.397899
-76329.876933	-90879.784307	-90884.296686
-543056.142657	-27492.497527	-27494.306617
186435.459298	520442.006099	520433.973322
-518897.006302	406114.450187	406108.312327
-155660.483324	95350.425255	95346.197804
558850.132653	265422.036267	265390.281068
19585.452412	975.705655	969.530749
-317206.710603	-482097.472962	-482099.280620
476565.343697	-81107.753265	-81129.386327
-457493.679567	-138611.962168	-138613.950644
-526639.982502	-214189.772754	-214191.446747
-108683.804650	-512601.323025	-512603.745284
305753.692723	-533674.388326	-533679.189142
-334959.429484	516355.455287	516352.958731
-493769.540048	-262303.519284	-262305.223640
-279367.952823	312695.480473	312692.337512
-188960.921991	-567644.362318	-567646.323030
83575.585883	-494467.672153	-494471.154655
155164.396579	-575670.452675	-575673.806213
487954.129712	320448.957902	320424.761435
4317.430786	469448.500091	469443.040145
68641.949703	-15034.701974	-15041.640998
76452.518439	498461.683400	498455.382383
568411.590602	-243455.159464	-243475.523223
-589515.891475	27638.176487	27636.476594
-278715.206352	377809.290884	377806.227817
-71914.089045	-591973.938679	-591976.196183
388496.169099	-51077.241902	-51094.253758
-121887.287729	591512.526893	591508.944927
393672.359529	-263066.974101	-263078.465580
497703.269692	-325332.899505	-325345.892980
510474.614886	-191256.203846	-191275.617190
484686.389288	33510.742617	33485.447748
-444765.326456	203877.456486	203875.178153
-59425.221631	-615328.721562	-615330.933691
-283025.766451	-288838.722446	-288841.124839
-351129.548965	-491864.444571	-491866.138823
-412073.019288	-33402.109865	-33404.409423
-376698.236443	-441855.330164	-441857.057979
356869.205239	184047.440722	184029.711296
-163508.909828	-529445.586824	-529447.746505
-19547.405014	4403.679935	4398.082750
359456.428804	446349.550555	446335.447213
-249261.393872	452657.990352	452658.767921
613859.860522	2249.481579	2211.730619
-305797.463111	30580.636220	30577.704977
540967.164907	-50691.121143	-50719.123094
-111763.909994	184785.897186	184781.164750
506709.960417	7846.200979	7847.792656
218733.260929	259646.016198	259634.541056
593274.456916	172558.646411	172521.304772
3058.783452	-175441.562394	-175446.519939
665016.783722	973155.806693	972975.726951
273843.503786	-485696.042080	-485701.111475
207598.891729	-164044.798124	-164053.221327
-258119.158881	-507990.729670	-507992.647119
436719.007312	425265.488746	425247.594693
281210.694404	549366.123229	549356.360766
402638.391807	264406.077976	264386.278112
-379386.301989	45012.309232	45009.775671
-227435.393079	-288628.652704	-288631.317724
-331840.510527	506620.770727	506618.237934
569530.412305	240858.223713	240824.665893
-609873.502073	34870.143733	34868.501218
-411696.448528	385230.332710	385228.004418
38675.717690	-222959.481544	-222964.531558
181467.170194	426325.587497	426316.562252
-15195.934430	606691.282959	606686.868753
-310402.598252	46227.229928	46224.309392
374712.275726	-165669.805169	-165683.299625
372302.004560	-7581106.853063	-7577827.216384
248669.964314	-271067.807742	-271075.529750
-263370.484195	285897.813974	285894.532999
-346926.078096	247485.690717	247482.925604
481903.921964	184431.730986	184405.504059
415406.836803	-444393.613666	-444401.162212
-78526.319220	-578896.476893	-578898.761144
-522425.897541	-138995.570491	-138997.342653
356040.519125	-88986.910273	-89001.475118
-29508.645240	-347850.557519	-347854.176203
261823.409892	131235.744505	131222.589465
-355410.120334	490685.806716	490683.363454
-428117.490714	300703.225183	300700.903318
-409685.681364	-178987.537914	-178989.645266
584468.210751	99382.453793	99346.416470
-352314.118001	403428.424607	403425.828215
594002.758310	-152978.347447	-153006.360324
-554005.762952	-230709.672649	-230711.252832
143665.089113	332674.282399	332665.395038
608436.310345	-56382.583850	-56417.521146
-232761.321506	7444.017237	7450.958911
-455016.020196	137915.326946	137913.099182
-442190.926113	-6500.583140	-6502.782268
-179546.502684	288951.743102	288947.779997
50299.833118	423070.571073	423064.150901
248963.017957	894218.034232	102959.498993
1432086.338434	595130.256565	-196156.461256
1367845.120856	640877.630710	-150408.919000
435458.494329	1160052.821599	368773.158439
1106221.640723	627194.414937	-164090.709775
869322.442489	1344913.718644	553627.806148
723761.885894	1306456.926554	515171.951625
649501.227594	1337145.626227	545860.884921
281426.666680	1008112.694886	216845.012824
1339353.728808	1102903.241307	215021.997431
1309565.371652	542089.914420	-249196.332182
1369070.372912	1076254.194110	284962.968336
266219.238771	645866.212568	-145417.283867
1238347.079486	1196381.194679	405094.314182
977368.304935	184193.120358	-607091.711782
395810.006956	905268.739861	113998.421061
1186469.134987	449532.776088	-341752.878157
547041.789217	1316365.790849	525082.002446
1243835.270973	871941.575250	80654.520830
1244528.379440	370368.460799	-420917.563547
1192857.752111	276787.051253	-514498.849545
366356.236737	579784.760274	-211478.627876
1236620.337751	349408.428021	-441877.638148
821649.924886	1149661.442254	358376.837473
472385.691737	1070946.700416	279668.330148
858924.940521	1030281.595557	238997.408580
647845.020727	1064010.061185	272728.191569
600955.386817	825008.752077	33731.263652
1058609.358500	1361241.411145	569954.803028
1176881.560866	679880.160991	-111405.517896
698204.356390	224474.044459	-566807.473659
1039290.040725	706170.817136	-85113.862917
504987.703348	363735.249866	-427543.447476
384073.217643	1162022.023358	370743.462821
687406.975954	993222.455493	201940.785024
1375263.110415	454055.354412	-337231.151736
481213.064946	934798.000810	143522.777115
444476.853752	607040.407627	-184228.171210
1188558.820393	299312.359717	-491973.528300
980988.579961	238110.830828	-553173.835376
852847.022270	1393610.214842	602324.154774
975134.341273	1396053.918089	604767.447832
465905.192271	717456.361091	-373276.255628
304039.752516	753770.934526	-37490.373895
436877.951565	459592.864296	-331686.553849
1390746.262174	982337.872164	191033.293175
332003.418869	855216.568726	63952.146183
1208977.861113	571323.359937	-219962.403637
1348337.778993	772561.884046	-18725.034374
1366002.303189	983361.570546	192064.572444
1384288.327989	1116487.756459	325199.573995
1153149.149666	410459.370447	-380826.130325
464072.556311	542386.406598	-248884.970652
914153.487105	1405658.340378	614372.015663
605933.975526	1084683.238803	293401.759599
253213.439403	668913.292101	-122549.768644
915906.062267	502241.173565	-289042.061750
1113452.865978	266979.276106	-524306.222083
348825.282130	1124102.072767	332825.726175
1394041.434042	510078.659448	-281207.910299
1321421.204946	404433.061787	-386853.271000
1230894.661733	327582.821028	-463703.263305
1087179.206943	550014.396904	-241270.549491
255259.532999	786619.450620	-4637.839444
585491.684543	842966.128265	51688.845642
1310782.658255	1208450.580783	417163.456079
665865.878972	215387.974834	-575893.151017
1252035.786593	737059.582176	-54226.681687
491829.298214	510753.727948	-280519.979774
427564.824537	1220908.311056	429627.426450
1282281.941389	1052699.926523	261411.369305
1264965.597100	874946.154813	83658.650354
379191.625671	507038.338734	-284231.225488
942439.321763	445660.077909	-345623.584394
1085416.438337	1337321.169168	546034.524629
1345100.290949	878021.401189	86732.738524
388776.889113	828189.323238	36921.633124
1105199.565688	306559.358795	-484726.013388
1075317.789885	1104921.034109	313634.986039
854384.054735	505810.276169	-285472.090156
884488.856018	188644.592274	-602639.447653
977478.238584	411820.854680	-379463.261779
557147.228379	541909.737527	-249365.156313
1240714.892320	1091374.987497	300087.793040
526317.171076	815401.545386	24126.920676
527524.626222	494589.386261	-296685.561288
985312.729077	506612.461701	-284671.582860
1221066.712178	437546.226809	-353739.659007
386495.105929	444500.760083	-346803.572206
1438829.733949	582085.380904	-209201.527017
1195559.179400	1017577.891617	226291.005088
938074.176511	252082.903343	-539201.357027
905035.932060	1385918.564270	594632.279828
291124.172959	809108.257824	17848.227777
1320931.492119	785969.811102	-5317.123354
359631.101417	903677.355383	112409.276545
338404.803957	553834.510687	-237427.233407
335334.816050	796895.229491	5631.914252
1474039.238525	794693.006564	3405.638453
1417630.396726	951171.370111	159872.251713
1070831.115293	1278237.012045	486950.570174
1427108.720896	882998.500677	91709.285575
420590.991041	501252.027749	-290021.127438
541282.540893	599970.553968	-191303.133707
1245929.274431	462905.580447	-328380.412226
804692.746202	304488.695904	-486793.777590
1413004.297368	1065029.349967	273736.295047
790341.020076	566277.443402	-225003.716462
1358917.786643	666426.477641	-124860.109816
1243153.028149	1256568.571507	465281.645889
985804.895183	1387780.435948	596493.644456
1186315.491038	851888.847711	60602.513508
1100831.535423	1070423.748816	279137.604872
1226443.780123	513290.359155	-277995.503738
1277204.877309	710653.521285	-80632.810059
634220.727977	960767.564931	169487.326575
461081.403561	1251010.615476	459728.649604
1194656.213972	938443.928745	147157.142273
1459137.473145	691925.944626	-99360.980904
1134677.235373	294798.522813	-496487.108789
1067454.494335	340401.098424	-450883.948051
1009692.237233	1387261.664770	595974.979907
1310742.275361	1031070.437906	-129266.750753
1216207.091050	289613.364397	-501672.748689
1376113.453676	870383.278081	79094.513714
885102.237448	710596.623660	-80686.318621
802199.044143	392628.334892	-398653.598090
1026366.865958	617538.201241	-173746.244515
1193378.509807	698806.578102	-92479.293329
1172310.375990	518768.644477	-272516.915242
490618.580262	432566.476709	-358709.993732
1250955.155969	325284.260175	-466002.063084
507214.301152	1193582.340533	402300.711353
939404.034596	231052.027206	-560232.394257
1072148.606567	608233.843827	-183051.032009
387491.912238	1181369.169322	390089.912265
1227891.143785	338887.981129	-452398.629315
667701.165743	396556.425729	-394722.966962
942768.672027	189406.442677	-601878.154462
384062.434551	448525.043506	-342772.892106
37044.143168	764637.473201	-197442.615165
308266.626666	474465.614935	-434554.690537
750352.066121	1051434.143479	260150.975690
279220.928520	885644.130564	94382.978568
1179595.849020	264584.912987	-526701.117004
710254.797524	554328.300993	-236951.110169
1084003.622108	1185613.684725	394327.413719
351484.014707	784665.108827	-6599.279028
676297.778154	1187046.684102	395763.065328
996387.854015	188473.631790	-602811.511761
164913.175097	862163.422094	-75778.656099
1445506.495676	888744.388925	97454.955898
339389.216020	814078.598367	22814.533996
1355744.430521	1150992.510933	359705.026708
633108.919159	1354191.809679	562906.976255
836094.438259	836018.340681	44735.590688
1323228.744869	696858.340448	-94428.170680
1432331.443873	723367.863323	-67919.089997
777376.786546	178945.718746	-612337.240623
263380.534876	517258.491303	-375886.978903
1004164.158913	653260.039717	-138024.235723
1070259.882433	813532.364760	22247.143064
824576.268440	806765.317848	15482.881069
1049050.409917	521745.452452	-269539.202269
931032.257933	1347333.938385	556047.752589
319896.393976	507603.016184	-283660.370007
1204967.223913	1217096.772385	425809.972327
584241.759266	537385.188720	-253890.737439
261283.913660	816289.378542	25031.888088
1160742.201189	1199167.685661	407881.064299
837913.637336	1019967.154103	228683.158027
251394.381406	906298.745584	115039.056802
910375.561914	455948.772660	-335334.523810
253961.707251	862209.555105	70951.784430
1357212.964613	808665.584516	17378.259079
746179.621651	1396215.916847	604930.269754
333537.715803	542208.040574	-967627.543899
494900.612624	353875.351193	-437404.778057
1409796.524092	1014510.747882	223136.038724
1463939.882518	744465.429857	-46821.684254
676777.427182	267869.772769	-523411.029775
1094660.818903	613261.940731	-178023.319941
320596.625713	557627.650100	-233632.364522
799250.143762	1104915.746646	313631.625326
1304593.703137	1213736.406658	422448.425072
1219695.282689	324124.614721	-467162.129305
677462.278055	970738.203109	179456.913530
1202139.916032	909552.281365	118265.477444
1246646.149764	677464.684506	-113821.421891
864811.772899	242807.747742	-548475.827467
406966.262426	457874.975010	-333410.923920
708339.510993	1073065.445597	281782.583589
1312842.710475	1184960.639592	393673.416980
290599.929974	628892.387655	-162367.886887
271202.713169	974104.431547	182839.456793
1469332.745797	776259.417528	-15027.926289
682158.813557	830065.232625	38785.423324
353072.431096	519583.815099	-271681.764956
990355.367375	1035083.508123	243798.203802
1406512.090202	1076874.783849	285583.568238
1286088.715917	1058902.836920	267613.357413
759289.257239	487642.177017	-303638.546713
241810.930540	811962.271506	20706.626804
1065481.900238	444390.470855	-346894.381089
