0.002020	0.003037	0.003033
-0.026007	-0.013887	-0.013892
-0.000285	-0.000265	-0.000276
0.000962	0.000430	0.000421
-0.001508	0.000019	0.000010
0.004888	0.000326	0.000321
0.000280	0.000407	0.000385
0.000100	0.000053	0.000012
0.096070	-0.079015	-0.079042
0.014576	-0.007887	-0.007892
0.000297	0.000785	0.000777
-0.000917	-0.001508	-0.001526
0.000711	0.001115	0.001104
0.002998	-0.000145	-0.000161
-0.002220	-0.000600	-0.000657
0.000390	0.003601	0.003598
0.002859	-0.000261	-0.000264
-0.000562	0.000205	0.000187
0.000793	-0.000747	-0.000754
0.000632	-0.000728	-0.000742
-0.024401	-0.000802	-0.000831
0.001902	-0.003632	-0.003636
0.001060	-0.065353	-0.065418
-0.008180	-0.000137	-0.000142
0.000386	-0.001480	-0.001485
0.000033	0.000349	0.000343
0.000914	0.000141	0.000126
0.001032	0.001650	0.001610
0.000779	0.000432	0.000425
0.003062	-0.000394	-0.000397
-0.002070	0.002263	0.002258
-0.012311	0.011556	0.011552
0.000972	-0.000117	-0.000130
-0.000587	0.001229	0.001225
0.001049	0.000094	0.000088
0.000867	0.000238	0.000233
0.002214	-0.001895	-0.001902
-0.000629	0.000001	-0.000006
-0.000731	-0.002831	-0.002835
-0.001061	-0.000576	-0.000580
0.003245	-0.003144	-0.003149
0.000122	-0.002289	-0.002296
0.000867	-0.000064	-0.000070
-0.000517	0.000212	0.000206
0.000774	-0.000513	-0.000520
-0.000782	-0.001506	-0.001512
0.000636	0.000452	0.000447
-0.008064	-0.003286	-0.003324
0.000769	0.000523	0.000471
0.000714	0.000013	0.000006
0.000086	0.000080	0.000055
0.009101	-0.002653	-0.002657
0.000801	0.003859	0.003842
-0.000177	-0.000338	-0.000346
0.002170	0.000836	0.000828
0.002208	0.113547	0.113530
0.000232	0.000275	0.000258
0.001122	-0.003805	-0.003813
0.011990	-0.003900	-0.003954
0.006097	-0.000929	-0.000932
-0.001715	0.000192	0.000188
0.000813	0.003154	0.003147
-0.000484	0.001918	0.001908
-0.003563	0.000500	0.000497
-0.000125	-0.001452	-0.001462
0.001201	0.001586	0.001581
-0.000423	-0.005569	-0.005592
-0.004824	0.004136	0.004133
-0.014877	-0.011415	-0.011437
0.000059	0.001198	0.001180
0.017236	-0.004011	-0.004071
-0.000567	-0.002144	-0.002150
-0.000165	0.001418	0.001414
0.007751	-0.003158	-0.003162
-0.009331	0.006324	0.006314
0.008552	0.010862	0.010858
-0.001061	0.001583	0.001543
-0.000353	0.000764	0.000739
0.001357	-0.001614	-0.001636
0.002044	-0.000335	-0.000339
0.001135	-0.001203	-0.001222
-0.106655	0.089066	0.089038
-0.001932	-0.006876	-0.006882
0.000293	-0.000469	-0.000478
0.001464	-0.001828	-0.001831
-0.001536	0.002638	0.002632
-0.000840	-0.003678	-0.003682
0.009290	-0.003030	-0.003053
0.008852	0.003816	0.003792
0.027296	0.017219	0.017214
0.003172	0.000175	0.000172
-0.001433	0.011392	0.011386
-0.003312	-0.001100	-0.001105
0.000024	0.000234	0.000194
-0.002719	0.001132	0.001107
-0.000606	-0.000344	-0.000354
-0.004109	0.004458	0.004393
0.004159	0.002690	0.002683
0.001763	0.005000	0.004997
0.004263	-0.000067	-0.000070
0.010409	0.005350	0.005347
0.005994	-0.001871	-0.001875
0.021523	-0.023906	-0.023910
0.003145	0.000594	0.000591
0.006868	-0.009836	-0.009848
-0.000294	0.000448	0.000443
-0.001690	-0.001924	-0.001933
-0.000896	0.000182	0.000178
-0.002628	-0.006133	-0.006140
0.000189	-0.000013	-0.000020
0.001832	0.000431	0.000428
-0.003016	0.001749	0.001740
0.010531	-0.069101	-0.069105
-0.000953	-0.000612	-0.000618
-0.001502	-0.001526	-0.001563
-0.000613	0.000949	0.000940
0.002642	0.000386	0.000382
0.002713	0.000112	0.000078
0.001096	0.003088	0.003085
-0.000629	-0.001544	-0.001547
-0.000021	-0.000421	-0.000427
-0.002199	0.001119	0.001108
0.003777	-0.013580	-0.013584
-0.000937	0.001866	0.001863
0.001644	-0.001731	-0.001735
0.001557	0.001950	0.001945
0.000628	0.000122	0.000114
-0.004974	0.002365	0.002357
0.013678	-0.011690	-0.011716
0.002058	-0.001416	-0.001423
-0.001283	0.000901	0.000890
-0.001084	0.004355	0.004347
-0.001063	0.001045	0.001002
-0.010389	-0.002378	-0.002381
-0.000201	-0.000418	-0.000422
0.001676	0.005575	0.005569
0.000285	-0.000481	-0.000506
-0.014379	0.000288	0.000283
0.013626	0.014513	0.014491
-0.001370	0.000195	0.000167
0.000438	0.001596	0.001560
0.012800	0.000025	-0.000011
0.001691	-0.000421	-0.000424
0.002236	0.005171	0.005166
0.002422	0.000614	0.000609
0.005602	0.002879	0.002875
-0.001150	0.002091	0.002087
0.004430	-0.001750	-0.001754
0.000408	-0.000509	-0.000530
0.000864	0.000327	0.000322
0.003367	0.000163	0.000154
0.000306	-0.001217	-0.001232
-0.015031	0.052687	0.052683
-0.002396	0.002995	0.002931
-0.002004	0.004036	0.004032
0.001554	0.001424	0.001379
-0.000568	-0.000087	-0.000093
-0.035830	0.061715	0.061650
0.000138	-0.000411	-0.000424
-0.002411	-0.000482	-0.000533
0.000610	-0.000890	-0.000898
0.064837	0.073174	0.073170
-0.007573	0.010135	0.010123
0.000905	0.000560	0.000546
-0.001787	0.003286	0.003282
-0.000892	-0.001911	-0.001930
-0.001027	-0.001101	-0.001111
0.002505	-0.000685	-0.000707
0.000330	-0.001901	-0.001905
-0.001210	0.001106	0.001101
-0.005858	0.005873	0.005869
-0.002332	0.001368	0.001327
0.008697	-0.010350	-0.010353
0.002698	0.003911	0.003907
0.008465	-0.004290	-0.004299
-0.000772	-0.000339	-0.000349
-0.000624	-0.001601	-0.001606
0.000670	-0.005335	-0.005340
0.000290	0.000274	0.000251
-0.001467	-0.112326	-0.112343
0.000729	0.000301	0.000287
0.000383	0.000748	0.000743
0.002767	-0.000943	-0.000947
0.000518	-0.000146	-0.000178
-0.002843	-0.001444	-0.001462
0.006398	-0.005300	-0.005306
0.003640	0.001934	0.001930
0.000575	0.000690	0.000668
0.000064	0.000273	0.000266
0.001297	0.000203	0.000187
0.019624	-0.008470	-0.008474
0.001168	0.000190	0.000186
-0.000538	0.001544	0.001540
-0.000716	-0.001093	-0.001146
-0.002747	0.000383	0.000379
-0.001227	0.002289	0.002236
0.006838	-0.000230	-0.000233
-0.000425	-0.001634	-0.001644
-0.002462	0.002246	0.002185
-0.066039	-0.072066	-0.072071
-0.000152	-0.000661	-0.000665
-0.018643	0.026021	0.026017
-0.006749	-0.000568	-0.000574
-0.005942	0.001170	0.001163
-83.993769	84.004365	0.004424
-83.999291	83.994916	-0.005081
-84.001872	84.002267	0.002270
-84.001820	84.000201	0.000221
-84.005196	83.995020	-0.004975
-83.998488	84.000723	0.000729
-84.000349	83.999790	-0.000201
-84.001854	84.001529	0.001538
-83.999916	83.997995	-0.001961
-84.085189	84.119696	0.119697
-84.001595	84.000053	0.000057
-83.997505	83.999297	-0.000700
-84.016358	84.017645	0.017698
-84.000575	84.000410	0.000413
-83.995760	84.004479	0.004484
-84.003626	83.998819	-0.001149
-83.998121	83.999336	-0.000660
-83.999344	83.999193	-0.000795
-83.993550	84.001019	0.001023
-84.003618	83.995448	-0.004548
-84.003365	84.002889	0.002893
-84.001449	83.998098	-0.001870
-84.007724	83.990680	-0.009318
-84.000673	83.998810	-0.001182
-83.999911	83.999738	-0.000241
-84.005056	83.997823	-0.002169
-83.999842	83.999950	-0.000037
-84.002687	84.002388	0.002405
-84.001217	83.998717	-0.001279
-83.997673	84.001864	0.001869
-84.002244	84.000602	0.000610
-83.999730	83.999069	-0.000925
-84.007924	83.995108	-0.004876
-83.997778	84.002302	0.002325
-84.001514	83.997854	-0.002134
-84.002371	84.000596	0.000600
-84.000738	83.999282	-0.000695
-84.000707	83.998963	-0.001011
-83.996374	83.998775	-0.001222
-84.003599	83.999973	-0.000022
-83.997413	83.998535	-0.001460
-83.991324	83.991364	-0.008631
-83.816865	84.002163	0.002186
-83.999851	84.002207	0.002256
-84.006149	84.000514	0.000536
-84.003676	84.000903	0.000906
-84.001268	83.998561	-0.001398
-84.001116	83.999611	-0.000384
-84.003144	84.001769	0.001773
-83.993309	83.999998	-0.000000
-84.002037	83.998205	-0.001792
-83.999202	84.000603	0.000607
-84.000391	83.998616	-0.001361
-84.000503	83.995318	-0.004677
-83.998589	83.998880	-0.001106
-83.994712	83.987266	-0.012676
-83.999814	83.999361	-0.000632
-83.997943	84.003410	0.003415
-83.998543	84.000235	0.000262
-84.002205	84.000382	0.000385
-84.002843	84.000451	0.000454
-84.014075	84.004659	0.004661
-84.000736	84.000096	0.000101
-83.997100	84.003821	0.003883
-83.998776	83.997306	-0.002678
-84.017461	84.009730	0.009733
-83.996606	84.002089	0.002097
-83.999019	83.998333	-0.001663
-84.000508	83.999983	0.000003
-83.999107	83.998792	-0.001189
-83.990178	84.015983	0.015987
-84.007230	83.998863	-0.001136
-84.000806	84.000995	0.001024
-84.001777	84.001238	0.001245
-84.002439	84.000241	0.000245
-83.997724	83.998930	-0.001066
-84.003965	83.999372	-0.000595
-83.996211	83.999351	-0.000645
-83.999284	83.999018	-0.000977
-83.998887	83.999824	-0.000168
-83.998098	84.001941	0.001947
-84.000321	84.001377	0.001383
-83.997681	83.998883	-0.001100
-83.998958	83.998818	-0.001179
-83.999766	84.000381	0.000402
-84.003040	84.001557	0.001575
-83.999932	83.999924	-0.000070
-84.002338	84.001582	0.001585
-84.010237	84.024041	0.024065
-84.005157	84.006208	0.006207
-83.999387	83.999932	-0.000063
-83.998760	83.996764	-0.003230
-83.998562	84.001171	0.001175
-84.001816	84.000308	0.000359
-83.997022	83.999147	-0.000851
-83.998858	83.998542	-0.001423
-84.006587	84.001282	0.001316
-83.997684	84.001806	0.001848
-84.003557	83.996050	-0.003947
-84.002362	84.001476	0.001479
-84.000190	83.999798	-0.000197
-83.995822	84.002053	0.002056
-84.001984	83.999522	-0.000455
-84.001031	83.998933	-0.001049
-84.003240	83.999233	-0.000764
-83.999642	84.000373	0.000381
-84.007121	84.005769	0.005772
-84.000294	83.999494	-0.000497
-84.001379	83.999458	-0.000539
-84.000762	83.997736	-0.002260
-84.003637	84.005334	0.005332
-83.998470	84.000476	0.000480
-84.000248	84.000366	0.000371
-84.001973	83.999899	-0.000097
-84.000852	83.999978	-0.000019
-83.998104	84.000540	0.000554
-84.000337	83.998124	-0.001861
-83.999068	83.998136	-0.001860
-84.003119	84.001448	0.001451
-84.000242	84.000920	0.000923
-83.998525	83.999798	-0.000198
-84.009087	83.999163	-0.000835
-83.925974	83.880122	-0.120232
-84.008431	84.003112	0.003113
-84.002905	84.000773	0.000776
-83.999736	83.999820	-0.000172
-83.999780	84.000578	0.000586
-83.997391	84.000138	0.000144
-84.000487	83.997570	-0.002427
-83.999558	84.000036	0.000040
-84.002244	84.001344	0.001362
-84.018819	84.004528	0.004527
-84.001066	83.999416	-0.000568
-83.998494	84.002628	0.002632
-83.994084	84.002093	0.002098
-83.998685	83.995918	-0.004061
-83.992450	83.993325	-0.006684
-84.000171	84.000637	0.000648
-83.997134	84.002118	0.002122
-83.979386	83.978705	-0.021299
-84.311270	83.701910	-0.298096
-84.183420	84.160960	0.160970
-84.001221	84.000141	0.000151
-84.004152	83.999236	-0.000714
-83.996423	84.008302	0.008302
-83.999912	83.999804	-0.000185
-83.999221	83.999556	-0.000439
-84.006902	84.005202	0.005239
-84.000083	83.999267	-0.000723
-84.010304	84.000332	0.000333
-83.671505	84.292045	0.290460
-84.010430	83.997555	-0.002446
-84.002723	83.995665	-0.004297
-84.001635	83.998901	-0.001096
-83.997352	83.996622	-0.003370
-84.000871	83.998539	-0.001452
-84.001836	84.000072	0.000076
-84.000216	84.000661	0.000664
-83.999568	84.001424	0.001431
-84.177282	84.006666	0.006355
-83.998380	83.998968	-0.001026
-83.999566	83.999703	-0.000292
-83.999783	84.001152	0.001162
-83.999793	84.000557	0.000563
-84.000647	84.001117	0.001121
-83.994417	84.001947	0.001982
-83.999279	83.998198	-0.001799
-84.005999	84.000603	0.000617
-84.002290	83.996740	-0.003202
-83.998646	83.999803	-0.000194
-83.996522	84.002196	0.002203
-83.998884	83.989761	-0.010187
-83.996939	84.000212	0.000218
-83.997085	84.000811	0.000869
-84.001999	83.998720	-0.001277
-83.999527	83.998869	-0.001124
-83.812648	83.842460	-0.158211
-83.995707	84.007655	0.007666
-83.999145	83.997052	-0.002946
-84.003479	84.000496	0.000498
-83.999365	83.999899	-0.000092
-84.003429	84.002546	0.002547
-83.988338	83.997755	-0.002212
-84.000526	83.999448	-0.000544
-83.986005	83.984237	-0.015777
-83.979331	84.009282	0.009270
-84.000869	84.001843	0.001854
-83.999257	84.000265	0.000269
-84.000664	84.001363	0.001367
-83.998322	84.000302	0.000308
-84.003423	83.997612	-0.002369
-83.999927	83.998796	-0.001193
-84.001729	84.002404	0.002406
-84.003670	84.003124	0.003169
-83.999277	83.999484	-0.000469
-84.001976	84.001999	0.002000
-84.001132	84.000013	0.000026
-83.998002	83.999136	-0.000834
-84.000058	83.999906	-0.000088
-84.001067	83.992665	-0.007337
-84.009914	83.983963	-0.016051
-83.999688	84.000468	0.000477
-83.987941	84.000615	0.000677
-84.000052	84.000398	0.000403
