-303605.403444	-535126.303335	-535128.135073
-123179.991065	553994.134215	553990.118289
117707.389559	56924.068970	56915.146273
111208.384895	-462618.471380	-462622.599871
177891.885079	-532651.003942	-532655.043650
-202963.565418	287248.122543	287244.089637
431508.075278	-370544.102516	-370554.240502
542224.740781	166697.007947	166663.547820
749310.298120	371561.008940	371404.624352
-133514.203110	594718.902187	594715.157502
123598.764443	-570439.086334	-570442.488957
275407.190278	-17716.129594	-17729.378174
135054.024678	304167.538790	304158.071536
239465.764755	-35284.081602	-35295.764547
605542.119468	-126766.505025	-126798.823843
-534649.600255	-246174.325222	-246176.045334
-481920.764052	322429.128248	322426.894225
313915.111583	130103.729054	130087.300731
103051.937936	-544130.897425	-544134.362654
229379.313965	183388.739480	183375.913099
520580.645449	313993.144962	313964.562091
-257557.730814	553946.410013	553943.376700
733471.950454	36878.606314	36772.486387
-98685.424027	582261.761803	582257.665447
-244410.361330	-258857.059499	-258859.900979
-139615.034954	-329313.237971	-329316.424503
296881.768078	-336426.738457	-336434.729394
513630.809596	7224.751973	7196.406587
-122032.462635	-140549.265089	-140553.401365
-501027.064160	129920.981082	129918.797504
-130408.028032	434540.127234	434535.712964
-347300.619860	485316.458071	485313.772622
171833.215761	135909.959618	135899.192435
-248053.435505	532259.109108	532255.955046
-199098.201873	76802.830502	76798.793601
-113605.031946	360168.743665	360163.919949
31493.994812	515433.995453	515428.041492
-60649.855982	376235.150222	376229.720791
-289603.363154	-458299.566018	-458301.635315
-462838.436894	-108120.006095	-108122.150637
-145745.035247	450207.754101	450203.545076
31157.708756	443491.251100	443484.805273
-175150.918034	190509.041761	190504.683088
-171936.570543	-9952.480872	-9956.595823
-14527.749119	-472943.363529	-472946.584845
70334.250837	614461.569310	614455.883598
-267425.466221	-357729.299492	-357731.732149
501830.941633	35686.992654	35658.699465
568599.938389	-27510.255303	-27543.443614
26771.925821	-528535.140788	-528538.276621
407042.041641	124004.670160	123982.800710
-160349.996811	595450.485766	595446.944775
403220.038889	-462566.973377	-462574.344921
-11454.513139	204128.656771	204122.111141
-24227.748027	-208793.321648	-208798.071859
352836.269628	-307008.640162	-307053.298054
265749.222470	-137315.411998	-137326.369099
172676.012533	537959.489368	537951.368401
581368.240948	30986.548013	30950.257063
-456152.767370	415398.384768	415395.901039
-377849.927768	2917.768129	2915.092967
98776.625356	-591778.974091	-591782.104439
262810.377241	-557204.059896	-557208.498347
-422687.737857	-125992.903673	-125995.185945
28726.078739	35501.097711	35494.180234
-335031.038335	213432.301858	213429.249324
476953.372024	350038.700487	350014.822835
-472723.163104	-379970.417844	-379972.107029
399695.922608	-257365.210254	-257377.772897
270376.642376	-61750.668367	-61763.063196
601981.012559	27211.269421	27172.662960
-33180.523457	-571641.505634	-571644.138861
-286376.849303	-490743.230084	-490745.224212
-488271.074897	-370873.878361	-370875.540902
51153.720496	-230405.978959	-230411.451112
-405695.810743	409561.391400	409558.888555
513397.497638	-92787.338417	-92812.584255
437491.850748	242765.280632	242741.586832
381755.131951	-230344.318861	-230357.016934
-352074.557490	-459461.639592	-459463.510574
414559.356446	383773.666283	383754.469002
167940.923816	93917.700718	94108.071504
-12387.475635	-597215.591855	-597218.193599
8266.184583	107609.284929	107602.496319
-476361.376223	-79746.555862	-79748.682787
43163.744928	-616492.400741	-616495.135989
-440734.555655	26711.911005	26709.522551
446107.533821	326290.925868	326268.317832
466519.185222	315005.807726	314981.529324
-127910.820841	551135.937086	551131.959152
-581896.018782	-85087.728873	-85089.488910
-12208.735890	-608116.199295	-608118.749217
-240913.408473	-480941.335949	-480943.508096
530113.643447	-159258.988421	-159282.419910
476697.797440	-373569.528882	-373580.764255
77482.787594	-166572.664223	-166579.048402
617630.650762	-17122.200056	-17161.642916
22315.437380	417394.215300	417387.753841
-599000.161251	2701.686281	2699.913166
-499393.344865	-113717.295722	-113719.296588
-609165.687519	21856.082724	21854.330510
-474813.814846	20558.207952	20555.975178
-444402.194223	-3725.186200	-3727.527040
-598536.737825	-154407.619373	-154409.267139
267742.366510	-477197.033383	-477202.437490
-248785.616285	-11073.562331	-11071.395571
132888.861932	-442104.061060	-442108.543121
-297371.985501	241602.295996	241598.995770
78721.133305	513622.166309	513615.480582
-76329.349752	-90879.520691	-90884.336647
-543052.683979	-27491.560606	-27493.494857
186430.123208	520445.523441	520436.891612
-526170.502551	405165.268035	405158.745501
-155661.694459	95349.329304	95344.801815
558847.892170	265419.769137	265386.320984
19584.499605	977.823771	971.228605
-317201.764009	-482096.643493	-482098.564851
476570.386806	-81106.690566	-81129.499487
-457491.729957	-138606.122696	-138608.245920
-526641.151050	-214192.591850	-214194.377654
-108683.851447	-512601.961034	-512604.531533
305749.497208	-533672.137957	-533677.208066
-334951.882415	516328.874966	516326.189131
-493771.252936	-262299.954157	-262301.771258
-279364.666520	312692.381433	312689.004603
-188958.028884	-567640.614046	-567642.694821
83576.698447	-494467.258235	-494470.947885
155155.025485	-575665.884458	-575669.432260
487959.650868	320437.630537	320412.022159
4321.522187	469446.032725	469440.156367
68639.760198	-15032.640802	-15040.045309
76450.802988	498470.187097	498463.407218
568409.385857	-243452.438165	-243473.822015
-589535.934808	27633.818945	27632.000512
-278715.309557	377808.692195	377805.399024
-71911.125740	-591963.149198	-591965.542426
388496.802190	-51077.405509	-51095.405856
-121916.585681	591513.907319	591510.048665
393701.499107	-263035.683900	-263047.817645
497700.619370	-325331.914353	-325345.590153
510475.312008	-191252.453504	-191272.883290
484711.222628	33511.587951	33484.906427
-444762.032663	203876.788963	203874.345668
-59421.070880	-615318.951002	-615321.295442
-283021.184530	-288837.455162	-288840.014192
-351119.085163	-491858.971354	-491860.772278
-412075.159010	-33397.918832	-33400.377670
-376689.950598	-441858.492026	-441860.329780
356869.822583	184047.332683	184028.503850
-163507.304306	-529444.848063	-529447.140439
-19540.934372	4404.306504	4398.325512
359457.201352	446347.749918	446332.691490
-240113.004192	454536.664076	454537.439077
613854.357547	2254.046881	2214.465317
-305800.902565	30588.445384	30585.308169
540969.878828	-50687.455113	-50716.905742
-111764.665594	184785.928764	184780.853093
500338.135781	6829.609154	6831.511672
218733.812814	259645.641106	259633.378877
593269.875875	172558.802322	172519.591276
3060.041997	-175442.923076	-175448.202589
706020.180595	1017508.081130	1017320.229177
273828.219769	-485675.587359	-485680.945103
207600.676936	-164043.301232	-164052.245061
-258122.487176	-507984.477921	-507986.514805
436717.515549	425262.557202	425243.520915
281208.607850	549364.552250	549354.077312
402643.593124	264404.745604	264383.732104
-379385.504565	45008.951706	45006.239648
-227437.576700	-288626.444318	-288629.282359
-331851.461667	506632.994204	506630.269537
569526.258554	240861.582536	240826.271840
-609856.824943	34850.357437	34848.600293
-411691.743770	385237.061947	385234.560355
38692.349274	-222967.631940	-222973.003607
181465.848198	426325.326380	426315.641678
-15196.866814	606688.414345	606683.658259
-310401.031705	46217.280256	46214.153752
374712.843952	-165668.667405	-165682.935110
372976.720420	-7828365.356879	-7824973.042963
248671.365141	-271066.801698	-271074.982073
-263369.562693	285899.353045	285895.828858
-346920.741225	247484.055303	247481.087359
481904.908500	184432.249405	184404.552833
415401.675186	-444396.267435	-444404.226718
-78514.246930	-578906.501838	-578908.923809
-522419.121733	-138991.869322	-138993.761576
356041.685221	-88984.962252	-89000.383793
-29508.497931	-347849.829265	-347853.674165
261825.650916	131237.014037	131223.006602
-355369.827898	490667.917121	490665.289223
-428115.179781	300703.664964	300701.172309
-409686.721665	-178984.641110	-178986.889975
584466.670597	99381.576401	99343.729807
-352318.035183	403429.211651	403426.420667
594000.218594	-152973.124784	-153002.511907
-553992.946853	-230710.038114	-230711.723561
143664.531967	332671.572042	332662.043944
608431.395835	-56377.374565	-56414.009357
-229099.195925	11571.211141	11577.491663
-455016.169109	137914.222629	137911.835474
-442247.947274	-6423.873225	-6426.225352
-179559.015121	288950.840881	288946.583312
50288.969167	423072.963349	423066.060105
233855.009367	909345.732902	102968.634782
1416967.698616	610240.407714	-196166.193439
1352721.507149	656001.767626	-150404.655329
420335.215773	1175172.792491	368773.613150
1091091.647438	642304.871717	-164100.020720
854205.275895	1360034.912755	553629.150192
708641.273292	1321576.338945	515171.567266
634377.798226	1352268.310846	545863.782821
266307.070244	1023228.206130	216841.565461
1321005.401650	1121331.131431	215280.627267
1294442.263818	557209.913562	-249196.179605
1353954.822375	1091372.928039	284961.343020
251094.489426	660993.902496	-145408.715070
1223225.969625	1211501.847159	405095.057533
962256.379129	199321.426993	-607083.130775
380683.259862	920385.815992	113996.484130
1171352.483295	464651.421876	-341754.030672
531923.103162	1331484.053960	525080.528406
1228727.458244	887063.409571	80656.429542
1229401.490636	385479.908392	-420925.940359
1177731.232346	291912.276463	-514493.436848
351233.589318	594900.263814	-211481.768137
1221485.690254	364510.364323	-441895.526878
806528.649885	1164778.999170	358374.628564
457265.916979	1086065.739023	279667.935597
843795.353790	1045397.241884	238993.322468
632725.288884	1079129.616464	272728.141349
585830.203328	840132.726977	33735.917944
1043487.101549	1376358.899304	569952.400588
1161765.776285	695003.517857	-111401.973072
683079.919258	239594.933026	-566806.059509
1024170.377695	721288.890395	-85115.531011
489853.666458	378845.550852	-427552.381265
368957.535560	1177145.936562	370747.908603
672284.075634	1008338.075525	201936.822027
1360138.567412	469176.383583	-337229.986073
466091.663342	949916.075795	143521.609928
429355.462077	622157.748123	-184229.689276
1173445.451037	314429.907735	-491975.790479
965861.644926	253230.660474	-553173.719397
837731.871322	1408727.344918	602321.424840
960031.406283	1411157.173718	604750.820177
453630.612542	742314.648318	-373178.881448
288920.002469	768894.298482	-37485.644993
421746.417245	474713.992269	-331684.782039
1375617.342653	997459.544832	191034.212918
316881.127326	870333.032156	63949.851422
1193855.628591	586442.511795	-219963.063412
1333211.782691	787685.110379	-18721.718775
1350894.046966	998481.756766	192064.288952
1369164.403573	1131604.372588	325196.161502
1138030.458770	425580.376088	-380824.909418
448951.607751	557503.265707	-248887.111144
899032.540679	1420769.449891	614363.250175
590816.604624	1099800.787883	293399.720273
238096.369890	684025.573185	-122561.456953
900786.176881	517359.765393	-289043.091181
1098336.522621	282105.542156	-524299.736225
333708.182002	1139222.002144	332826.295558
1378917.204685	525199.286360	-281207.152930
1306295.773510	419553.817431	-386852.364234
1215745.812797	342711.068463	-463694.841525
1072057.652184	565134.416260	-241270.279766
240145.049409	801745.653604	-4630.203025
570373.865172	858080.558278	51683.961763
1295625.437570	1223592.735271	417185.685276
650751.989785	230511.631381	-575888.939447
1236917.490108	752176.360437	-54229.763551
476708.106990	525873.274136	-280519.529320
412446.628996	1236025.715100	429625.244855
1267183.356699	1067854.783125	261446.118344
1249831.746223	890063.913237	83656.456381
364069.860697	522159.677213	-284228.852025
927315.766420	460782.201805	-345621.107882
1070291.888730	1352441.502451	546034.965920
1329984.426051	893139.340270	86730.651812
373649.479169	843307.378644	36920.816707
1090086.461854	321678.031564	-484727.111623
1060199.074651	1120039.048586	313633.147208
839265.882102	520929.697408	-285472.229078
869372.178326	203768.079834	-602635.623325
962357.423119	426943.249475	-379460.545763
542031.360620	557027.178300	-249366.854856
1225596.798184	1106492.679806	300085.534229
511197.483955	830521.660695	24127.862997
512398.722055	509711.914931	-296682.168279
970192.641362	521732.131518	-284671.593043
1205942.186435	452669.075719	-353736.624424
371346.546633	459684.952813	-346739.771676
1423699.866534	597217.154175	-209189.644466
1180440.257421	1032697.658580	226290.854295
922956.286636	267196.697755	-539207.244365
889918.650812	1401040.649972	594634.494453
276000.836450	824227.892293	17849.258794
1305816.954454	801088.121141	-5318.725744
344513.312701	918793.865949	112406.866703
323271.975697	568956.060608	-237424.273582
320219.221884	812017.753229	5635.738559
1458912.496332	809805.501401	3398.195573
1402505.350419	966293.591003	159874.006713
1055710.744916	1293356.505525	486950.184388
1411996.715734	898122.329533	91713.067823
405467.051188	516370.767295	-290021.493262
526160.394564	615088.006713	-191304.768165
1230803.080631	478024.043648	-328381.772544
789573.176606	319609.188551	-486792.833492
1397870.275264	1080160.838386	273747.405554
775220.220890	581396.191473	-225004.455916
1343795.103029	681545.361523	-124861.102454
1228031.577320	1271684.254233	465277.418948
970677.396061	1402910.722900	596504.035557
1171198.232673	867009.605439	60603.398939
1085711.017783	1085544.279730	279138.275955
1211319.947952	528410.058019	-277995.620964
1262083.160562	725773.371559	-80632.821750
619104.186358	975888.153570	169488.416044
445960.900733	1266126.813310	459725.206364
1179537.860727	953560.335684	147153.644094
1444011.561371	707048.559945	-99358.267767
1119556.587362	309920.139156	-496485.281217
1052337.045953	355520.600702	-450884.192373
994555.161510	1402380.057109	595973.479520
1291490.278775	1047229.319324	-139887.182996
1201071.148471	304739.067044	-501666.870706
1360987.865107	885504.651891	79095.858799
869982.533376	725716.014568	-80686.550114
787079.211469	407749.174300	-398652.275572
1011251.534177	632658.270906	-173745.892432
1178257.439528	713921.895816	-92483.801414
1157191.032854	533888.582502	-272516.770438
475494.509952	447688.916990	-358706.735265
1235799.425555	340412.787065	-465993.374205
492092.403312	1208700.916370	402299.672136
924286.635122	246176.838198	-560227.274442
1057039.593439	623357.628812	-183046.994060
372374.514618	1196481.097233	390082.337264
1212784.886849	353994.698576	-452411.756650
652580.652828	411677.311274	-394721.425764
927653.814342	204530.279834	-601874.022241
368990.141156	463590.842218	-342827.330290
16691.603148	782380.188475	-198874.898304
289788.281496	492923.038447	-434378.198233
735229.742580	1066554.108387	260151.265765
264093.337719	900761.819123	94382.015851
1164482.477205	279720.430329	-526685.415107
695134.695629	569447.573641	-236951.214471
1068885.038435	1200732.715385	394326.576464
336351.054266	799794.108259	-6589.010371
661177.643474	1202165.050621	395761.717339
981248.077511	203594.080042	-602810.806306
147596.905682	882220.839785	-74321.944941
1430366.577653	903859.589141	97450.103681
324264.168325	829189.567455	22806.772092
1340621.315566	1166110.384069	359702.939747
617993.956500	1369305.285943	562900.660460
820972.663163	851135.311663	44732.937416
1308105.200632	711978.375727	-94428.008906
1417210.935014	738489.011691	-67917.847768
762257.357523	194068.209901	-612334.329425
244585.812969	535670.631683	-375873.755820
989046.990521	668377.914125	-138026.069217
1055140.560271	828651.631885	22246.622419
809456.508579	821887.154893	15485.117559
1033930.600088	536866.323453	-269538.056912
915911.063723	1362455.878696	556049.827716
304786.624249	522725.864246	-283656.273953
1189848.536017	1232213.300902	425806.598979
569110.240378	552505.880021	-253889.231230
246159.488841	831402.235390	25026.209543
1145624.691386	1214287.192935	407880.681117
822800.147834	1035091.028601	228687.314213
236276.712540	921398.139800	115019.842533
895261.045715	471068.951500	-335333.964896
238847.404637	877330.085571	70953.784039
1342089.121924	823783.113446	17375.847082
731060.547365	1411333.653007	604928.168197
315737.699099	562484.463432	-981770.947815
479791.056484	369009.804165	-437389.602331
1394674.656799	1029628.909382	223130.238194
1448813.301357	759586.263796	-46820.767838
661658.393975	282989.317233	-523410.909335
1079534.252552	628386.564984	-178018.464292
305498.909370	572742.281867	-233636.251655
784129.130708	1120034.465379	313630.609611
1289504.443198	1228822.822802	422414.881086
1204616.880180	339263.357762	-467143.236109
662340.591711	985861.269388	179460.422566
1187021.201727	924672.664201	118265.954729
1231524.776707	692587.103507	-113818.845316
849694.671051	257928.156140	-548475.047360
391839.577012	472991.025546	-333414.529975
693219.617330	1088182.893509	281780.371413
1297719.388241	1200085.025067	393677.870419
275475.709522	644015.267924	-162363.498978
256084.318602	989222.650686	182838.839314
1454208.978337	791383.127290	-15024.149265
667036.549899	845184.832330	38785.574816
337955.975749	534701.464221	-271682.904299
975235.192900	1050203.137636	243798.030784
1391390.002667	1091980.843948	285569.367278
1270947.125249	1073987.867593	267578.234741
744169.579440	502762.750494	-303637.420385
226713.983611	827082.435868	20708.292585
1050361.606630	459511.065171	-346893.523061
