0.021435	0.032830	0.032203
-0.384481	-0.213743	-0.215456
-0.001369	-0.000100	-0.003400
0.009816	0.005823	0.004478
-0.016524	0.001223	-0.000059
0.054234	0.004496	0.002841
0.006281	0.008444	0.005444
0.000878	0.005939	-0.003648
45.921157	10.741894	10.709233
0.172039	-0.087426	-0.089030
0.002884	0.009222	0.008135
-0.008844	-0.012562	-0.017068
0.008954	0.013859	0.010138
0.032748	0.001645	-0.002382
-0.025310	-0.000695	-0.009221
0.004043	0.038933	0.038303
0.030846	-0.002181	-0.003090
-0.005716	0.006389	0.000745
0.008073	-0.006975	-0.008091
0.009279	-0.005767	-0.010449
-0.152819	0.018948	0.010202
0.021341	-0.038264	-0.039551
35.357035	3.524379	3.493724
-0.085585	-0.000868	-0.002620
0.004622	-0.014955	-0.015978
0.000649	0.004739	0.003623
0.010600	0.006543	0.004028
-0.006087	0.084099	0.076776
0.009355	0.005983	0.004466
0.033186	-0.003446	-0.004307
-0.021131	0.025210	0.023352
-0.148460	0.137412	0.136287
0.013396	0.000528	-0.003453
-0.005143	0.013517	0.012181
0.012644	0.001781	0.000203
0.010580	0.003587	0.001582
0.025044	-0.019131	-0.021646
-0.005192	0.001117	-0.001140
-0.007686	-0.029406	-0.030123
-0.012061	-0.005487	-0.006294
0.035693	-0.032834	-0.034610
0.002957	-0.023351	-0.026039
0.010571	0.000409	-0.001342
-0.005841	0.004063	0.002492
0.008066	-0.004403	-0.005477
-0.006890	-0.015155	-0.017576
0.006984	0.005559	0.004701
-0.089295	-0.032089	-0.040382
0.005321	0.011539	0.002430
0.007323	0.001094	0.000066
0.001320	0.005266	-0.001760
0.097679	-0.027895	-0.029410
0.008737	0.041702	0.039503
-0.000898	-0.001715	-0.004312
0.023588	0.010431	0.008746
0.031416	14.034723	14.025332
0.002991	0.005947	0.002310
0.013799	-0.039361	-0.042712
0.110273	-0.041759	-0.051648
0.078272	-0.086014	-0.087074
-0.017197	0.003630	0.002599
0.008353	0.034335	0.033331
-0.005707	0.021303	0.019928
-0.039433	0.005493	0.004638
-0.000092	-0.013328	-0.015931
0.013790	0.017631	0.016400
-0.007939	-0.047971	-0.055720
-0.052750	0.045437	0.044835
-0.181613	-0.140452	-0.144260
0.001402	0.016022	0.011839
0.100024	-0.053579	-0.063882
-0.006382	-0.021993	-0.022859
-0.001719	0.015747	0.015060
0.084094	-0.033986	-0.034580
-0.103077	0.071581	0.069680
0.060093	0.076699	0.075663
-0.011943	0.021941	0.014710
-0.006329	0.012293	0.004675
0.014078	-0.014007	-0.017912
0.021768	-0.002913	-0.003565
0.012091	-0.008634	-0.015281
-61.984463	-40.792963	-40.760091
-0.020500	-0.077573	-0.078423
0.004467	-0.003051	-0.005668
0.015039	-0.018521	-0.019326
-0.016585	0.028760	0.027877
-0.008259	-0.037920	-0.038845
0.089720	-0.026707	-0.034154
0.064480	0.042998	0.035177
0.400520	0.250393	0.248695
0.033758	0.002493	0.001828
-0.015768	0.126996	0.126164
-0.035159	-0.010969	-0.011715
-0.000637	0.007316	0.000731
-0.028233	0.015088	0.011837
-0.005763	-0.001610	-0.003853
-0.045934	0.050880	0.040546
0.046166	0.029942	0.027258
0.019124	0.054198	0.053518
0.045033	-0.000039	-0.000791
0.112812	0.060778	0.060104
0.064104	-0.018784	-0.019646
0.371100	-0.431072	-0.431973
0.033448	0.006831	0.006216
0.077844	-0.111993	-0.113678
-0.263237	0.118949	0.123453
-0.018520	-0.019137	-0.020594
-0.008394	0.002737	0.001397
-0.026534	-0.065114	-0.067918
0.003007	0.001555	-0.000225
0.019676	0.005361	0.004622
-0.030394	0.020105	0.016573
-40.407577	-5.273329	-5.275521
-0.006945	-0.006182	-0.007952
-0.012770	-0.012913	-0.022601
-0.005424	0.012122	0.009659
0.028143	0.004736	0.004071
0.028586	0.006104	-0.000633
0.011060	0.033245	0.032451
-0.006662	-0.016034	-0.016692
-0.000280	-0.003612	-0.004476
-0.023912	0.012808	0.011253
0.043106	-0.151625	-0.152754
-0.009752	0.020302	0.019640
0.018739	-0.017604	-0.018994
0.016451	0.021343	0.020643
0.006304	0.002374	0.001171
-0.053360	0.026007	0.024881
0.028989	-0.063184	-0.071304
0.023281	-0.013981	-0.016452
-0.012465	0.011803	0.009081
-0.009757	0.048514	0.045678
-0.012650	0.015496	0.009671
-0.114277	-0.024781	-0.025482
-0.000481	-0.003362	-0.004732
0.016807	0.061491	0.060701
0.003534	-0.000865	-0.006554
-0.167574	0.008132	0.006482
0.167074	0.179380	0.175683
-0.015150	0.005639	0.001727
0.003864	0.021363	0.015547
0.141512	0.004551	-0.003395
0.018756	-0.003770	-0.004749
0.023608	0.055614	0.054845
0.026071	0.007230	0.006312
0.059539	0.031161	0.030537
-0.012208	0.023913	0.022973
0.047146	-0.017978	-0.018622
0.003460	-0.000586	-0.006943
0.009124	0.004220	0.003446
0.036822	0.003629	0.001377
0.004340	-0.010150	-0.015709
50.824554	10.437061	10.436950
-0.031564	0.025122	0.014700
-0.019468	0.044533	0.043317
0.015238	0.020901	0.012628
-0.004297	0.000233	-0.001795
-35.393621	-5.646906	-5.645431
0.003085	-0.002059	-0.006654
-0.026182	0.000932	-0.009736
0.007153	-0.007697	-0.009578
227.796632	246.401487	246.358146
-0.087346	0.116851	0.115185
0.010122	0.008569	0.005549
-0.018950	0.035594	0.034896
-0.008564	-0.016571	-0.023183
-0.011839	-0.008886	-0.013068
0.029378	-0.007458	-0.014465
0.004563	-0.019057	-0.020112
-0.012429	0.012589	0.011576
-0.062316	0.069998	0.068853
-0.023708	0.019137	0.009115
0.095022	-0.112748	-0.113426
0.026662	0.037974	0.036942
0.094859	-0.046476	-0.048352
-0.007524	-0.001416	-0.005292
-0.005291	-0.016277	-0.018314
0.009010	-0.056627	-0.057844
0.003161	0.006515	0.002062
3.748421	-1373.658352	-1373.032368
0.007961	0.005766	0.003113
0.005270	0.008795	0.007351
0.030389	-0.009278	-0.010483
0.005511	0.002991	-0.005444
-0.029382	-0.015139	-0.017503
0.068731	-0.057113	-0.057915
0.038542	0.021080	0.020373
0.006566	0.011143	0.006204
0.000822	0.004173	0.002854
0.012687	0.007220	0.002267
0.230549	-0.102474	-0.103575
0.013151	0.002515	0.001500
-0.005943	0.016485	0.015652
-0.008922	-0.004898	-0.015221
-0.021854	0.004324	0.003165
-0.014577	0.029726	0.021896
0.072937	-0.002070	-0.002690
-0.003189	-0.015352	-0.019115
-0.028123	0.029605	0.019942
20.344866	22.928624	22.924869
-0.000834	-0.006253	-0.007197
-0.339973	0.455995	0.455091
-0.071230	-0.005089	-0.006836
-0.061851	0.013683	0.010825
-83.931619	84.043967	0.052140
-83.992229	83.943849	-0.055460
-84.020578	84.023519	0.024269
-84.018603	83.999816	0.002602
-84.056917	83.945627	-0.052999
-83.983862	84.006777	0.007652
-84.003463	83.996637	-0.002181
-84.019499	84.015270	0.016508
-83.997601	83.974450	-0.019605
-101.935328	102.376556	1.437271
-84.017700	83.999968	0.000879
-83.974758	83.992861	-0.009265
-84.025767	84.042660	0.047782
-84.006313	84.003695	0.004225
-83.953964	84.047246	0.048884
-84.038309	83.983331	-0.011010
-83.980961	83.992260	-0.006541
-83.992490	83.990102	-0.008378
-83.930588	84.010419	0.010865
-84.039217	83.951311	-0.047643
-84.037146	84.029683	0.030801
-84.014946	83.974355	-0.017879
-84.083395	83.897007	-0.101950
-84.007235	83.986071	-0.012565
-83.998660	83.994502	-0.002232
-84.054563	83.975178	-0.023260
-83.998439	83.997435	-0.000277
-84.029453	84.022573	0.026510
-84.012831	83.985690	-0.013670
-83.976016	84.019076	0.020186
-84.025243	84.004980	0.008094
-83.998087	83.988994	-0.009480
-84.079796	83.944581	-0.050923
-83.975363	84.022269	0.025330
-84.016474	83.975031	-0.022547
-84.025867	84.005833	0.006644
-84.007906	83.989008	-0.006628
-84.007812	83.984812	-0.008626
-83.962278	83.985995	-0.012873
-84.039487	83.998987	0.000695
-83.972391	83.983654	-0.015530
-83.902613	83.904542	-0.094776
-68.192087	138.101219	0.541329
-83.998430	84.019147	0.026943
-84.065464	84.006408	0.010208
-84.051105	84.009361	0.005172
-84.012933	83.979858	-0.013050
-84.012718	83.995141	-0.003742
-84.034141	84.018338	0.018867
-83.933327	84.000996	-0.001629
-84.022363	83.980753	-0.019430
-83.992570	84.005687	0.006968
-84.005301	83.982079	-0.012141
-84.005381	83.949384	-0.049886
-83.985000	83.986022	-0.011595
-83.983016	83.956435	-0.065374
-83.999352	83.991931	-0.005829
-83.979212	84.035624	0.036936
-83.983428	83.999585	0.003256
-84.024081	84.003544	0.004319
-84.030923	84.004275	0.005174
-84.164991	84.046758	0.047797
-84.008860	84.000069	0.001552
-83.968479	84.035335	0.043483
-83.987528	83.968243	-0.027785
-84.213514	84.127569	0.128004
-83.965205	84.020730	0.024016
-83.990317	83.981639	-0.017536
-84.006677	83.997367	0.002615
-83.989681	83.985214	-0.012400
-83.876969	84.200293	0.199599
-84.078916	83.987204	-0.012502
-84.009977	84.007601	0.013562
-84.020245	84.012034	0.014125
-84.025881	84.001881	0.002513
-83.976485	83.988230	-0.011891
-84.042065	83.988903	-0.004633
-83.960773	83.992408	-0.006226
-83.992682	83.988679	-0.010464
-83.989599	83.996645	-0.000758
-83.981110	84.019796	0.021804
-84.004653	84.013576	0.015485
-83.976392	83.985373	-0.009631
-83.989141	83.986862	-0.012874
-83.998150	84.000604	0.005378
-84.033503	84.014331	0.019359
-84.000509	83.998071	-0.000033
-84.025774	84.016182	0.017287
-84.167229	84.374075	0.372112
-84.056206	84.067058	0.067707
-83.993867	83.998664	-0.000857
-83.988004	83.964628	-0.033475
-83.984510	84.011863	0.012616
-84.018877	83.997917	0.005872
-83.968922	83.990354	-0.009127
-83.987316	83.980121	-0.013702
-84.073051	84.008802	0.016862
-83.974788	84.014346	0.021776
-84.038378	83.957249	-0.042378
-84.028779	84.012458	0.009881
-84.002100	83.997100	-0.002195
-83.954410	84.021768	0.021530
-84.022318	83.992803	-0.002005
-84.012140	83.985445	-0.009275
-84.035263	83.991224	-0.007727
-83.997550	84.002738	0.005417
-84.079927	84.065590	0.063440
-84.004534	83.992811	-0.004177
-84.015282	83.993622	-0.005648
-84.008253	83.975418	-0.024053
-84.042888	84.058665	0.059275
-83.984410	84.004282	0.005035
-84.002939	84.002999	0.003819
-84.021823	83.998255	-0.000653
-84.009782	83.999122	-0.000063
-83.980279	84.003307	0.006211
-84.002817	83.978350	-0.019581
-83.990642	83.979530	-0.019908
-84.033651	84.014861	0.015439
-84.003714	84.009164	0.010425
-83.985500	83.997128	-0.001362
-84.097200	83.990857	-0.008516
-106.955692	89.771241	-59.002164
-84.090761	84.032418	0.033465
-84.031829	84.007774	0.007637
-83.998310	83.996480	-0.001301
-83.999041	84.004709	0.007567
-83.973445	84.000352	0.002021
-84.006107	83.973319	-0.025652
-83.996277	83.999612	0.000840
-84.022997	84.013835	0.018616
-84.203489	84.048544	0.049512
-84.010754	83.991876	-0.005902
-83.985216	84.027341	0.029184
-83.937450	84.021512	0.023009
-83.985136	83.954036	-0.043106
-83.921879	83.924159	-0.074910
-84.002875	84.004961	0.008816
-83.970753	84.021793	0.023554
-83.723395	83.683273	-0.317920
-113.069360	98.570454	-7.956942
-102.657154	102.541234	0.981182
-84.013196	83.999765	0.001657
-84.043097	83.986849	-0.005468
-83.962267	84.088308	0.089411
-84.000551	83.995793	-0.000559
-83.991934	83.994463	-0.004765
-84.073656	84.051222	0.058481
-84.000737	83.990680	-0.007663
-84.112667	84.002491	0.004029
-96.201046	111.429738	8.093135
-84.113446	83.972601	-0.027671
-84.028609	83.948563	-0.044187
-84.017736	83.987888	-0.011888
-83.971299	83.962853	-0.035941
-84.010085	83.982713	-0.015088
-84.020181	84.000176	0.000923
-84.002907	84.006512	0.007068
-83.996756	84.014115	0.016614
-104.414563	102.289480	0.073895
-83.983892	83.987859	-0.010417
-83.996146	83.995794	-0.002958
-83.998617	84.010402	0.012740
-83.998930	84.004911	0.006538
-84.006782	84.011024	0.011811
-83.941734	84.016187	0.023293
-83.992529	83.980229	-0.019198
-84.065503	84.003872	0.008612
-84.025157	83.959342	-0.032336
-83.985824	83.997177	-0.002183
-83.962906	84.022025	0.023669
-83.986627	83.882568	-0.109514
-83.968797	84.000958	0.003210
-83.967459	84.003022	0.011372
-84.021881	83.985907	-0.013736
-83.994713	83.987103	-0.011953
-98.888935	112.646737	-78.574251
-83.940151	84.082271	0.086532
-84.011176	83.989553	-0.032484
-84.037459	84.004721	0.005209
-83.994475	83.997327	0.000732
-84.037376	84.026286	0.027657
-83.872926	83.969356	-0.022189
-84.005743	83.992679	-0.005774
-83.823346	83.807363	-0.192402
-83.762266	84.107125	0.108027
-84.009558	84.017410	0.019981
-83.992699	84.002154	0.002715
-84.007825	84.013736	0.014667
-83.983519	84.002269	0.004482
-84.037930	83.977532	-0.020353
-83.999365	83.985445	-0.012580
-84.018921	84.024940	0.025334
-84.023717	84.016221	0.024838
-83.990755	83.989860	-0.003505
-84.021443	84.021105	0.021506
-84.012844	83.997667	0.000877
-83.979759	83.986588	-0.006473
-84.000984	83.997862	-0.000982
-84.011864	83.920616	-0.080889
-84.124013	83.799170	-0.201797
-83.998148	84.003194	0.006447
-83.868596	84.000973	0.009487
-84.001686	84.003339	0.004906
