0.021479	0.032899	0.032269
-0.386092	-0.214682	-0.216405
-0.001359	-0.000084	-0.003398
0.009834	0.005837	0.004487
-0.016560	0.001226	-0.000060
0.054353	0.004509	0.002845
0.006301	0.008466	0.005458
0.000870	0.005955	-0.003655
45.921136	10.741897	10.709211
0.172473	-0.087625	-0.089238
0.002889	0.009242	0.008151
-0.008868	-0.012581	-0.017104
0.008970	0.013893	0.010155
0.032811	0.001655	-0.002387
-0.025374	-0.000697	-0.009240
0.004050	0.039015	0.038382
0.030908	-0.002183	-0.003097
-0.005735	0.006406	0.000742
0.008087	-0.006988	-0.008109
0.009289	-0.005773	-0.010474
-0.152951	0.018960	0.010190
0.021389	-0.038342	-0.039636
35.356987	3.524389	3.493711
-0.085760	-0.000866	-0.002629
0.004632	-0.014984	-0.016012
0.000649	0.004751	0.003630
0.010614	0.006572	0.004048
-0.006313	0.084133	0.076789
0.009376	0.005998	0.004475
0.033256	-0.003451	-0.004316
-0.021179	0.025269	0.023400
-0.148861	0.137777	0.136646
0.013414	0.000526	-0.003472
-0.005149	0.013546	0.012201
0.012668	0.001784	0.000198
0.010603	0.003600	0.001584
0.025096	-0.019165	-0.021694
-0.005203	0.001125	-0.001145
-0.007703	-0.029466	-0.030186
-0.012090	-0.005497	-0.006308
0.035762	-0.032898	-0.034685
0.002963	-0.023394	-0.026098
0.010593	0.000413	-0.001347
-0.005862	0.004083	0.002505
0.008081	-0.004411	-0.005489
-0.006904	-0.015181	-0.017616
0.006997	0.005572	0.004710
-0.089528	-0.032179	-0.040493
0.005307	0.011558	0.002428
0.007336	0.001097	0.000066
0.001314	0.005281	-0.001767
0.097882	-0.027951	-0.029475
0.008754	0.041787	0.039581
-0.000898	-0.001714	-0.004324
0.023636	0.010456	0.008763
0.031418	14.034753	14.025352
0.002993	0.005964	0.002314
0.013827	-0.039437	-0.042805
0.110403	-0.041814	-0.051725
0.078351	-0.086038	-0.087103
-0.017232	0.003644	0.002607
0.008369	0.034406	0.033400
-0.005722	0.021347	0.019967
-0.039520	0.005505	0.004646
-0.000091	-0.013349	-0.015965
0.013820	0.017670	0.016432
-0.007974	-0.048047	-0.055821
-0.052866	0.045536	0.044932
-0.182123	-0.140863	-0.144682
0.001400	0.016060	0.011863
0.099823	-0.053596	-0.063922
-0.006397	-0.022037	-0.022907
-0.001724	0.015781	0.015091
0.084274	-0.034059	-0.034656
-0.103312	0.071744	0.069836
0.060116	0.076650	0.075608
-0.011979	0.021989	0.014741
-0.006348	0.012318	0.004677
0.014100	-0.014036	-0.017953
0.021813	-0.002918	-0.003573
0.012107	-0.008641	-0.015311
-61.984466	-40.792955	-40.760099
-0.020543	-0.077757	-0.078609
0.004478	-0.003053	-0.005682
0.015067	-0.018557	-0.019366
-0.016621	0.028820	0.027934
-0.008276	-0.037995	-0.038924
0.089878	-0.026749	-0.034219
0.064548	0.043098	0.035253
0.402166	0.251414	0.249705
0.033826	0.002500	0.001832
-0.015803	0.127284	0.126449
-0.035232	-0.010990	-0.011740
-0.000648	0.007332	0.000732
-0.028293	0.015122	0.011862
-0.005777	-0.001609	-0.003861
-0.046041	0.050964	0.040609
0.046263	0.030010	0.027311
0.019163	0.054314	0.053630
0.045124	-0.000037	-0.000793
0.113053	0.060921	0.060243
0.064237	-0.018818	-0.019686
0.373359	-0.433833	-0.434739
0.033516	0.006846	0.006229
0.078029	-0.112264	-0.113955
-0.263215	0.118995	0.123492
-0.018561	-0.019174	-0.020637
-0.008410	0.002746	0.001398
-0.026590	-0.065248	-0.068067
0.003013	0.001563	-0.000226
0.019716	0.005375	0.004631
-0.030460	0.020155	0.016604
-40.407517	-5.273338	-5.275534
-0.006964	-0.006191	-0.007970
-0.012799	-0.012941	-0.022654
-0.005435	0.012153	0.009678
0.028200	0.004747	0.004079
0.028635	0.006121	-0.000633
0.011080	0.033315	0.032517
-0.006677	-0.016066	-0.016728
-0.000282	-0.003618	-0.004485
-0.023964	0.012835	0.011275
0.043208	-0.151971	-0.153107
-0.009773	0.020345	0.019680
0.018781	-0.017638	-0.019036
0.016484	0.021388	0.020685
0.006314	0.002380	0.001173
-0.053473	0.026062	0.024932
0.028842	-0.063206	-0.071350
0.023328	-0.014004	-0.016489
-0.012491	0.011834	0.009100
-0.009777	0.048625	0.045773
-0.012685	0.015529	0.009690
-0.114532	-0.024831	-0.025536
-0.000473	-0.003366	-0.004743
0.016837	0.061626	0.060833
0.003535	-0.000861	-0.006568
-0.167996	0.008174	0.006513
0.167531	0.179868	0.176160
-0.015187	0.005653	0.001731
0.003863	0.021409	0.015578
0.141817	0.004536	-0.003431
0.018796	-0.003775	-0.004760
0.023655	0.055730	0.054958
0.026125	0.007247	0.006324
0.059661	0.031226	0.030600
-0.012236	0.023968	0.023023
0.047242	-0.018014	-0.018660
0.003462	-0.000585	-0.006963
0.009141	0.004230	0.003453
0.036898	0.003642	0.001379
0.004344	-0.010163	-0.015744
50.824572	10.437060	10.436940
-0.031650	0.025101	0.014657
-0.019499	0.044634	0.043412
0.015252	0.020947	0.012655
-0.004306	0.000238	-0.001801
-35.393379	-5.646827	-5.645372
0.003086	-0.002057	-0.006671
-0.026246	0.000937	-0.009754
0.007166	-0.007709	-0.009597
227.796630	246.401483	246.358130
-0.087559	0.117133	0.115460
0.010140	0.008591	0.005559
-0.018990	0.035669	0.034968
-0.008588	-0.016595	-0.023231
-0.011861	-0.008899	-0.013101
0.029420	-0.007463	-0.014492
0.004575	-0.019092	-0.020153
-0.012455	0.012617	0.011599
-0.062445	0.070182	0.069030
-0.023763	0.019178	0.009132
0.095228	-0.112995	-0.113676
0.026707	0.038025	0.036987
0.095073	-0.046581	-0.048464
-0.007540	-0.001412	-0.005308
-0.005301	-0.016306	-0.018355
0.009037	-0.056744	-0.057967
0.003161	0.006531	0.002065
3.748421	-1373.658352	-1373.032368
0.007976	0.005781	0.003119
0.005283	0.008817	0.007364
0.030453	-0.009295	-0.010506
0.005513	0.003001	-0.005457
-0.029443	-0.015173	-0.017544
0.068876	-0.057237	-0.058042
0.038620	0.021125	0.020414
0.006573	0.011171	0.006217
0.000823	0.004184	0.002860
0.012708	0.007235	0.002263
0.231137	-0.102745	-0.103853
0.013178	0.002522	0.001500
-0.005957	0.016519	0.015682
-0.008954	-0.004900	-0.015246
-0.021863	0.004320	0.003154
-0.014618	0.029788	0.021941
0.073087	-0.002074	-0.002696
-0.003197	-0.015377	-0.019158
-0.028194	0.029663	0.019979
20.344849	22.928610	22.924848
-0.000834	-0.006263	-0.007213
-0.342171	0.458816	0.457907
-0.071379	-0.005095	-0.006852
-0.061982	0.013717	0.010844
-83.931465	84.044072	0.052261
-83.992210	83.943724	-0.055581
-84.020622	84.023565	0.024319
-84.018636	83.999814	0.002608
-84.057039	83.945509	-0.053110
-83.983827	84.006790	0.007668
-84.003468	83.996629	-0.002185
-84.019537	84.015301	0.016543
-83.997587	83.974397	-0.019644
-101.935344	102.376502	1.437309
-84.017737	83.999966	0.000881
-83.974713	83.992852	-0.009285
-84.025713	84.042654	0.047797
-84.006326	84.003701	0.004233
-83.953861	84.047342	0.048990
-84.038380	83.983295	-0.011032
-83.980922	83.992241	-0.006553
-83.992471	83.990080	-0.008394
-83.930439	84.010439	0.010888
-84.039299	83.951208	-0.047740
-84.037226	84.029739	0.030865
-84.014966	83.974297	-0.017917
-84.083571	83.896777	-0.102174
-84.007249	83.986040	-0.012590
-83.998652	83.994488	-0.002236
-84.054677	83.975123	-0.023309
-83.998432	83.997427	-0.000277
-84.029510	84.022615	0.026566
-84.012857	83.985659	-0.013699
-83.975967	84.019113	0.020229
-84.025295	84.004984	0.008115
-83.998084	83.988968	-0.009499
-84.079954	83.944447	-0.051036
-83.975306	84.022316	0.025385
-84.016505	83.974976	-0.022593
-84.025922	84.005843	0.006659
-84.007917	83.988982	-0.006640
-84.007819	83.984776	-0.008642
-83.962201	83.985961	-0.012900
-84.039571	83.998981	0.000699
-83.972333	83.983619	-0.015562
-83.902388	83.904330	-0.094986
-68.192085	138.101187	0.541359
-83.998414	84.019187	0.027001
-84.065585	84.006420	0.010240
-84.051240	84.009367	0.005177
-84.012951	83.979815	-0.013076
-84.012745	83.995129	-0.003749
-84.034213	84.018374	0.018906
-83.933203	84.000992	-0.001633
-84.022411	83.980714	-0.019471
-83.992556	84.005695	0.006984
-84.005303	83.982038	-0.012163
-84.005392	83.949278	-0.049990
-83.984965	83.985991	-0.011618
-83.982955	83.956376	-0.065413
-83.999351	83.991909	-0.005838
-83.979171	84.035695	0.037014
-83.983387	83.999583	0.003264
-84.024132	84.003549	0.004328
-84.030988	84.004281	0.005186
-84.165405	84.046839	0.047885
-84.008879	84.000065	0.001557
-83.968402	84.035411	0.043576
-83.987497	83.968172	-0.027841
-84.214108	84.127967	0.128404
-83.965131	84.020766	0.024070
-83.990298	83.981599	-0.017572
-84.006681	83.997357	0.002625
-83.989656	83.985182	-0.012424
-83.876611	84.200881	0.200178
-84.079087	83.987174	-0.012529
-84.009991	84.007615	0.013595
-84.020288	84.012054	0.014157
-84.025933	84.001884	0.002518
-83.976438	83.988202	-0.011917
-84.042143	83.988878	-0.004641
-83.960693	83.992389	-0.006237
-83.992666	83.988653	-0.010485
-83.989577	83.996633	-0.000757
-83.981073	84.019833	0.021853
-84.004663	84.013600	0.015519
-83.976335	83.985338	-0.009647
-83.989118	83.986834	-0.012902
-83.998140	84.000601	0.005391
-84.033564	84.014356	0.019403
-84.000511	83.998062	-0.000031
-84.025829	84.016213	0.017324
-84.168013	84.375660	0.373716
-84.056327	84.067201	0.067854
-83.993854	83.998661	-0.000859
-83.987980	83.964550	-0.033542
-83.984477	84.011887	0.012643
-84.018907	83.997913	0.005884
-83.968859	83.990331	-0.009146
-83.987281	83.980078	-0.013729
-84.073206	84.008819	0.016898
-83.974724	84.014375	0.021822
-84.038458	83.957157	-0.042468
-84.028843	84.012468	0.009893
-84.002103	83.997092	-0.002199
-83.954308	84.021811	0.021575
-84.022355	83.992786	-0.002003
-84.012158	83.985410	-0.009292
-84.035338	83.991203	-0.007741
-83.997545	84.002738	0.005432
-84.080104	84.065744	0.063590
-84.004542	83.992791	-0.004183
-84.015314	83.993607	-0.005659
-84.008270	83.975366	-0.024103
-84.042996	84.058797	0.059410
-83.984379	84.004288	0.005045
-84.002945	84.003003	0.003826
-84.021869	83.998249	-0.000653
-84.009803	83.999118	-0.000063
-83.980235	84.003311	0.006225
-84.002818	83.978304	-0.019620
-83.990624	83.979486	-0.019949
-84.033721	84.014890	0.015471
-84.003723	84.009180	0.010448
-83.985471	83.997119	-0.001362
-84.097403	83.990839	-0.008531
-106.955706	89.771213	-59.002143
-84.090951	84.032482	0.033536
-84.031897	84.007787	0.007651
-83.998306	83.996468	-0.001302
-83.999038	84.004713	0.007586
-83.973391	84.000349	0.002027
-84.006121	83.973261	-0.025705
-83.996271	83.999608	0.000843
-84.023031	84.013859	0.018661
-84.203923	84.048647	0.049620
-84.010773	83.991857	-0.005913
-83.985187	84.027395	0.029248
-83.937318	84.021554	0.023059
-83.985100	83.953939	-0.043195
-83.921725	83.923980	-0.075082
-84.002877	84.004964	0.008838
-83.970694	84.021834	0.023606
-83.722349	83.681848	-0.319335
-113.069334	98.570437	-7.956926
-102.657126	102.541233	0.981239
-84.013221	83.999762	0.001661
-84.043178	83.986823	-0.005479
-83.962188	84.088491	0.089601
-84.000549	83.995778	-0.000558
-83.991916	83.994450	-0.004774
-84.073799	84.051329	0.058606
-84.000736	83.990659	-0.007678
-84.112910	84.002491	0.004039
-96.201007	111.429707	8.093160
-84.113689	83.972536	-0.027733
-84.028658	83.948453	-0.044279
-84.017774	83.987862	-0.011914
-83.971237	83.962774	-0.036015
-84.010105	83.982673	-0.015118
-84.020223	84.000174	0.000925
-84.002914	84.006524	0.007082
-83.996750	84.014139	0.016652
-104.414514	102.289463	0.073932
-83.983859	83.987830	-0.010437
-83.996138	83.995782	-0.002964
-83.998612	84.010419	0.012768
-83.998929	84.004918	0.006554
-84.006795	84.011045	0.011836
-83.941610	84.016219	0.023340
-83.992513	83.980186	-0.019238
-84.065634	84.003875	0.008633
-84.025207	83.959257	-0.032405
-83.985794	83.997170	-0.002187
-83.962825	84.022068	0.023719
-83.986590	83.882311	-0.109756
-83.968732	84.000955	0.003219
-83.967382	84.003029	0.011395
-84.021927	83.985876	-0.013766
-83.994701	83.987075	-0.011977
-98.888931	112.646732	-78.574232
-83.939991	84.082444	0.086725
-84.011245	83.989532	-0.032507
-84.037537	84.004728	0.005220
-83.994462	83.997314	0.000738
-84.037454	84.026338	0.027716
-83.872640	83.969285	-0.022241
-84.005753	83.992661	-0.005786
-83.822827	83.806828	-0.192935
-83.761684	84.107387	0.108296
-84.009574	84.017442	0.020024
-83.992685	84.002156	0.002720
-84.007843	84.013762	0.014698
-83.983486	84.002269	0.004495
-84.037999	83.977486	-0.020381
-83.999361	83.985412	-0.012605
-84.018962	84.024990	0.025386
-84.023740	84.016240	0.024878
-83.990726	83.989839	-0.003512
-84.021487	84.021148	0.021551
-84.012867	83.997657	0.000880
-83.979711	83.986558	-0.006485
-84.000985	83.997855	-0.000984
-84.011887	83.920447	-0.081063
-84.124373	83.798590	-0.202387
-83.998143	84.003195	0.006463
-83.868306	84.000978	0.009508
-84.001691	84.003342	0.004918
