-262468.983726	180154.774975	180154.774949
34756.048342	88527.744551	88527.744504
-342017.146022	-109855.618068	-109855.618092
-97326.302128	-195093.433383	-195093.433419
-185229.377686	106741.742111	106741.742080
532288.941266	261703.697450	261703.697296
-23063.385900	-592122.915578	-592122.915610
-454774.772604	-140109.236430	-140109.236449
-159016.709107	561440.033489	561440.033464
-204172.696441	313548.834495	313548.834467
-349450.520028	148421.363252	148421.363229
251451.293083	-20014.095208	-20014.095289
-145534.158161	46477.942223	46477.942189
-584815.492611	-163667.984109	-163667.984125
43670.373163	-113319.149723	-113319.149772
-80825.495052	-253171.232910	-253171.232946
-586001.176262	28742.533491	28742.533475
597271.299622	160083.064769	160083.064548
445930.670456	-424356.467772	-424356.467879
164499.870780	589989.621884	589989.621843
130779.099046	235447.230304	235447.230250
-175001.174069	36502.018392	36502.018360
72346.910860	-77706.519316	-77706.519368
-83972.894515	-478423.269477	-478423.269508
-1207.388431	519477.499666	519477.499633
-189228.580465	-589143.969697	-589143.969721
-170599.239746	-35580.988121	-35580.988153
566087.129157	-55987.051822	-55987.052047
-27265.990599	581557.994781	581557.994751
412576.548030	444752.765688	444752.765603
251374.142451	554940.589275	554940.589224
574834.417440	180956.715053	180956.714855
-550796.687520	52001.455507	52001.455490
490745.202064	-355810.758427	-355810.758562
538840.290797	-258098.271522	-258098.271704
-411733.553479	259560.379212	259560.379192
25898.417057	231042.538729	231042.538685
-385572.531391	71854.745545	71854.745523
413589.980434	297854.913663	297854.913560
243159.143210	385839.958374	385839.958313
81249.280118	611384.478849	611384.478814
16321.888268	400605.793430	400605.793392
-410344.006671	-239054.771873	-239054.771894
-122352.223656	-138424.173149	-138424.173184
-526628.671522	-311657.539558	-311657.539575
329182.003795	265022.087751	265022.087666
-16008.265343	-264646.496221	-264646.496262
130464.854821	5633.034318	5633.034259
280886.441276	513495.939040	513495.938982
470197.177894	-244707.528688	-244707.528832
583786.703748	67665.287614	67665.287384
301921.324523	138502.143775	138502.143688
275508.968782	531970.389964	531970.389909
483320.578526	308551.834869	308551.834745
-615485.918583	25409.246255	25409.246239
-289206.371585	-104807.915581	-104807.915607
-510382.860297	344387.863392	344387.863375
-32563.976008	-192518.294161	-192518.294202
-409231.650691	392624.392253	392624.392234
379564.569321	-260420.572827	-260420.572934
-130015.789863	585777.796428	585777.796402
549526.431464	-271588.078771	-271588.078957
209166.097580	-573350.343337	-573350.343387
-308485.128904	493783.604275	493783.604254
137759.019274	-434535.104137	-434535.104187
-186628.581770	525502.431872	525502.431848
-48753.775254	534897.445701	534897.445671
394194.422737	357310.125689	357310.125598
-200069.849404	-474944.183714	-474944.183740
-187874.399518	138239.724671	138239.724641
502545.583367	356153.054150	356153.054027
-213278.623103	-578176.174301	-578176.174325
395379.015369	-156481.250759	-156481.250878
94099.073042	-225254.026722	-225254.026775
289285.182550	-442115.301093	-442115.301163
-476557.961616	363612.560424	363612.560407
260944.177162	-205783.652145	-205783.652225
89182.260999	-488891.836345	-488891.836388
283566.233836	-368307.998314	-368307.998388
-343606.360890	-21156.915116	-21156.915140
-226246.394048	-573974.264069	-573974.264092
-55751.277584	-406409.082357	-406409.082392
-188962.658811	451161.447361	451161.447335
-69875.679419	24968.763271	24968.763232
-12626.341582	-565864.469793	-565864.469826
132455.651473	-239389.015690	-239389.015748
3220.118634	-617940.886222	-617940.886254
-335430.213252	179435.036841	179435.036818
-68176.063764	594890.141063	594890.141035
131197.324296	122228.941128	122228.941070
-164513.775113	-596235.373287	-596235.373311
425084.858926	-267798.619526	-267798.619648
-581122.614797	4039.448883	4039.448867
128714.195073	-184530.889695	-184530.889753
-385962.043851	-483573.421441	-483573.421460
82525.357284	-56153.204874	-56153.204927
535408.179382	-120597.010502	-120597.010699
-416657.153350	95576.129443	95576.129422
136719.006043	-356928.551208	-356928.551262
-370237.926671	495760.405046	495760.405027
-91973.137732	598209.053489	598209.053462
-494079.613002	349307.891089	349307.891071
-179961.130336	-591997.880396	-591997.880420
492528.506198	-275907.961415	-275907.961566
516971.878722	202237.729064	202237.728907
-403655.678236	322421.259172	322421.259152
-529213.542564	306334.970393	306334.970376
-604552.011976	-55779.498463	-55779.498479
-558638.752112	-93799.684270	-93799.684287
471723.598733	-358664.980376	-358664.980503
576486.640303	19926.471221	19926.470992
513124.564598	265930.583886	265930.583742
537399.962167	196716.702541	196716.702371
-463680.769209	396359.600286	396359.600268
204097.897131	481345.311868	481345.311817
266238.777809	946.998858	946.998774
549486.423155	-208190.803035	-208190.803233
138893.753131	588408.526796	588408.526756
-178079.027160	-485231.600649	-485231.600675
-437147.980619	-421014.934715	-421014.934733
328917.625266	522085.185717	522085.185654
-137779.730080	488360.410140	488360.410113
-453249.178681	246445.374717	246445.374698
315734.672299	-165793.846438	-165793.846532
144961.940823	600835.415720	600835.415680
530312.060380	-229403.050162	-229403.050343
-60317.904349	-615802.356328	-615802.356356
10884.038231	-275708.061042	-275708.061085
570027.647102	179257.967286	179257.967091
-171106.914808	40159.710431	40159.710399
205852.390253	-211701.264480	-211701.264549
-361933.701374	-411664.274693	-411664.274714
573806.117615	-217586.723890	-217586.724106
-589195.271942	-126301.144415	-126301.144431
-338499.095035	-387090.888718	-387090.888739
249428.386958	-505102.601866	-505102.601925
-177110.691922	275454.222254	275454.222225
-340624.315553	-493459.173711	-493459.173732
263607.953126	522725.399781	522725.399726
-224274.745314	498137.892267	498137.892243
151396.986324	298436.816806	298436.816752
92196.218664	-438078.661834	-438078.661880
-443951.050427	230621.606923	230621.606904
377106.871869	-425399.310282	-425399.310370
-489781.527993	272753.653554	272753.653536
332772.265848	-440905.277027	-440905.277105
-249049.838947	63108.130424	63108.130396
-264685.332192	534358.984981	534358.984959
542879.897198	-213686.660075	-213686.660267
-182552.886532	586984.170222	586984.170199
-390468.372305	-295676.267652	-295676.267673
571888.452076	-8884.985953	-8884.986181
534657.548122	131757.301679	131757.301499
-321287.521624	231313.853335	231313.853311
582088.826585	-187272.111421	-187272.111652
11105.013587	554479.565144	554479.565112
-296185.770569	-480944.275458	-480944.275480
248267.252563	538857.790581	538857.790529
-460132.169169	-405558.427662	-405558.427680
-240367.618683	-560761.692640	-560761.692662
472042.093359	-297926.802301	-297926.802439
-600721.198802	-147250.035825	-147250.035840
-413365.256896	228136.610644	228136.610624
-163778.756208	596243.603634	596243.603610
95608.637320	507075.099018	507075.098978
-44810.693279	46673.683096	46673.683055
558288.349054	-36847.663180	-36847.663397
331522.034909	-516289.890755	-516289.890824
243136.311770	479881.365387	479881.365331
-248242.611378	541856.956932	541856.956910
-378576.364570	439505.924588	439505.924569
-239888.893486	534717.561927	534717.561905
-204590.489047	-218871.586792	-218871.586821
-190272.199986	585491.211578	585491.211554
-271699.066664	555823.827515	555823.827494
487514.881800	-134792.644200	-134792.644364
366437.284789	67548.813450	67548.813342
55725.476529	-510037.527504	-510037.527544
82372.232595	148722.108156	148722.108105
-95327.216615	-422121.631369	-422121.631401
293666.407497	127474.501546	127474.501460
494398.009353	-301872.687141	-301872.687288
-291889.974012	-297842.599331	-297842.599356
-573651.908426	-158849.225258	-158849.225274
403533.464999	-449479.479030	-449479.479122
-86719.381497	-136346.432969	-136346.433006
35742.101945	604185.155734	604185.155702
231376.783083	-130554.639779	-130554.639855
28292.802293	363629.962355	363629.962315
-270979.116662	-548122.133691	-548122.133713
581057.104106	-211080.564870	-211080.565094
-415808.890248	-202076.468149	-202076.468170
-269107.218599	183852.086336	183852.086309
-40854.274915	580898.263188	580898.263158
-352113.684448	-178739.220516	-178739.220539
-496716.105258	306706.408350	306706.408332
-533367.487920	-312085.615368	-312085.615384
-358860.784307	121817.687035	121817.687012
-465007.772843	-332358.945708	-332358.945726
-127004.037563	215977.375814	215977.375781
43484.946294	616328.720266	616328.720234
-228422.335935	-438203.901323	-438203.901349
44299.002212	46055.120709	46055.120660
-457335.914532	261966.126978	261966.126960
1841511.069886	-392577.518012	-413165.917986
2202140.091902	-61914.645578	-82503.045562
2036901.718722	164953.920749	144365.520763
1496587.831144	523475.345647	502886.945689
1257268.425750	-355118.405678	-375706.805587
2063600.628678	-256231.551589	-276819.951570
1813888.158784	-434994.421849	-455582.821826
1936574.225522	-231311.829000	-251900.228977
2129606.059559	373816.593608	353228.193551
1391048.153934	-171385.007897	-191973.407824
1714882.432809	539521.218714	518932.818742
2174656.740740	150169.936949	129581.536957
1110671.657745	-254156.187076	-274744.586917
1448888.488380	-171832.365604	-192420.765546
1852950.129907	77153.683668	56565.283695
1696277.984769	630973.630869	610385.230896
1939568.316717	-331561.615329	-352150.015308
1895363.532650	556251.755550	535663.355570
1478626.753565	332387.366072	311798.966124
2153555.918492	205133.355914	184544.955898
1167596.924894	323028.714320	302440.314434
1049025.753052	-191718.850470	-212307.250260
1385039.882939	588382.089405	567793.689454
2069408.170642	-201259.776090	-221848.176074
1565036.430390	622794.039927	602205.639960
2064691.590198	-229902.297660	-250490.697675
2206956.110112	-104326.912415	-124915.312404
1257542.744074	512963.303750	492374.903820
1666749.816738	-597075.545679	-617663.945650
1726572.848616	616558.224117	595969.824121
1585171.911119	-470281.220270	-490869.620232
1638832.203375	-128033.255164	-148621.655122
1709098.596633	-190503.887091	-211092.287056
1031021.600732	-38908.608239	-59497.008005
2085277.175618	-374079.048774	-394667.448757
1828767.920345	-329765.564055	-350353.964031
1046528.826736	-109066.536262	-129654.936044
1556048.823366	319906.630944	299318.230986
1476120.465056	212151.628298	191563.228354
2238347.469025	-33403.847623	-53992.247615
1627349.480383	-588245.869143	-608834.269126
1641308.745459	-264636.183180	-285224.583141
1698091.119704	485616.097737	465027.697765
2241292.761237	-70091.875707	-90680.275724
1695921.182741	350573.949765	329985.549797
1939444.197876	-481850.380481	-502438.780461
1043467.157851	136761.411512	116173.011720
1896285.237844	-418413.862626	-439002.262610
1464259.411450	-148413.556197	-169001.956159
1550162.739226	627225.123963	606636.723759
1642420.382713	-392020.962702	-412609.362667
1827062.301022	-426824.536394	-447412.936565
1893823.078389	-484262.633335	-504851.033327
1425090.065790	-155381.674992	-175970.074982
1216898.672247	480901.860011	460313.460088
1575031.371275	-438599.607956	-459188.007929
1711902.845137	151440.173052	130851.773087
1199287.753735	-420208.837528	-440797.237432
1934386.183847	-313977.765579	-334566.165620
1266432.291757	498434.127147	477845.727123
1315210.628560	-103117.103319	-123705.503230
2168872.832004	-54907.249571	-75495.649585
1533979.892324	338624.209136	318035.809152
1593893.132101	-297945.511242	-318533.911204
2124139.485390	292509.137576	271920.737073
1035333.528860	-82199.278235	-102787.678025
2004179.142207	-151397.425882	-171985.825864
1769326.386146	-224806.114848	-245394.514820
1704865.961962	187930.034739	167341.634767
1091639.434593	-100551.771549	-121140.171379
1847275.468286	295075.373124	274486.973148
2176012.179111	308596.302486	285695.034149
1042339.563510	-173597.796421	-194186.196258
1854902.030288	-171478.512432	-192066.912407
1672534.716341	64715.352929	44126.952967
1469121.279713	-493497.952254	-514086.352209
1531950.919676	-395514.965704	-416103.365663
1094922.566696	-231121.327334	-251709.727188
2222650.049840	153143.205047	132554.805044
2214554.024028	198875.343629	178286.943609
1201783.524179	-125852.889075	-146441.288952
1317606.127856	152450.552063	131862.152149
1076084.276100	-173864.035121	-194452.434980
2233499.186442	133566.222706	112977.822672
1927500.260291	467647.966351	447059.566369
1424671.214269	115664.504246	95076.104311
1746860.290661	453611.831982	433023.431981
2175893.040921	307553.842316	279413.997232
1678113.314559	-364648.361629	-385236.761604
1054101.530944	133265.514517	112677.114102
1674377.764407	-130500.383200	-151088.783186
1777254.969195	370741.542515	350153.142540
1223424.614997	387442.672447	366854.272536
1991357.700615	235481.734008	214893.334018
1044710.863644	141093.657033	120505.252842
2162467.632369	313333.258622	292744.843703
1186447.155750	-83421.823244	-104010.223118
1957576.903287	-343958.013394	-364546.413447
1122754.053860	15007.134625	-5581.265213
1471614.517543	566410.855891	545822.455927
1976669.500333	-75687.641099	-96276.041079
1527941.862133	-560774.722385	-581363.122349
2205290.552579	165589.437553	145001.037454
1195047.118521	-68636.197604	-89224.597565
2234882.642465	38217.874117	17629.474127
1016732.442424	25821.634951	5233.235191
1940039.547370	555766.450062	535178.050069
1448043.262034	213869.588647	193281.188661
1182889.365966	356522.466921	335934.067012
1538639.937156	514175.350650	493586.950675
1046820.494445	165245.765474	144657.365624
2140160.960151	369356.780706	348768.380084
1963452.996688	-287224.741315	-307813.141312
2081061.244506	-345021.211705	-365609.611705
2201901.759644	239173.024296	218584.624197
1160858.977116	-150286.393469	-170874.793339
1302839.953999	-474429.074225	-495017.474158
1013920.013228	-489.713963	-21078.113742
1446597.557589	132553.213737	111964.813768
1679690.865585	347009.747071	326421.346900
1892999.263078	492164.031306	471575.631315
1432588.279263	-467500.201642	-488088.601600
1231541.180982	260336.527403	239748.127502
1150951.444731	-163011.457677	-183599.857656
1277826.306244	-347359.597290	-367947.997284
1154350.544104	-369648.966303	-390237.366188
2027287.194124	455273.545424	434685.145434
1171592.240454	-279957.675799	-300546.075679
2101179.936523	227363.297025	206774.896993
1429082.564853	460801.786754	440213.386803
2035285.594142	-405141.235433	-425729.635422
2155726.877328	342961.981409	322373.580883
2015693.730100	149692.586393	129104.186371
1445327.834486	425963.367490	405374.967532
1778975.871782	53779.902522	33191.502550
1737704.277319	563925.998185	543337.598192
2073977.902170	-48187.699501	-68776.099487
1270765.447766	-461201.635155	-481790.035101
1053142.179168	245620.382528	225031.982708
1741210.685142	-474876.953462	-495465.353438
1305310.662426	229107.889851	208519.489932
1697687.552630	590148.487857	569560.087860
1282874.346233	-488009.580062	-508597.980056
1125498.939569	-338356.914645	-358945.314519
1719849.794830	587297.071041	566708.670940
1621170.648035	620136.340615	599547.940631
1248379.412901	-446713.910423	-467302.310389
1321832.378127	-192601.789687	-213190.189607
1905321.937147	514822.438600	494234.038583
1715710.378185	430526.647411	409938.247425
1754948.689388	49983.724087	29395.324050
1914130.807589	159458.005278	138869.605297
1547885.587723	174187.273349	153598.873394
2010080.082221	-370838.345111	-391426.745110
1680166.633170	-207689.039652	-228277.439638
1914024.037237	-216530.989401	-237119.389417
1467155.573365	456538.509544	435950.109562
1743880.153830	453182.227971	432593.793114
1470501.914664	497081.341146	476492.941166
1827501.142524	433098.933083	412510.533098
1145240.057143	392115.846633	371527.446736
1261854.028513	-396775.811284	-417364.211217
1883219.230720	584467.537553	563879.137553
2048862.767535	314172.571467	293584.171436
1814628.831900	-88484.735673	-109073.135646
1955596.572553	528475.310459	507886.910448
2151313.020074	73555.062263	52966.662272
1420122.502650	146759.240077	126170.840101
1237795.627067	422329.186940	401740.787010
2189052.580038	206912.799044	186324.398936
1434243.539968	292748.956211	272160.556263
1472453.922317	403413.693114	382825.293142
2037445.431688	-441436.098116	-462024.498110
1492094.989225	440164.949511	419576.549511
1295117.897520	523484.555888	502896.155923
1742225.694514	555144.982717	534556.582272
2122328.060878	-161822.727653	-182411.127642
1951947.581669	-466653.526196	-487241.926250
2152947.527408	350513.358971	329924.957884
1390479.830166	-476375.919336	-496964.319299
1163168.512837	-205187.370007	-225775.769885
1827025.908456	539275.028840	518686.628848
1395518.620901	-544974.325271	-565562.725226
2011634.829216	307327.188938	286738.788915
1774119.641800	-265982.759574	-286571.159553
2077802.976511	-366730.983149	-387319.383650
1581498.320881	252018.715720	231430.315758
2014225.248193	-87221.717385	-107810.117384
1350467.639550	172981.369646	152392.969705
1307027.771279	-497619.763741	-518208.163759
1073107.740692	-250076.952596	-270665.352461
1101798.439844	-78987.646819	-99576.046686
1525505.279246	-578809.105786	-599397.505811
2225791.325949	121393.856962	100805.456802
1131649.241553	243181.811316	222593.411449
1467254.328219	-544942.612779	-565531.012749
2238949.908564	-67760.648775	-88349.063809
1460706.949293	-556971.048431	-577559.448564
1049761.473117	117164.761109	96576.361161
1955209.690646	-165798.691600	-186387.091592
1413128.864931	-137345.817299	-157934.217295
1432978.512468	-253163.095638	-273751.495580
1067993.768689	-188412.813146	-209001.213215
1573728.824726	-314446.582849	-335034.982844
