597.206824	-33.628126	-28.607814
583.646809	-11.844786	-1.183815
566.795313	37.270596	11.704226
553.663330	-23.106244	-22.477309
2151.094247	-509.155785	-517.819153
519.787523	28.032092	5.330991
517.264868	73.839532	36.277522
558.801496	55.101356	76.386967
652.525202	-2.000064	-30.833066
557.498487	-31.612462	-24.728115
569.626169	-59.816682	-68.552620
213.847379	246.387819	-90.736375
635.311405	3.629510	-17.611585
662.623134	318.245096	325.198282
594.323710	4.126744	2.689213
554.458365	26.210787	35.131887
534.860567	19.415519	16.440176
612.832444	105.783314	81.551381
474.446441	99.086985	65.573028
-9942.678548	68656.457868	68656.409895
545.115634	-26.830657	-8.481161
578.472333	44.811572	30.972201
577.941585	45.463426	29.997184
561.922342	90.340655	40.738724
484.130359	85.042868	67.430306
454.561648	-231.044388	-245.912754
982.663066	501.301230	485.045280
643.142937	117.191635	116.767749
618.449785	175.865979	134.728049
1050.053304	-148.656412	-199.954005
577.981485	-10.665267	-1.526247
580.022783	-31.710037	-22.683193
122.072873	1933.321783	1926.978785
643.604600	-90.174381	-90.243963
399.172410	-39.790456	34.387207
582.958361	-16.870576	-24.013820
409.631154	7.429201	17.705760
657.461585	-126.036844	-67.919587
484.295337	27.675331	-130.720427
-164.533207	-185.161447	-193.521909
574.218537	-72.957285	-64.565126
642.579959	63.496659	60.878262
617.259830	-66.855855	-63.759938
492.724958	16.752733	13.793661
621.388449	-134.868251	-150.773665
922.204856	35.811655	25.926139
474.567534	-22.137925	-11.381069
604.833222	-41.462724	-44.968091
550.606745	-46.253324	-42.358305
672.041442	14.902179	-38.747646
661.068922	103.365274	48.974997
507.229732	3.744793	21.532900
468.487717	53.057599	49.128790
610.939376	93.698001	83.171601
501.964749	-130.849694	-138.366019
551.259843	-18.835959	-7.362581
462.992342	33.676879	24.034914
298.865715	-134.637632	279.407436
570.342002	-55.755862	-28.273451
690.736239	3.237069	-35.537544
808.275563	277.326853	460.360642
543.273606	-8.395618	-5.925962
496.602534	-63.341734	-51.061983
630.672195	-44.704384	-57.165373
551.766245	-94.258815	-71.585244
618.139392	130.678897	93.681909
634.992861	53.722161	46.222425
271.345828	413.147497	397.262480
717.151890	-212.669170	615.406751
601.646776	-43.007536	-60.754224
489.781740	-103.839896	-50.478976
552.538777	-283.378274	24.977739
955.097777	-1953.875700	-1711.892865
563.400717	-72.241449	-64.152523
588.604453	129.125193	99.232200
620.455063	81.155081	6.349848
570.323413	-72.138205	-59.378581
575.269907	52.241822	6.986886
573.917507	251.942816	173.746813
516.869520	147.045596	116.083409
383.590263	-100.334354	-109.932976
644.530911	90.811988	34.444242
1042.332376	571.787852	553.038789
562.114039	-77.985969	-62.079662
792.123511	-191.157798	-248.867590
498.042865	21.584286	17.140934
633.263103	-37.467833	-38.830456
605.146428	-61.590376	-51.625110
564.289574	-92.782723	-75.339177
521.326355	26.163048	9.807791
833.983123	-148.129096	-169.543305
667.342747	43.822720	-10.472771
580.602947	-70.113591	-60.338957
639.050322	80.893079	54.113751
1326.367700	-347.949224	-355.391158
439.857386	-18.786954	38.707289
448.873547	33.995616	34.461242
642.432987	11.118833	-15.511006
551.226766	-14.756788	-4.344920
545.562681	32.444833	-0.368162
1561.029213	-294.385421	-308.391992
499.681000	15.676004	11.423409
902.461645	79.104979	61.053181
412.319784	124.939393	72.783691
538.696637	49.951840	35.200134
552.043575	-60.697738	-80.423561
536.965395	-3.325967	4.316260
606.808466	-54.255147	-68.455316
184.519850	1573.650968	1312.390887
611.114386	136.657074	147.303388
-3715.804248	-1625.177989	3274.585388
1357.505122	52.771521	34.862826
541.010723	8.332371	10.609823
785.167676	398.062411	372.348572
515.450901	7.098892	5.663432
445.569458	-83.614123	-115.830391
631.949853	-1.436871	-17.280383
518.516904	108.727891	63.166637
603.265453	-12.340496	-8.160565
518.353736	72.324006	38.194643
504.722370	225.431438	194.128714
736.372618	-49.980832	-57.756294
516.867466	-72.249118	-57.848562
494.091018	-92.757177	-56.110315
607.320353	-61.298726	-47.799392
593.768038	-13.477267	-7.491157
559.172948	-69.857552	-57.008113
511.724346	85.335338	41.548389
1624.959093	-4948.812736	-4949.526476
629.175036	-77.125091	-86.141996
518.269171	108.320797	42.066667
634.054749	-77.541894	-82.729810
-1978.436488	-1548.734371	-1554.355051
479.762614	39.376844	32.501444
186.015481	524.786226	124.023680
593.117637	-19.340612	-11.942677
524.174767	221.859534	205.389974
778.735462	70.554102	72.713256
563.973613	-78.803383	-63.597543
473.314868	91.214775	83.550467
-22532.050861	31678.894379	31678.841249
579.564653	-4.901724	-4.096015
138.352833	-48.673229	-59.416429
600.520942	-32.502912	-43.985754
586.847120	67.258847	54.049671
338.261195	211.229190	202.041238
-2601.303222	234.332758	-1205.412623
-2969.080115	-363.879737	-422.344125
583.651544	15.446814	5.654508
636.116108	-40.295388	-43.259033
579.671105	218.730098	177.110198
780.305546	278.241037	366.237221
264.967225	-112.295233	-120.253801
579.773211	-41.100264	-31.319575
557.156131	-21.619470	-5.984168
495.911953	21.686485	18.405583
603.100149	6.946400	10.450543
487.717243	-105.947260	-52.334846
855.579478	163.512908	-209.583147
454.911287	-87.178816	-62.022749
710.634629	118.221864	-35.865621
718.462247	69.460126	51.527049
724.717146	-26.294973	-49.492500
570.365709	191.278252	176.511160
567.031799	-40.157311	-31.577848
614.379121	8.668002	-17.605134
590.435563	-11.892328	-13.711253
622.924410	-325.859095	-310.724133
587.386972	9.021377	8.658871
1193.545035	31.405316	23.791442
663.516637	-69.337784	-65.566666
524.915140	-32.474607	-8.975738
535.436255	32.723855	19.931986
397.226026	-257.219007	-247.369495
2417.039672	-2746.240532	-2950.730786
477.709977	18.656030	31.376622
605.647211	61.652831	58.073793
652.728162	64.644361	43.163747
498.847567	158.476404	132.275243
519.204755	-209.751030	-89.066704
589.758360	-2.193063	0.173295
614.114179	130.074612	89.563425
616.258449	131.415474	74.312877
353.519205	205.285075	191.154819
385.196290	135.606901	116.651374
367.374910	-1.991281	-53.184904
676.395906	-29.993840	-40.178498
88.969577	138.708915	128.572475
551.763303	39.243251	26.724859
676.841048	-40.241023	-37.151022
389.624694	27.027568	23.339193
279.280076	5.922280	20.443746
550.181931	3.467923	3.272311
573.181625	-59.021737	-55.592665
2958.278843	-1274.522120	-1304.214815
643.180235	178.390143	194.980786
622.360175	-70.266547	-68.859318
663.507591	77.568590	35.084891
564.606749	125.468141	54.606193
414.648261	49.072091	45.288255
627.607066	-1.758788	-6.393044
2059.183386	-199.080069	-212.460622
504.694096	-7.119664	-52.336840
439.692325	-38.613969	27.320473
-670.438456	912.158910	128.722938
-779.526265	797.704671	-15.934237
-800.866717	859.760825	-170.290849
-799.917164	856.739276	-60.282232
-816.564734	882.383459	-46.106408
-730.702722	824.741559	-39.790150
-801.181837	845.238175	-93.682869
-794.158818	849.074927	-58.469445
-806.526284	871.127601	-42.587615
-821.811141	898.478578	-50.640193
-801.720027	857.252397	-40.340818
-807.481477	859.907732	-71.547159
-1160.622917	706.845846	-376.222368
-783.783135	843.860726	-34.610827
-814.103985	948.984494	-30.177064
-772.852373	759.275153	-129.551326
-732.845414	804.508559	-174.920510
-781.307808	850.831905	-137.781223
-691.222344	820.822716	-31.093559
-840.848759	929.075476	-58.806161
-819.675191	886.163564	-39.754595
-786.899160	796.130776	-124.758859
-808.153456	848.842049	-61.208795
-700.063489	851.868089	-10.271837
-745.258901	802.107788	-40.882469
-801.839560	872.462083	-43.459337
-1168.824716	719.244550	-511.759809
-838.862713	951.154232	-41.018898
-816.847256	794.314078	-701.344048
-796.826187	844.203189	-51.948917
-834.502335	890.425031	-38.436859
-446.965623	1676.655471	-1802.735981
-800.078814	868.001194	-42.675778
-729.730866	871.227685	-46.035658
-826.353792	959.947900	-44.665033
-841.828669	897.339096	-41.312607
-774.901307	798.135140	-178.363678
-803.555801	905.388709	-36.344861
-637.506113	870.056757	31.736073
-778.037432	774.563612	-153.450554
1412.230549	4869.154766	2345.794152
-676.254486	725.317150	-253.967605
-747.994055	812.002809	-29.047983
-831.954110	890.653784	-60.473833
-812.929212	869.328022	-48.828519
-807.530600	864.100079	-46.386544
-677.773776	1262.336396	417.864541
-819.121762	794.234454	-114.508883
-804.550977	857.960362	-56.042316
754.368756	-1428.316721	-2178.128640
-803.830629	786.873249	-100.991239
-1114.507599	1182.280663	-31.520282
-799.732901	914.250147	-55.499975
-621.426064	826.380888	-108.105298
-800.581687	778.306774	-196.204924
-827.930645	848.709391	-143.528515
-826.886123	844.853596	-46.058499
-755.197607	755.751495	-64.947718
-828.574879	853.407638	-151.100567
-851.034393	853.237203	93.996583
-728.902372	845.745709	-26.516056
-827.453817	896.241429	-47.601872
-782.574656	869.455022	-58.477532
-812.413330	863.927947	-48.387134
-886.994428	851.570739	-554.956182
-844.388972	849.708289	-84.428281
-794.497128	901.022421	-56.247123
-750.277001	841.897853	-12.607704
-795.339857	879.091937	-46.124227
-796.886620	794.111651	-131.895776
-796.051860	736.234120	-357.738038
-810.457748	850.310821	-47.870271
-791.693600	765.492221	-114.935062
-845.270432	899.912788	-47.410667
-815.689400	790.838052	-117.168935
-815.057206	870.543743	-40.692183
-839.350761	872.809816	-60.286406
-815.920476	798.962895	-122.271003
-137.583151	555.804195	-195.123261
-818.028699	891.675545	-39.851780
-759.207623	858.917005	-61.564883
-818.857549	806.389725	-106.288167
-805.185761	870.755425	-43.791732
-816.252011	826.622844	-25.298179
-807.126504	898.407643	-46.396554
-927.625127	852.322395	-35.313735
-797.463251	840.564612	-53.210318
-760.534112	844.382346	3.727008
-804.110255	878.779016	-32.382239
-627.154388	796.746410	-149.858141
-781.766368	859.088633	-48.477576
-793.549869	803.156736	-127.465210
-811.476799	854.904045	-54.913073
-1435.884399	892.213455	-1643.096653
-913.026627	777.103550	-184.495835
-810.196862	874.185238	-38.753701
-807.475565	817.204121	-68.109227
-770.522924	755.922811	-162.093130
-819.375890	874.739651	-44.020028
-675.028388	840.156604	-19.655912
-845.701432	885.334640	-50.131704
-506.038101	1474.002536	261.666282
-803.489444	877.370638	-40.899713
-797.848225	855.061879	-47.816826
-814.883639	1015.902277	-74.514322
-774.703658	787.107030	-130.870304
-755.595567	857.474280	-45.484579
-804.158936	854.052665	-70.324484
-816.562620	899.126267	-45.342677
-827.400221	842.663693	-68.068893
-773.042131	870.304491	-46.591320
-751.278685	739.726804	-131.123788
-762.877416	826.502160	-46.819121
-810.718303	879.348522	-38.496071
-812.972209	870.629183	-45.090125
-834.435521	919.022410	-60.295500
-808.687517	958.896808	-49.693985
-804.058449	865.483150	-43.138580
-626.430796	621.800631	-210.508509
-793.839338	794.411907	-129.021291
-840.485823	901.606794	-54.145500
-768.949773	783.026561	-132.697349
-808.481803	881.604638	-34.248375
-765.464560	910.151189	-63.433425
-813.401854	799.131579	-126.891734
-815.480478	894.176287	-40.227855
-830.641899	929.915204	-56.204542
-759.993486	755.779116	-146.419477
-807.433897	862.322832	-54.189154
-853.017543	810.969791	-87.268269
-826.172038	841.804161	-43.818414
-798.129043	873.118469	-46.945343
-758.852210	779.254447	-136.343380
-1270.690456	1498.854892	-2881.538372
-797.782730	800.059725	-130.572917
-778.571213	783.490238	-69.030246
-790.187632	620.017884	-114.508980
-792.577634	950.669311	-122.813349
-778.834835	820.524634	-126.167690
-779.928589	995.543628	-9.328587
-830.683468	896.902877	-42.075873
-780.702851	797.016119	-125.203795
-789.959083	795.510876	-92.248645
-1081.850358	554.221972	-312.988416
-799.151239	862.468746	-172.441957
-685.472835	531.384470	-330.254011
-787.099765	894.101546	-34.064392
-790.244104	864.114601	-68.476608
578.804353	412.576713	-38.111729
-804.794890	852.723602	-60.303111
-815.622449	816.837309	-129.515394
-729.954411	862.869505	-120.535497
-727.962130	584.797668	-360.127222
-809.406833	877.573121	-42.125419
-821.563311	878.461253	-42.534398
-801.343003	862.289016	-42.163661
-746.906493	826.422248	-96.280065
-816.901121	894.173541	-42.870085
-815.086154	858.651566	-44.152126
-811.217054	876.753461	-39.415061
-770.769026	780.553337	-139.492308
-825.350652	909.158975	-49.341146
-830.683694	897.446567	-45.240399
-717.221329	817.723076	-83.981291
-803.707318	875.861769	-42.009401
-767.911689	267.759676	93.577517
-813.932553	870.781364	-48.798435
-797.230996	843.166062	-53.847930
3145.428458	3135.240735	-32650.930449
-802.571337	825.048956	-73.590159
-801.900383	805.703568	-14.231715
-1034.237584	721.914260	-128.600702
-776.935201	806.609757	-168.304404
-770.898079	752.835006	-130.792400
-796.948972	839.809188	-56.163342
-801.863936	830.917842	-102.965559
-808.907484	875.514027	-35.740526
-829.410592	901.450201	-47.986926
-804.463678	876.986646	-46.257591
-819.118772	885.621757	-40.370499
-761.636530	995.478463	60.191373
-796.931349	909.279904	-48.060853
-797.147194	860.846784	-37.459896
-831.649564	879.166242	-30.085859
-823.534077	883.039520	-51.803357
-769.654047	767.090008	-160.094158
-793.467762	841.587627	-76.708621
-802.898030	837.650874	-101.917709
-791.355635	791.971344	-107.959450
-804.126201	802.133413	44.432454
-743.814224	817.540089	-67.433865
-819.403881	893.073505	-44.840535
-824.680744	845.255116	-47.860838
-695.707050	885.041554	32.286753
-796.775553	871.824396	-48.450914
-721.986386	827.273821	-133.305876
-835.926749	912.671646	-93.042618
-512.736984	985.025402	-320.912029
-802.753180	790.008973	-127.790689
-815.003448	880.022687	-43.304656
-819.510670	882.183878	-36.453044
-755.294890	857.376929	-45.053872
-797.275247	841.010231	-55.374773
-824.316530	891.213516	-47.017512
