621.169583	-34.871648	-29.785613
606.859664	-12.089963	-1.334103
589.482182	38.728396	12.110046
576.057710	-24.230210	-23.224894
2237.238995	-529.570683	-538.582551
540.690025	28.971179	5.745790
538.017060	76.484667	37.630687
581.191909	57.275485	79.364476
678.526433	-2.169740	-32.021785
579.831952	-32.893844	-25.461843
592.948708	-61.732758	-71.493706
222.244804	256.401774	-94.325593
660.536858	3.944259	-18.298323
689.237134	330.980814	338.210300
618.350802	4.179752	2.709648
576.674534	27.250068	36.400345
556.180443	20.178111	16.906797
637.398687	109.842706	84.609936
493.423689	102.914762	68.157151
-10340.776286	71405.512103	71405.462209
567.009372	-27.581014	-9.129199
601.742323	46.896024	31.924837
601.039709	46.677594	31.061675
584.203133	94.085935	42.256319
503.536998	88.461649	70.111656
472.698723	-240.347969	-255.808040
1021.996267	521.505705	504.593453
668.793798	121.940625	121.371931
643.160251	182.871807	140.093256
1092.285540	-154.609655	-207.985076
601.336382	-10.991800	-1.820298
603.328831	-33.033279	-23.514095
126.893401	2010.868972	2004.270120
669.085923	-93.642459	-93.724787
415.169990	-41.288238	35.668777
606.360383	-17.379613	-25.062893
426.095770	7.671283	18.439925
683.874982	-131.075609	-70.740232
503.451640	28.756729	-136.329383
-171.164805	-192.529510	-201.231384
597.077412	-76.132788	-67.265891
668.129407	66.048884	63.068143
641.797473	-69.598821	-66.371517
512.826685	17.309068	14.453892
646.333121	-140.173230	-156.703481
959.093001	37.160654	26.920108
493.602139	-23.124657	-11.804863
628.757454	-43.078193	-46.628352
572.930402	-48.091359	-43.867586
698.837107	15.379836	-40.277716
688.528939	108.653996	50.756266
527.691997	4.042211	22.044483
487.161545	55.147960	51.059941
635.474050	97.493498	86.461160
521.973792	-135.985531	-143.796075
573.191617	-19.718315	-7.507390
481.622574	34.945203	25.049747
310.632197	-140.123506	290.709602
593.264950	-58.106247	-29.572864
718.147196	3.317698	-37.014755
840.668931	288.514915	478.926246
565.354851	-8.605958	-5.979054
516.702292	-65.896910	-53.085497
655.671859	-46.343848	-59.184539
574.020114	-97.813129	-74.276581
642.567939	135.882641	97.468628
660.298720	55.767060	48.166105
282.241710	429.794045	413.261696
745.970603	-221.295700	640.553406
625.795928	-44.989956	-63.438080
509.182535	-108.057695	-52.420787
574.631293	-294.780032	25.952138
993.426253	-2032.764862	-1781.025057
586.035720	-75.177807	-66.564555
612.277559	134.192835	103.081018
645.488062	84.480116	6.271294
593.107377	-74.783950	-61.571348
598.262559	54.083610	7.361528
596.900425	262.173834	180.882038
537.507955	152.979756	120.738517
399.029693	-104.378185	-114.357757
670.440316	94.885674	34.883399
1084.129785	594.827580	575.325880
584.852965	-80.865635	-64.806137
823.945360	-198.878845	-258.924374
517.803101	22.278156	17.818610
658.514760	-39.015270	-40.291181
629.358845	-64.036698	-53.590737
586.768350	-96.189932	-78.232930
542.407363	27.151109	10.015545
867.387212	-154.029385	-176.309118
693.946772	45.562970	-10.889592
603.613993	-72.933722	-62.716736
664.392185	84.112323	56.457694
1379.425015	-361.852208	-369.594084
457.537319	-19.522726	40.199933
466.973785	35.346648	35.884713
667.804912	11.585997	-16.168134
573.357115	-15.324946	-4.779532
567.519602	33.648245	-0.218885
1623.502293	-306.219593	-320.789878
519.888897	16.564260	12.141031
938.503058	82.358691	63.551711
428.797386	129.969453	75.721198
560.444632	51.871019	36.383862
573.659914	-62.672858	-84.538520
558.753614	-3.417909	4.466443
631.034589	-56.513917	-71.019679
191.788913	1637.024129	1365.234662
635.605243	142.198598	153.223949
-3865.508342	-1690.635642	3406.340877
1411.754278	54.874480	36.245228
562.722181	8.409093	10.945627
816.568932	414.118496	387.368454
536.327239	7.614584	5.962237
463.392609	-87.047237	-120.437674
657.294163	-1.596562	-17.768747
539.327480	112.990476	65.602735
627.311409	-12.958599	-8.555616
539.229945	75.427879	39.861203
524.975295	234.602575	202.059017
765.730949	-51.819481	-59.917292
537.700432	-75.201714	-60.128484
513.856625	-96.369183	-58.211165
631.502408	-63.481808	-49.929774
617.299070	-13.919531	-7.515895
581.866919	-72.518598	-59.348350
532.043059	88.722699	43.197964
1689.998843	-5147.109952	-5147.852343
654.429011	-80.235992	-89.348400
538.993165	112.501673	43.835891
659.339012	-80.515322	-86.051167
-2057.687399	-1610.878879	-1616.725209
499.137730	40.939935	33.655302
193.187499	546.041071	129.030535
616.682329	-19.921066	-12.387513
545.205616	230.791647	213.641213
809.840213	73.461761	75.685060
586.504085	-81.345668	-65.704608
492.329583	94.901732	86.851918
-23434.223662	32947.341994	32947.286736
602.755026	-5.289107	-4.163143
143.916966	-50.611823	-61.792686
624.303251	-33.823407	-45.696803
610.209181	70.078464	56.164689
351.806933	219.692231	210.065581
-2706.527852	243.857119	-1253.999157
-3088.259808	-378.490862	-439.299486
606.959779	15.838511	5.876446
661.247149	-41.736804	-44.949350
602.908702	227.594588	184.320534
811.708229	289.613798	381.162153
275.417588	-116.846782	-125.163188
603.034138	-42.621536	-32.695777
579.448899	-22.149568	-6.381723
516.051676	22.793455	18.921648
627.015228	7.050683	10.668884
507.409115	-110.122913	-54.326096
889.982588	170.096357	-218.106395
473.280468	-90.680569	-64.522398
739.249094	123.052528	-37.323316
747.114852	72.318605	53.673016
753.791851	-27.399339	-51.506093
593.114545	198.974828	183.584204
589.838856	-41.635193	-32.607453
638.797097	9.037868	-18.358093
613.968235	-12.533773	-14.150904
647.862437	-338.998467	-323.276253
610.644219	9.356031	8.968247
1241.322062	32.766891	24.845565
689.942708	-72.136081	-68.216278
545.995574	-33.801244	-9.458106
556.934183	33.948567	20.580099
412.979126	-267.548387	-257.308685
2513.917784	-2856.525286	-3069.222579
497.034562	19.392133	32.639369
630.050104	64.064865	60.446929
678.801248	67.365618	44.859215
518.865429	164.760789	137.497980
539.943295	-218.126244	-92.630015
613.086659	-2.178622	-0.187691
638.414075	135.260112	93.014742
640.775458	136.579788	77.431021
367.660500	213.380115	198.741618
400.643206	140.980523	121.249746
382.020857	-2.155722	-55.292802
703.355590	-31.234134	-41.913315
92.516121	144.357776	133.806436
573.866034	40.721537	27.918779
703.948497	-41.818237	-38.729913
405.425770	28.150844	24.324029
290.492255	6.139863	21.234724
572.274569	3.627278	3.538440
596.295471	-61.329361	-58.006473
3076.782948	-1325.650335	-1356.533942
668.837227	185.558549	202.816256
646.956152	-72.953793	-71.419687
689.957937	80.718718	36.463623
587.212578	130.512199	56.808082
431.369865	51.094226	47.167501
652.626019	-1.819236	-6.701541
2141.682325	-206.997919	-220.915669
524.943772	-7.525399	-54.423578
457.412352	-40.131235	28.390709
-697.644309	948.752444	133.819218
-811.224628	829.942350	-16.798240
-834.703097	895.454175	-176.989563
-831.938997	891.096269	-62.627355
-849.957576	917.394674	-48.234890
-760.082026	857.903596	-41.137401
-833.682387	879.138821	-97.106470
-825.936629	883.379328	-60.456450
-839.437319	905.560045	-44.891495
-854.916159	934.519227	-52.933440
-834.922409	892.100878	-42.344331
-840.191684	894.359541	-74.322061
-1207.453231	735.067670	-391.328815
-815.817833	878.097692	-36.420023
-847.010297	986.698033	-31.535039
-804.344253	789.895002	-134.873962
-762.778041	836.666404	-181.890619
-813.157432	884.786547	-143.097802
-719.597490	853.706393	-32.488435
-874.731768	965.938425	-60.994250
-852.481821	921.057616	-42.500495
-818.764951	827.957422	-129.779064
-840.738916	882.913812	-62.943294
-728.610153	886.037646	-10.789576
-775.397110	834.154205	-42.487090
-833.862411	907.842962	-45.418208
-1216.038916	748.029880	-532.230752
-872.781405	989.027673	-42.803765
-849.936503	826.070909	-729.976780
-829.918650	878.062854	-54.415688
-868.297886	926.473929	-39.925838
-465.110375	1743.824329	-1875.138893
-833.003661	903.632924	-44.329159
-759.692413	905.969699	-47.907649
-859.812909	998.078557	-46.486692
-876.043442	932.909248	-42.933793
-806.237989	830.076495	-185.269644
-837.025805	941.704197	-37.437078
-663.549523	904.972022	33.055425
-809.454948	805.825524	-159.551521
1468.450298	5064.239507	2439.800515
-703.747407	754.317865	-264.174957
-778.592911	844.581353	-30.259189
-865.182043	926.393302	-62.720284
-845.648611	903.765628	-51.030767
-840.328473	899.128885	-47.867497
-705.277139	1312.900440	434.670646
-852.015757	826.243475	-119.121741
-837.573423	892.545670	-58.765594
784.243030	-1485.476543	-2265.268529
-836.323441	818.614595	-105.065493
-1159.539190	1229.511318	-32.853657
-832.322883	950.388807	-57.711328
-646.854405	859.491759	-112.324216
-832.981372	809.546456	-203.954748
-861.222426	882.728874	-149.178067
-859.744643	878.689098	-48.110488
-785.772007	786.405390	-67.496272
-862.076888	887.539677	-156.958564
-885.667570	887.483480	97.835389
-758.623570	879.571007	-27.729755
-860.985663	932.242058	-49.863719
-814.772193	904.721371	-60.550318
-844.997940	899.117606	-49.989108
-922.834667	885.554650	-577.263018
-878.275554	883.916087	-87.631579
-826.916692	937.771177	-58.394006
-781.109759	875.814584	-13.325351
-827.995768	915.149088	-47.972502
-829.232185	826.357796	-136.686288
-828.317490	765.640921	-372.073060
-843.314009	884.761428	-50.200599
-823.823773	796.510412	-119.604278
-878.977087	935.609343	-49.343981
-848.855420	822.836653	-121.950818
-848.272688	905.096827	-41.916241
-872.712661	907.849884	-62.596046
-849.037225	831.189133	-127.145572
-143.537560	578.055450	-202.879464
-850.672328	926.753862	-41.702062
-790.509300	893.132514	-63.851203
-851.974778	838.874891	-110.697032
-837.663034	905.962672	-46.139857
-849.248501	860.057443	-26.592183
-839.736178	934.005523	-48.057563
-964.947877	886.459770	-36.646405
-830.029504	875.487690	-54.948699
-791.590986	878.020582	3.624736
-836.950469	913.694115	-34.456812
-652.625426	828.645539	-155.877342
-813.921602	893.653159	-50.441726
-825.767343	835.636002	-132.557898
-844.157899	889.270535	-56.435488
-1494.018030	927.954929	-1709.467120
-949.937481	808.156602	-191.864755
-842.804720	909.163369	-39.820032
-840.449805	850.206315	-70.599598
-801.722208	786.446862	-168.423425
-852.336854	909.454661	-46.197857
-702.710815	873.746430	-20.484976
-879.501783	921.000216	-51.900478
-526.708069	1533.123820	272.236251
-835.313352	912.384120	-43.103088
-830.472803	890.031371	-50.046265
-847.851568	1056.400696	-77.371646
-806.278568	818.794717	-135.987291
-786.315712	891.687642	-46.656770
-836.626915	888.705216	-72.548205
-849.220858	934.475670	-46.958805
-860.890382	876.787860	-70.634232
-804.967401	905.002521	-48.310135
-781.848100	769.540351	-136.385191
-794.315448	859.719764	-48.649441
-843.957856	913.797072	-40.500451
-846.300597	905.872731	-47.458189
-867.873333	955.310940	-62.605519
-841.661754	997.095533	-51.836490
-837.459378	900.753990	-44.476012
-651.909409	646.716849	-218.903269
-826.210775	826.193447	-133.680436
-873.993024	937.206628	-56.223126
-800.119769	814.229912	-137.898083
-840.807755	915.894770	-36.051689
-796.707429	946.320735	-65.783677
-846.396085	831.208801	-132.067823
-848.654675	929.650434	-41.378728
-864.150485	966.667267	-58.301768
-790.786129	786.057621	-152.150582
-839.985431	897.369734	-55.779227
-887.137754	843.474726	-90.654795
-859.423446	876.154318	-45.848319
-830.159404	907.815967	-48.632045
-790.063552	810.487673	-141.670784
-1321.901237	1558.856704	-2996.997851
-829.985305	832.361091	-135.631779
-810.306878	815.105342	-72.054693
-822.177691	644.935594	-119.036678
-824.680460	988.449273	-127.691225
-810.459621	853.280882	-131.081522
-811.648625	1035.356120	-9.732098
-864.346835	932.189127	-43.860776
-812.536697	828.803039	-129.863321
-822.054258	827.711128	-96.140360
-1125.528758	576.273921	-325.636554
-832.805202	898.417250	-179.186895
-713.200527	552.659259	-343.434769
-819.560913	929.715217	-35.823594
-822.426272	898.764311	-71.261745
601.950081	428.953972	-39.613597
-837.563713	887.039509	-61.812731
-848.683810	849.534736	-134.659364
-759.664784	897.298756	-125.175779
-757.424419	608.173509	-374.593508
-843.215807	912.164885	-44.056698
-855.149156	912.849366	-44.535758
-833.484088	897.641683	-44.364710
-777.339343	859.482324	-99.964339
-849.748590	929.207200	-44.369124
-848.011085	892.663076	-46.865739
-844.168924	912.587023	-41.607943
-802.196194	811.750788	-145.025752
-858.866909	944.696406	-51.488057
-863.373393	933.364058	-46.936246
-746.376155	850.639600	-87.232891
-837.268640	910.481060	-44.667582
-798.982739	278.343157	97.353865
-846.603986	905.827182	-50.195531
-829.413016	877.606774	-56.707325
3271.166454	3260.788372	-33959.344247
-835.535651	858.427418	-76.669127
-834.306775	838.242634	-15.164221
-1076.014498	750.749163	-133.768848
-808.504759	838.935284	-174.891994
-802.112521	783.324329	-136.127944
-828.693204	874.133180	-58.906459
-834.177472	864.343817	-106.886027
-841.460492	910.322059	-37.696761
-862.882754	936.566588	-50.254334
-837.535893	912.924730	-47.767314
-852.295521	921.501046	-41.954240
-792.522618	1035.389140	62.573624
-829.985038	945.918363	-49.770092
-829.688656	895.479489	-39.556936
-866.534074	915.028627	-31.106091
-857.004446	919.115506	-53.887343
-800.893148	797.863884	-166.339227
-825.859290	875.641669	-79.490559
-835.289165	870.968119	-105.588816
-823.722370	823.947725	-112.433966
-836.800764	834.265065	45.921611
-774.270584	850.630774	-70.032628
-852.817433	929.672033	-46.445394
-857.647445	879.444013	-50.180536
-724.106832	920.489824	33.525762
-829.724688	906.781882	-50.170513
-751.497374	860.401707	-138.560919
-869.627044	949.130619	-96.462150
-533.448359	1024.606461	-333.899894
-835.129140	819.656777	-135.174505
-848.371969	914.706493	-46.025688
-852.274994	918.547550	-38.698278
-786.419499	891.028914	-47.306749
-830.440573	875.545766	-57.695047
-858.051781	926.524933	-48.702041
