239.566381	-12.404460	-11.788800
231.959461	-2.292901	-1.645787
226.859031	14.542488	4.072913
224.009521	-11.282225	-7.400015
861.447023	-204.148801	-207.633829
209.158746	9.236850	4.415576
207.906031	26.146642	14.229689
223.907273	21.735297	29.726698
259.950802	-1.699722	-11.859261
223.369107	-12.732259	-7.294634
233.233681	-19.245757	-29.277871
83.977539	100.137069	-35.890636
252.145738	3.024982	-6.824070
266.138755	127.353808	130.116360
240.149489	0.447034	0.176594
222.152845	10.411809	12.602755
213.212111	7.628194	4.617335
245.648864	40.556405	30.575653
189.807208	38.234002	25.841658
-3980.977380	27490.542351	27490.523138
219.068987	-7.366491	-6.486244
229.855554	19.078596	6.310478
233.539684	13.338603	12.788491
222.806153	37.413197	15.171258
194.073847	34.188394	26.796629
181.371770	-93.030996	-98.947139
393.330892	202.043932	195.480822
256.485392	47.481978	46.016118
247.096920	70.039373	53.641859
422.319022	-59.531285	-80.309388
233.818707	-3.133847	-3.041561
233.055823	-13.194419	-8.330676
48.205228	775.471694	772.913074
254.765340	-34.627770	-34.764327
160.002203	-14.964404	12.808183
234.038252	-5.119766	-10.385206
164.673764	2.426232	7.344739
264.112993	-50.355080	-28.201408
191.573971	10.806066	-56.068468
-66.314701	-73.679485	-77.094209
228.440815	-31.642061	-26.803043
255.464548	25.529467	21.845270
245.380609	-27.407292	-26.138964
201.295738	5.692766	6.680361
249.440725	-53.034614	-59.279515
368.873197	13.490912	9.940041
190.388102	-9.850029	-4.228097
239.178659	-16.114170	-16.590499
223.306860	-18.362569	-15.059954
267.918440	4.749010	-15.277472
274.565470	52.851628	17.803412
204.651353	3.045490	5.051790
186.772479	20.881556	19.281324
245.345643	37.985565	32.863187
200.098049	-51.343792	-54.282813
219.445041	-8.665148	-1.340979
186.354960	12.669640	10.166270
117.667764	-54.856175	113.017676
229.243480	-23.406835	-13.033894
274.056558	0.800356	-14.765513
323.931750	111.879751	185.652631
220.918116	-2.153929	-0.488853
201.040023	-25.547675	-20.225511
249.936312	-16.390830	-20.132517
222.611580	-35.452488	-26.880753
244.155214	51.990899	37.714489
253.045269	20.467395	19.428603
108.959532	166.464005	159.990071
288.186428	-86.264298	251.464421
241.485017	-19.867336	-26.759957
193.728809	-42.496760	-19.781580
220.925229	-114.006927	9.741590
383.284700	-788.891432	-691.321788
226.454108	-29.609279	-23.904122
236.748151	50.654949	38.463300
250.314756	33.216511	-0.767141
227.781771	-26.449358	-22.097529
229.903691	18.343821	3.780407
229.827872	102.292657	71.347365
206.386389	59.328847	46.541220
154.407876	-40.431406	-44.240188
259.079356	40.697230	4.408310
417.972816	230.396194	222.869728
229.559545	-28.904916	-28.045879
318.214500	-77.206815	-100.563009
196.370894	7.295708	7.466684
252.530274	-15.544725	-14.751325
242.276042	-24.348162	-19.369714
224.768405	-33.972743	-28.857781
210.767894	9.931275	1.862339
334.034206	-58.999495	-67.654703
266.003222	17.379006	-4.163486
229.916720	-28.175151	-23.795484
253.406312	32.157921	23.416755
530.571989	-139.029172	-142.028674
176.825429	-7.350285	14.905857
181.061690	13.504782	14.216146
253.614814	4.582242	-6.584791
221.334760	-5.896020	-4.510960
219.572060	11.973714	1.547116
624.729717	-118.341379	-123.978583
201.995593	8.986523	7.328805
360.406632	32.534682	24.982962
164.792104	50.288268	29.371153
217.500273	19.143559	11.792978
216.215945	-19.762430	-41.061782
217.972335	-0.887473	1.465960
242.238495	-22.582826	-25.541057
72.690507	633.731273	528.437333
244.904241	55.408115	59.181848
-1497.040881	-654.576490	1317.554836
542.489431	21.029532	13.823901
217.135973	0.754329	3.304373
314.010799	160.558162	150.196758
208.803396	5.195998	3.021605
178.247418	-34.324115	-46.055470
253.451344	-1.468629	-4.856214
208.112936	42.590236	24.330417
240.265947	-6.170288	-3.969702
208.426098	31.358630	15.898672
202.543696	91.700990	79.300017
293.553204	-18.373126	-21.601504
208.359137	-29.503502	-22.779389
197.663603	-36.135629	-20.980016
241.614535	-21.823377	-21.656003
235.191746	-4.415722	-0.395168
227.128859	-26.669490	-23.530229
203.229365	33.807000	16.477270
650.397492	-1982.972139	-1983.258649
252.666672	-31.088552	-31.905399
207.249512	41.758540	17.702501
252.648401	-29.701444	-33.282870
-792.508978	-621.444930	-623.701472
193.778301	15.594328	11.514914
71.720741	212.546668	50.068013
235.569654	-5.573960	-4.404598
210.303403	89.315001	82.496349
311.031588	29.073803	29.712401
222.665936	-24.540758	-19.918315
190.175172	36.856821	32.968228
-9021.728004	12684.476155	12684.454874
231.996660	-4.106028	-0.593521
55.646320	-19.384742	-23.761780
237.811718	-13.277539	-17.060605
233.619661	28.169224	21.122399
135.473951	84.621933	80.230509
-1052.246010	95.243672	-485.865179
-1191.796683	-146.111145	-169.553584
233.125478	3.757137	2.226545
251.165636	-14.328206	-16.771428
232.370861	88.632108	72.094424
314.024442	113.726191	149.246579
104.510593	-45.512238	-49.090786
232.578880	-15.153282	-13.730854
222.748145	-5.162280	-4.037898
202.557124	10.539903	4.410311
239.032529	1.002264	2.083418
197.278524	-41.355242	-19.586546
344.026537	65.831942	-85.228866
183.724438	-35.004856	-24.986502
286.128770	48.292651	-14.568968
286.500005	28.579505	21.452051
290.715978	-11.046184	-20.130538
227.490142	76.963478	70.719112
228.115592	-14.741913	-10.262165
244.151306	3.634616	-7.490775
235.351300	-6.513514	-4.224903
249.379335	-131.389784	-125.517660
232.552065	3.333532	2.959495
477.767528	13.615785	10.541100
264.210515	-27.960644	-26.482084
210.879397	-13.216269	-4.829224
214.999133	12.182015	6.442995
157.534858	-103.288628	-99.387682
968.781071	-1102.847479	-1184.917866
193.302620	7.385870	12.585324
244.008071	24.115293	23.698586
260.685994	27.219968	16.952287
200.191465	62.828253	52.210636
207.388586	-83.735010	-35.628622
233.236828	0.104170	-3.651758
243.098339	51.840576	34.589411
245.155585	51.603832	31.217711
141.406652	80.950779	75.871466
154.481303	53.729376	45.975693
146.477101	-1.644477	-21.071338
269.551807	-12.440683	-17.326103
35.468685	56.488208	52.338440
221.023640	14.732572	11.908958
271.025481	-15.707924	-15.803568
158.043501	11.226638	9.847452
112.133242	2.176447	7.908879
220.893831	1.558975	2.653701
231.126722	-23.147154	-24.168535
1185.040890	-511.282063	-523.191194
256.561864	71.677222	78.341715
245.855265	-26.784422	-25.512097
264.448498	31.482304	13.798034
226.060121	50.404716	22.015496
167.246199	20.210356	18.781752
250.148330	-0.592283	-3.169007
824.988769	-79.178409	-84.550416
202.532335	-4.066284	-20.830277
177.223978	-15.145045	10.697909
-272.067747	365.930849	50.947533
-317.007204	322.459033	-8.701483
-338.194096	357.172527	-67.113847
-320.587769	343.545290	-23.062026
-333.609225	349.572842	-20.539609
-293.883612	331.655183	-13.491217
-325.015575	338.982922	-34.111733
-318.236040	343.058689	-19.606844
-328.095026	344.869107	-23.813382
-331.125171	359.944532	-22.441191
-332.077024	349.163898	-20.486552
-326.972160	344.400641	-27.320077
-468.299432	282.219232	-151.062006
-320.517074	342.532221	-18.271998
-329.073672	377.034466	-13.638647
-314.891559	306.183572	-53.251386
-299.367253	321.581164	-69.654575
-318.524836	339.513073	-53.093516
-283.806302	328.860977	-13.960879
-338.673232	368.458069	-21.831230
-345.202135	349.224439	-32.627969
-318.689251	318.318705	-50.247983
-325.539132	341.218992	-17.003326
-285.520491	341.689373	-5.211936
-301.443175	320.550754	-16.060513
-321.275448	353.584055	-19.729183
-472.139582	287.853790	-204.706686
-339.117107	378.638020	-17.875817
-330.892178	317.568361	-286.324154
-330.700630	337.132938	-26.261539
-337.507771	360.504592	-15.222215
-181.447522	671.688345	-724.028741
-330.243884	356.744312	-17.038671
-299.724887	347.384244	-18.727148
-334.571775	381.187892	-18.219295
-341.748027	355.568948	-16.434305
-313.385155	319.433900	-68.959827
-334.838688	362.825017	-11.132714
-260.459327	349.149600	13.178814
-314.145970	312.649174	-60.922335
562.197462	1950.847342	940.063591
-274.937960	290.014582	-102.060443
-306.043014	325.842543	-12.179761
-332.043421	357.324024	-22.103064
-327.147443	345.332833	-20.785509
-327.949875	351.016118	-14.667368
-275.033845	505.638557	168.058929
-328.687594	320.070478	-46.288476
-330.272462	345.887107	-26.937543
298.742684	-571.598071	-871.398683
-324.884436	317.523685	-40.796635
-450.312063	472.302688	-13.334134
-325.979495	361.096167	-21.976565
-254.310992	331.109334	-42.184835
-323.982382	312.417747	-77.440861
-332.883092	340.216227	-56.490137
-327.836102	338.348155	-20.653686
-305.772446	306.601372	-25.501869
-334.976489	341.263697	-58.448319
-346.320225	342.464798	38.355065
-297.303027	338.255879	-12.180208
-335.258425	360.025435	-22.114045
-322.290257	352.567977	-20.565490
-325.301574	352.631079	-15.732187
-358.401188	339.838629	-223.063911
-338.733851	342.109742	-31.938380
-324.396362	367.308584	-21.314774
-308.403720	339.192965	-7.254574
-327.252424	360.028141	-18.369711
-323.210610	322.644813	-47.488247
-322.655543	294.071348	-143.339143
-328.387490	345.019263	-23.492326
-321.286269	310.296186	-46.706001
-336.628715	356.777908	-19.289842
-331.662988	320.261530	-47.763335
-331.429954	346.117140	-12.934073
-333.338073	350.464540	-22.939971
-330.982735	322.219104	-48.791566
-59.545006	222.512589	-77.561362
-326.242320	350.844205	-19.233858
-313.182488	342.152826	-22.780274
-331.087023	324.851467	-44.114978
-325.553684	352.399479	-22.668541
-329.910408	334.493447	-13.067652
-326.416024	355.593689	-16.522403
-373.176825	341.379254	-13.336425
-325.829579	351.015721	-18.919895
-310.612022	336.402075	-1.129873
-329.113618	348.957057	-21.772881
-254.733148	318.997205	-60.180917
-321.902340	345.727399	-19.675837
-322.280040	324.526433	-50.952585
-326.418375	343.967344	-15.024981
-581.336038	357.414675	-663.704209
-369.086570	310.540904	-73.671514
-325.538620	350.875600	-11.173950
-329.689734	330.218651	-24.908507
-311.998032	305.350669	-63.215876
-328.791760	347.503357	-21.618448
-276.880748	335.900190	-8.307010
-337.635997	356.702721	-17.639889
-206.700249	591.210966	105.698840
-319.347050	349.043496	-22.841314
-326.612864	350.004717	-22.353186
-329.676951	404.941696	-28.565753
-315.752692	316.865856	-51.169157
-306.884201	336.639569	-14.993120
-324.725340	346.670663	-21.811244
-326.839953	352.653947	-16.013486
-334.714673	341.381693	-25.523905
-319.541711	346.908639	-17.237129
-305.740882	298.211048	-52.609539
-314.470008	332.265362	-18.328210
-332.166695	342.534691	-23.429258
-332.693628	352.444731	-24.673381
-334.285356	362.728830	-22.983066
-329.772708	381.882345	-21.411675
-334.135073	353.420097	-13.924485
-254.792137	249.170046	-83.943346
-323.929459	318.040788	-46.713275
-334.777498	355.785065	-20.548744
-311.833737	312.079701	-52.062559
-323.302386	342.105969	-18.934648
-312.539548	361.596170	-23.464508
-329.925001	320.786342	-51.494807
-332.462999	353.787753	-12.591814
-335.088890	367.312245	-20.956875
-307.991666	302.861947	-57.267146
-325.513836	350.515066	-15.441707
-341.115388	325.104140	-33.847022
-332.304605	344.213059	-20.848047
-321.201751	345.930358	-18.007433
-312.278805	312.381208	-53.239150
-512.107747	600.018054	-1154.594587
-321.827359	322.796358	-50.397867
-317.381142	316.236468	-30.269669
-319.899868	249.196285	-45.275184
-321.037338	377.751745	-48.738376
-316.310130	327.518302	-49.079543
-317.211553	398.081621	-4.051824
-336.062092	352.766167	-18.612256
-318.587821	317.847316	-46.600951
-320.985632	322.064771	-38.962937
-436.780706	220.522557	-126.479082
-336.754812	359.209462	-67.182985
-277.278644	212.753389	-131.803979
-324.864253	355.945066	-17.745436
-322.044192	346.438878	-27.557028
231.456558	163.767055	-15.017453
-327.725941	343.393813	-14.794727
-330.544233	326.922143	-51.349174
-297.158870	344.268951	-46.362574
-294.623035	233.762449	-144.657004
-338.192632	345.809539	-18.229260
-334.819653	343.896374	-20.230667
-321.964795	354.025042	-22.200139
-304.402559	330.615408	-36.805130
-328.975014	349.835079	-14.440866
-328.793802	340.594319	-27.358236
-329.537264	358.816974	-21.044746
-314.285208	312.059696	-55.164618
-335.101944	354.843092	-21.388083
-326.464365	358.790817	-17.172294
-291.623401	329.186691	-32.500933
-335.758432	345.868765	-26.688584
-310.710030	105.837583	37.762529
-325.916404	349.531020	-13.003211
-322.971463	343.476240	-27.776807
1257.379961	1255.476378	-13084.137977
-329.651679	333.923400	-30.696926
-324.050288	325.480974	-9.402680
-417.757335	288.354858	-51.679194
-315.706880	323.226078	-65.818181
-312.191859	305.090917	-53.340811
-318.397311	344.606159	-26.457622
-323.155527	334.416302	-39.088043
-326.264637	348.193151	-21.334456
-334.307476	350.234184	-22.257183
-331.040364	358.354906	-14.115451
-336.557345	361.171816	-18.862967
-308.867384	399.086068	23.802737
-330.713656	366.116535	-17.138309
-325.954261	346.643582	-21.545130
-348.512947	358.674324	-10.534607
-334.317457	360.750546	-20.328566
-312.430591	307.758086	-62.357683
-324.023623	340.656386	-27.630270
-323.883242	333.063771	-36.611261
-323.705154	319.833564	-44.787043
-326.741548	321.344070	14.840993
-304.642512	330.955425	-25.974653
-333.657836	365.519282	-15.593352
-329.930127	341.955773	-22.690684
-284.027048	354.471509	12.359879
-330.618059	350.468902	-15.608005
-295.165931	331.278599	-52.514914
-336.950501	364.514022	-34.086976
-207.118010	395.807861	-129.874547
-323.636837	296.690497	-73.750705
-333.406588	346.622156	-26.922466
-327.308791	363.753603	-23.473745
-312.106225	339.655514	-20.630831
-330.646128	346.172750	-22.609543
-336.916276	353.119344	-16.600335
