-262469.327783	180154.960609	180154.960572
34756.049457	88527.737604	88527.737537
-342017.131793	-109855.617905	-109855.617939
-97326.290714	-195093.429575	-195093.429626
-185229.378819	106741.746081	106741.746037
532288.861092	261703.705431	261703.705212
-23063.383942	-592122.906140	-592122.906184
-454774.766039	-140109.237279	-140109.237307
-159016.718027	561440.052151	561440.052116
-204172.692921	313548.825998	313548.825959
-349450.510878	148421.361297	148421.361264
251451.302972	-20014.078595	-20014.078710
-145534.218606	46477.925042	46477.924994
-584815.347549	-163667.883445	-163667.883468
43670.379598	-113319.143827	-113319.143896
-80825.482199	-253171.226329	-253171.226381
-586001.184931	28742.516626	28742.516603
597271.256572	160083.086450	160083.086134
445930.651715	-424356.460422	-424356.460574
164499.779543	589989.628976	589989.628917
130779.097146	235447.229020	235447.228942
-175000.704669	36502.444446	36502.444401
72346.917239	-77706.504549	-77706.504623
-83972.897964	-478423.263535	-478423.263580
-1207.397862	519477.516036	519477.515989
-189228.311118	-589144.031924	-589144.031957
-170599.234946	-35580.982125	-35580.982171
566087.114408	-55987.023984	-55987.024303
-27266.164387	581557.977094	581557.977051
412576.539389	444752.760763	444752.760642
251374.142089	554940.515681	554940.515608
574833.451508	180956.370545	180956.370263
-550796.690426	52001.443416	52001.443392
490745.115650	-355810.754285	-355810.754477
538840.297418	-258098.285609	-258098.285867
-411733.584353	259560.360897	259560.360868
25898.419714	231042.535742	231042.535680
-385572.528623	71854.758894	71854.758863
413589.986050	297854.911981	297854.911835
243159.142044	385839.958800	385839.958713
81249.253762	611384.461994	611384.461944
16321.890860	400605.787440	400605.787386
-410343.999379	-239054.764079	-239054.764108
-122352.193531	-138424.173991	-138424.174040
-526629.321001	-311657.580533	-311657.580557
329182.007661	265022.086836	265022.086715
-16008.240321	-264646.499894	-264646.499953
130464.851864	5633.032584	5633.032499
280886.365311	513495.999938	513495.999856
470197.197698	-244707.540632	-244707.540837
583786.697980	67665.283545	67665.283219
301921.278677	138502.079617	138502.079493
275508.863019	531970.317322	531970.317243
483320.575072	308551.826688	308551.826512
-615485.856271	25409.242696	25409.242673
-289206.377034	-104807.915553	-104807.915589
-510382.737755	344387.879232	344387.879208
-32563.980377	-192518.293825	-192518.293883
-409231.657037	392624.385709	392624.385682
379564.595000	-260420.571761	-260420.571913
-130015.807442	585777.787145	585777.787109
549526.370964	-271588.022278	-271588.022542
209166.096096	-573350.332062	-573350.332132
-308485.111678	493783.607852	493783.607823
137759.004714	-434535.102084	-434535.102155
-186628.593756	525502.437921	525502.437886
-48753.764166	534897.456377	534897.456334
394194.423889	357310.118946	357310.118816
-200069.815136	-474944.195857	-474944.195894
-187874.402631	138239.712961	138239.712918
502545.573560	356153.042593	356153.042418
-213278.717648	-578176.131096	-578176.131129
395379.017712	-156481.254534	-156481.254704
94099.090145	-225254.025923	-225254.025998
289285.201812	-442115.294867	-442115.294966
-476557.982427	363612.528160	363612.528135
260944.171584	-205783.648621	-205783.648734
89182.250640	-488891.832484	-488891.832544
283566.237750	-368307.997216	-368307.997322
-343606.352800	-21156.913899	-21156.913933
-226246.261386	-573974.273956	-573974.273989
-55751.288694	-406409.087070	-406409.087119
-188962.655963	451161.458709	451161.458672
-69875.672889	24968.776049	24968.775994
-12626.349903	-565864.479496	-565864.479542
132455.640706	-239389.003006	-239389.003087
3220.099220	-617940.864004	-617940.864049
-335430.204147	179435.029899	179435.029865
-68176.086155	594890.116895	594890.116856
131197.315722	122228.941321	122228.941239
-164513.930170	-596235.316442	-596235.316477
425084.876233	-267798.614506	-267798.614679
-581122.615678	4039.472188	4039.472165
128714.196383	-184530.895379	-184530.895461
-385962.015849	-483573.414743	-483573.414770
82525.348174	-56153.224933	-56153.225009
535408.168264	-120597.018007	-120597.018288
-416657.126421	95576.127450	95576.127420
136719.007194	-356928.549369	-356928.549445
-370237.902440	495760.397054	495760.397027
-91973.095843	598209.021092	598209.021054
-494079.657684	349307.873083	349307.873058
-179961.328103	-591997.800215	-591997.800250
492528.504196	-275907.967204	-275907.967418
516971.951226	202237.708167	202237.707943
-403655.686537	322421.252534	322421.252506
-529213.479189	306334.972524	306334.972500
-604551.993989	-55779.500029	-55779.500052
-558638.752207	-93799.691451	-93799.691475
471723.673868	-358664.954915	-358664.955095
576486.634507	19926.458154	19926.457828
513124.630613	265930.563619	265930.563415
537399.929305	196716.702755	196716.702514
-463680.753497	396359.577630	396359.577605
204097.922117	481345.317921	481345.317849
266238.763772	946.980883	946.980764
549486.282463	-208190.992641	-208190.992923
138893.815518	588408.580676	588408.580620
-178079.063223	-485231.580963	-485231.581001
-437147.983123	-421014.914816	-421014.914842
328917.580178	522085.180216	522085.180127
-137779.739111	488360.417999	488360.417960
-453249.142128	246445.391508	246445.391481
315734.672772	-165793.848949	-165793.849082
144961.937064	600835.323902	600835.323846
530312.108277	-229403.020065	-229403.020322
-60317.891994	-615802.337742	-615802.337783
10884.013203	-275708.043296	-275708.043358
570028.585450	179258.300060	179258.299783
-171107.314440	40159.308595	40159.308550
205852.394058	-211701.260459	-211701.260557
-361933.689247	-411664.264710	-411664.264740
573806.163763	-217586.580933	-217586.581241
-589195.259717	-126301.171167	-126301.171190
-338499.100547	-387090.897750	-387090.897781
249428.389779	-505102.592366	-505102.592449
-177110.695659	275454.221710	275454.221668
-340624.301907	-493459.161445	-493459.161474
263608.039036	522725.445535	522725.445457
-224274.737959	498137.912015	498137.911981
151396.984989	298436.813312	298436.813235
92196.232349	-438078.660868	-438078.660932
-443951.025687	230621.658077	230621.658049
377106.871633	-425399.315342	-425399.315467
-489781.481538	272753.652772	272753.652747
332772.265094	-440905.267769	-440905.267878
-249049.824332	63108.132398	63108.132359
-264685.199809	534359.027080	534359.027049
542880.111121	-213686.537002	-213686.537276
-182553.275875	586984.076412	586984.076378
-390468.368033	-295676.264354	-295676.264383
571888.444780	-8884.989602	-8884.989926
534657.555197	131757.310522	131757.310267
-321287.524100	231313.844304	231313.844271
582088.788825	-187272.157204	-187272.157531
11104.992864	554479.566323	554479.566276
-296185.770590	-480944.274869	-480944.274901
248267.317946	538857.782883	538857.782809
-460132.131244	-405558.436099	-405558.436125
-240367.569909	-560761.721576	-560761.721608
472042.161559	-297926.785799	-297926.785994
-600721.124626	-147250.044481	-147250.044503
-413365.291955	228136.632721	228136.632692
-163778.797908	596243.537547	596243.537514
95608.634578	507075.102244	507075.102187
-44810.704779	46673.672871	46673.672813
558288.362931	-36847.677705	-36847.678013
331522.028446	-516289.877076	-516289.877174
243136.298020	479881.380810	479881.380732
-248242.561878	541856.833869	541856.833837
-378576.357072	439505.919263	439505.919236
-239889.039077	534717.655904	534717.655872
-204590.481666	-218871.583640	-218871.583681
-190271.685926	585491.286026	585491.285993
-271698.999898	555823.773076	555823.773046
487514.892927	-134792.648199	-134792.648432
366437.282115	67548.813791	67548.813637
55725.484968	-510037.514346	-510037.514401
82372.236710	148722.101628	148722.101555
-95327.203941	-422121.628820	-422121.628865
293666.453987	127474.560564	127474.560442
494397.951621	-301872.648003	-301872.648212
-291889.973464	-297842.597088	-297842.597123
-573652.077967	-158849.267075	-158849.267098
403533.450960	-449479.456275	-449479.456405
-86719.399222	-136346.437594	-136346.437646
35742.139051	604185.195078	604185.195032
231376.784272	-130554.643568	-130554.643676
28292.800922	363629.968604	363629.968546
-270979.072283	-548122.138486	-548122.138517
581056.892203	-211080.676109	-211080.676428
-415808.878843	-202076.470528	-202076.470558
-269106.887923	183851.895136	183851.895099
-40854.133811	580898.269902	580898.269861
-352113.685198	-178739.219347	-178739.219380
-496716.109888	306706.405727	306706.405702
-533366.799780	-312085.570813	-312085.570837
-358860.774154	121817.700853	121817.700821
-465007.767969	-332358.940229	-332358.940255
-127004.041718	215977.373326	215977.373280
43484.924706	616328.643954	616328.643907
-228422.328967	-438203.909004	-438203.909040
44298.998314	46055.124274	46055.124204
-457335.893492	261966.083833	261966.083806
1838991.069672	-390057.524625	-413165.924589
2199620.100620	-59394.645971	-82503.045949
2034381.697109	167473.908032	144365.508048
1494067.835764	525995.328255	502886.928315
1254748.472404	-352598.391381	-375706.791252
2061080.612711	-253711.532622	-276819.932595
1811368.238475	-432474.364467	-455582.764434
1934054.200301	-228791.814576	-251900.214543
2127086.242446	376336.488418	353228.088299
1388528.177903	-168864.993718	-191973.393615
1712362.460528	542041.238988	518932.839028
2172136.773694	152689.951819	129581.551826
1108151.635825	-251636.159972	-274744.559746
1446368.460551	-169312.333684	-192420.733601
1850430.121268	79673.683211	56565.283249
1693757.999794	633493.595618	610385.195656
1937048.340154	-329041.601606	-352150.001575
1892843.531468	558771.746757	535663.346785
1476106.764513	334907.364570	311798.964644
2151035.944543	207653.356474	184544.956435
1165076.934822	325548.719863	302440.320026
1046505.854826	-189198.795763	-212307.195463
1382519.891311	590902.077134	567793.677203
2066888.155432	-198739.786609	-221848.186585
1562516.335053	625314.059387	602205.659434
2062171.576344	-227382.297757	-250490.697774
2204436.102598	-101806.891086	-124915.291071
1255022.787459	515483.256321	492374.856421
1664229.793153	-594555.531977	-617663.931936
1724052.814837	619078.194827	595969.794837
1582651.902040	-467761.204499	-490869.604446
1636312.227029	-125513.260992	-148621.660933
1706578.581234	-187983.898036	-211092.297986
1028501.609844	-36388.612165	-59497.011833
2082757.036692	-371558.926323	-394667.326299
1826247.923545	-327245.562754	-350353.962720
1044008.850403	-106546.523794	-129654.923484
1553528.801274	322426.643982	299318.244042
1473600.425874	214671.628283	191563.228363
2235827.444816	-30883.869449	-53992.269438
1624829.487537	-585725.862117	-608834.262090
1638788.742552	-262116.183592	-285224.583537
1695571.132083	488136.091645	465027.691684
2238771.634445	-67570.785598	-90679.185618
1693401.080713	353093.930398	329985.530443
1936924.200725	-479330.336766	-502438.736738
1040947.530963	139281.874349	116173.474644
1893765.225221	-415893.856528	-439002.256504
1461739.366294	-145893.574478	-169001.974420
1547642.856901	629745.078342	606636.678090
1639900.384064	-389500.954052	-412609.354002
1824542.234144	-424304.568486	-447412.968698
1891303.091171	-481742.615204	-504851.015191
1422570.066634	-152861.668892	-175970.068869
1214378.695726	483421.857946	460313.458055
1572511.369929	-436079.609373	-459188.009331
1709382.840715	153960.179267	130851.779316
1196767.774576	-417688.830599	-440797.230463
1931866.202650	-311457.797029	-334566.197077
1263912.274656	500954.163256	477845.763237
1312690.624304	-100597.108532	-123705.508406
2166352.859943	-52387.256757	-75495.656772
1531459.897113	341144.194158	318035.794184
1591373.116635	-295425.524042	-318533.923987
2121619.504652	295029.147781	271920.746767
1032813.556297	-79679.290439	-102787.690137
2001659.128443	-148877.429467	-171985.829441
1766806.380498	-222286.117591	-245394.517552
1702345.959146	190450.027056	167341.627096
1089119.432836	-98031.758047	-121140.157803
1844755.464812	297595.373780	274486.973812
2172933.299545	311668.955417	285661.835104
1039819.638986	-171077.834531	-194186.234290
1852382.031723	-168958.516544	-192066.916509
1670014.721031	67235.354035	44126.954088
1466601.267477	-490977.947229	-514086.347165
1529430.924302	-392994.965890	-416103.365832
1092402.564497	-228601.336876	-251709.736663
2220129.996949	155663.206147	132554.806139
2212033.959813	201395.342999	178286.942959
1199263.503289	-123332.890010	-146441.289835
1315086.146034	154970.561014	131862.161136
1073564.227350	-171344.083481	-194452.483273
2230979.109584	136086.202040	112977.801995
1924980.240278	470167.976541	447059.576566
1422151.229641	118184.535111	95076.135204
1744337.048724	456131.361014	433022.961009
2172785.212480	310363.107906	277800.029023
1675593.304757	-362128.362543	-385236.762506
1051581.224132	135785.627545	112677.227054
1671857.741399	-127980.387177	-151088.787153
1774734.959021	373261.545806	350153.145840
1220904.612551	389962.672296	366854.272422
1988837.705227	238001.733242	214893.333250
1042190.809400	143613.030597	120504.625350
2159947.756066	315853.203846	292744.774878
1183927.168531	-80901.795508	-104010.195328
1955056.863062	-341437.979892	-364546.379956
1120234.048044	17527.129103	-5581.270668
1469094.524895	568930.840677	545822.440729
1974149.515486	-73167.649823	-96276.049794
1525421.842909	-558254.742181	-581363.142130
2202770.561381	168109.412094	145001.011964
1192527.086423	-66116.245546	-89224.645476
2232362.627445	40737.875174	17629.475189
1014212.448942	28341.615815	5233.216156
1937519.516406	558286.426525	535178.026535
1445523.298666	216389.583255	193281.183283
1180369.370082	359042.464211	335934.064343
1536119.915533	516695.346126	493586.946164
1044300.498319	167765.718133	144657.318355
2137640.799135	371876.804738	348768.403889
1960932.980605	-284704.750600	-307813.150593
2078541.219494	-342501.244237	-365609.644233
2199381.734161	241693.006562	218584.606368
1158338.938744	-147766.434179	-170874.833993
1300319.912318	-471909.094457	-495017.494361
1011400.026237	2030.291431	-21078.108250
1444077.513769	135073.216074	111964.816124
1677170.964926	349529.771352	326421.371140
1890479.271417	494684.044386	471575.644399
1430068.270286	-464980.208407	-488088.608346
1229021.183482	262856.525007	239748.125148
1148431.470405	-160491.414052	-183599.814001
1275306.251826	-344839.618060	-367948.018039
1151830.551812	-367128.955317	-390237.355152
2024767.180165	457793.540861	434685.140874
1169072.232432	-277437.667730	-300546.067559
2098659.945425	229883.295075	206774.895011
1426562.603749	463321.774772	440213.374842
2032765.582940	-402621.221714	-425729.621697
2153206.795953	345482.139258	322373.738260
2013173.752431	152212.606527	129104.206500
1442807.862607	428483.375273	405374.975334
1776455.821534	56299.896960	33191.496999
1735184.308423	566445.883302	543337.483314
2071457.897740	-45667.703755	-68776.103734
1268245.456097	-458681.633205	-481790.033125
1050622.189447	248140.375896	225031.976152
1738690.685809	-472356.942357	-495465.342323
1302790.665144	231627.886410	208519.486525
1695167.627831	592668.473135	569560.073142
1280354.408068	-485489.548021	-508597.948001
1122978.954576	-335836.911400	-358945.311219
1717329.747352	589817.059745	566708.659622
1618650.646784	622656.328211	599547.928234
1245859.448079	-444193.918992	-467302.318936
1319312.382084	-190081.783970	-213190.183856
1902801.925619	517342.426238	494234.026219
1713190.398338	433046.663557	409938.263578
1752428.734944	52503.734039	29395.333997
1911610.809659	161978.005464	138869.605490
1545365.578814	176707.276592	153598.876656
2007560.079646	-368318.340699	-391426.740695
1677646.650042	-205169.031459	-228277.431436
1911504.058596	-214011.002804	-237119.402820
1464635.571785	459058.492814	435950.092844
1741363.380490	455702.699199	432594.255247
1467981.926073	499601.332605	476492.932637
1824981.129557	435618.935687	412510.535709
1142720.076198	394635.837121	371527.437269
1259334.024936	-394255.806693	-417364.206594
1880699.227609	586987.507885	563879.107888
2046342.757893	316692.563498	293584.163430
1812108.830161	-85964.739068	-109073.139030
1953076.533988	530995.311155	507886.911143
2148793.019571	76075.067681	52966.667693
1417602.522047	149279.223917	126170.823957
1235275.626596	424849.177607	401740.777709
2186532.583764	209432.785218	186324.385061
1431723.547930	295268.956428	272160.556503
1469933.916189	405933.709642	382825.309685
2034925.414596	-438916.078055	-462024.478044
1489574.952124	442684.955156	419576.555163
1292597.877233	526004.534073	502896.134127
1739705.605065	557665.092334	534556.691778
2119808.044195	-159302.726881	-182411.126865
1949427.542564	-464133.543511	-487241.943576
2150427.557971	353033.193400	329924.791833
1387959.840862	-473855.914631	-496964.314574
1160648.496469	-202667.359677	-225775.759501
1824505.905939	541795.023366	518686.623379
1392998.635036	-542454.311091	-565562.711025
2009114.852600	309847.188195	286738.788154
1771599.639616	-263462.752107	-286571.152077
2075283.061904	-364211.067061	-387319.467689
1578978.314012	254538.716947	231430.317002
2011705.230431	-84701.715228	-107810.115224
1347947.636794	175501.362564	152392.962651
1304507.736960	-495099.715284	-518208.115296
1070587.786822	-247556.926901	-270665.326702
1099278.426852	-76467.673259	-99576.073062
1522985.274345	-576289.057907	-599397.457932
2223271.337334	123913.933103	100805.532900
1129129.242881	245701.808776	222593.408966
1464734.298179	-542422.662513	-565531.062468
2236430.954140	-65241.722082	-88350.141028
1458186.986971	-554450.974532	-577559.374693
1047241.474231	119684.846037	96576.446136
1952689.693609	-163278.693731	-186387.093717
1410608.885259	-134825.856978	-157934.256961
1430458.510690	-250643.089428	-273751.489345
1065473.709935	-185892.773377	-209001.173432
1571208.848409	-311926.563847	-335034.963834
