43.888791	-1.189953	-1.283166
48.266617	-0.300284	-2.330716
42.667687	1.908950	1.722381
42.413729	0.820681	-0.285384
169.730834	-39.599492	-40.249802
41.440253	1.940866	2.045132
41.152308	5.052306	1.463703
44.154199	4.593670	4.151315
50.345197	0.835761	-1.130430
46.738002	-1.827995	-3.607777
44.294806	-4.685270	-4.151301
20.966672	15.872073	-8.056630
46.296737	-2.053042	-1.704518
50.415234	25.066686	25.633067
41.927923	0.882724	0.921013
42.971579	2.256086	0.656038
44.457602	3.172396	1.940131
47.799552	11.150388	9.681363
39.998499	7.951849	5.622003
-786.430572	5428.210448	5428.206663
45.759800	-2.522536	1.771986
44.554418	4.548703	3.513790
44.544750	4.875656	3.152241
49.599353	5.321454	4.213555
38.375968	5.833537	4.832851
37.480184	-16.704762	-17.878320
77.913450	36.538211	35.369256
51.471795	7.464039	8.915855
49.473027	13.382853	10.579363
78.451305	-11.641989	-15.134768
45.065470	-0.695030	-1.415661
44.672464	-0.711302	-0.455068
11.197336	149.721604	149.257353
54.817619	-7.776264	-7.757665
33.164084	-4.262286	4.228392
44.643773	-3.855692	-0.074627
32.980328	2.207880	1.172524
48.464574	-7.447335	-2.864060
44.601878	1.796004	0.381775
-11.910335	-15.608822	-16.162669
44.463224	-1.575143	-0.945776
52.752262	5.493045	6.667451
49.034363	-1.173095	-2.754299
39.300053	2.421396	1.935099
47.266834	-11.781595	-13.061335
73.064783	4.882659	3.258612
40.224456	1.594746	0.167977
51.535955	-3.436996	-3.859677
41.426446	-3.481646	-5.134263
52.790922	1.957303	-1.757370
51.981615	4.528062	1.914413
38.385448	0.072837	5.446914
41.263981	3.105269	2.364654
46.449853	6.616233	5.514605
42.274944	-11.673710	-12.175868
47.765342	-0.255033	-0.392107
37.822794	2.153597	1.550158
28.469491	-8.258871	19.135507
46.880761	2.022811	-0.150850
56.781377	0.849172	-1.222374
63.080353	19.931881	33.098183
40.918990	-3.323739	-2.007685
37.287182	-4.117012	-3.785161
51.792379	-6.954264	-7.640254
44.588404	-7.628586	-6.730103
49.810331	8.382095	6.586679
53.324226	6.858624	3.100253
20.796497	30.165722	29.121064
54.264693	-14.175723	36.860464
50.563601	0.794387	-2.487984
39.368542	-8.120971	-5.120271
44.413908	-20.322681	2.375324
73.537802	-139.409802	-121.841890
45.013212	-3.383201	-3.541721
44.876478	10.984225	9.233045
47.233539	4.984715	3.320120
43.102087	-5.261325	-5.319812
45.352153	5.540292	0.670469
45.236507	15.167548	9.337420
42.507251	9.496675	8.060871
29.470267	-6.825824	-7.601185
52.593294	4.649750	2.679516
80.894555	41.789036	40.343198
45.225878	-4.014327	-4.838047
59.912082	-13.285082	-17.175556
40.433736	-0.667486	-0.278271
51.092239	-4.101998	-4.441351
47.972273	-4.696345	-3.901059
44.854170	-7.344183	-5.278835
38.976481	2.248146	1.770635
65.182148	-12.164041	-13.670538
52.801914	1.994036	-0.673515
43.958254	-6.043767	-4.779361
51.190820	5.055182	4.124431
105.962665	-28.130694	-28.680337
35.043351	-1.346382	2.779916
37.472030	2.461524	0.863806
53.239101	-2.293554	-1.909441
45.282772	-2.770203	-1.668650
41.387297	1.200222	0.146229
124.067216	-22.174452	-23.219716
38.182174	-1.752104	-0.694926
73.056368	4.052430	3.300128
34.612499	8.284056	4.887503
39.700955	3.961661	4.568685
44.488318	-8.441533	-6.923951
39.637367	-0.136200	-0.349274
48.826649	-2.873067	-3.286858
17.321264	116.043022	96.951781
47.528455	8.673283	9.209695
-272.605981	-119.649480	244.205196
109.618344	4.399090	3.058297
42.914212	5.752688	3.679527
62.799364	28.572270	26.733714
37.878088	-1.660242	-0.369972
36.842349	-4.182994	-8.487902
49.206090	0.197782	-1.739833
40.350183	8.173077	5.392603
44.081423	-1.309341	-1.307292
42.506658	6.254228	3.873231
39.785305	13.785443	11.458844
59.171996	-6.951802	-7.459403
39.893378	-3.124770	-3.875042
39.318645	-6.911602	-3.989527
48.883918	-2.712117	-3.492461
50.749704	-1.286932	-2.605078
47.005118	-5.882108	-6.224459
43.283437	3.173098	1.425630
129.044158	-387.974431	-388.029383
47.736141	-4.927664	-5.723436
42.335806	8.676804	2.043771
49.606985	-5.118937	-5.334250
-155.656116	-119.399610	-119.833411
36.318890	1.896177	3.345630
21.106621	35.780983	8.824317
47.116310	1.338382	-0.027483
40.285492	15.781202	14.372449
62.113236	3.478564	3.953968
44.251220	-8.453634	-7.104369
38.605889	5.731833	4.545782
-1782.076418	2504.599176	2504.594991
49.107152	-2.017491	-2.379091
10.748182	-3.992693	-4.701721
52.298351	-3.469774	-4.086212
49.152162	3.843331	2.509182
28.082157	16.506516	16.471225
-181.114489	15.276984	-87.910166
-227.928336	-27.816385	-32.368609
47.296433	-0.176845	-0.491699
49.898040	-3.336826	-4.547455
45.032942	13.718843	10.707904
57.848756	16.548185	22.728090
25.178252	-7.349119	-7.095249
43.466844	-0.326530	0.533536
43.513932	-2.155059	0.065423
38.305732	-0.525454	1.626422
47.601113	1.877364	0.811396
41.551823	-7.870522	-5.708691
63.949571	11.886063	-13.262926
34.658266	-5.655695	-3.919599
51.257282	5.878685	-1.628406
57.481837	3.300757	1.673261
53.241699	-0.781551	-2.516628
47.119206	14.202788	12.687278
45.514468	-5.298707	-4.811195
51.461814	-1.838586	-2.192270
47.344324	-0.863577	-1.638887
49.276342	-23.345229	-21.749232
48.301907	-3.354661	-3.471401
94.465474	0.093675	-0.460723
51.389992	-3.205408	-3.781878
44.611020	1.493095	0.764061
44.340167	2.210361	1.466602
35.207695	-19.229146	-18.435779
188.839513	-209.686491	-225.415042
37.059797	3.372647	1.034200
42.645954	2.670960	1.723145
49.642690	4.030400	3.375745
39.259262	12.925008	11.106562
42.453594	-15.816851	-6.781765
49.217845	0.004643	2.129796
49.428703	8.351649	5.900789
51.408716	9.863776	4.171619
27.628080	18.552238	17.013874
30.776841	11.518231	10.326667
31.873069	1.740370	-4.053003
50.810654	-2.709984	-0.726956
7.646044	8.758468	8.105205
43.269917	1.159510	-0.505188
51.301306	-0.627601	-1.032631
28.513512	0.906952	0.654949
22.258797	0.962130	2.180048
42.990525	-2.221165	-2.554717
43.915024	-5.974970	-3.856476
232.672847	-98.566889	-100.869471
52.435950	12.986246	13.783520
52.261054	-5.768619	-7.325506
50.348084	5.100483	4.037160
44.705328	6.715191	3.649628
32.351525	1.694660	1.251798
46.395582	-1.870202	-1.445056
161.661099	-16.962822	-17.990666
41.465634	1.380393	-1.388370
34.006291	-1.748861	2.498068
-45.385588	70.178016	10.332538
-51.942449	61.413964	-0.227096
-49.588968	62.215960	-12.169040
-59.595339	67.021192	-2.071528
-57.660267	69.807222	-4.547787
-54.442245	65.099415	-2.590121
-54.955318	64.250429	-8.372041
-60.438229	70.207532	-4.747082
-56.064181	70.197925	-3.630736
-53.392556	73.098151	-3.320698
-55.822460	67.513794	-6.535576
-51.984983	66.234463	-1.794810
-83.245203	57.812711	-28.589569
-53.538405	65.168536	-4.745261
-57.113522	74.483980	-3.074930
-52.689576	58.837794	-7.772414
-47.594998	64.939597	-11.310524
-50.500328	67.230534	-10.910881
-42.036743	66.101362	0.081250
-56.835703	71.590502	-2.539044
-54.961730	68.434746	-3.213095
-55.707819	62.747288	-11.077203
-51.605916	68.210060	-8.104822
-47.409370	65.739125	-0.798674
-54.236195	66.285104	-2.730734
-56.136769	65.702328	-4.229716
-82.718334	57.218126	-40.723395
-54.735762	74.055446	-1.944216
-55.773574	63.912277	-42.528988
-54.571503	67.416949	-3.363423
-55.794359	68.132044	-3.449973
-29.636228	131.753846	-137.440428
-53.313823	66.074242	-2.176139
-47.628175	69.635742	-3.502859
-56.089845	74.863923	-2.118829
-54.562916	68.096458	-1.073200
-53.822270	64.118895	-12.106175
-55.004029	64.826060	-4.292368
-40.472029	66.785717	0.309133
-53.021772	60.327768	-8.990861
119.174457	382.200523	183.645004
-44.613543	58.865333	-18.168670
-49.650338	66.565269	-5.354861
-54.824717	66.639503	-1.128588
-53.156100	64.953940	-4.105506
-53.787665	64.958283	-4.325442
-45.212515	99.219281	31.164530
-52.619430	63.758002	-8.588636
-50.917288	67.930673	-4.645482
67.256612	-113.629855	-173.895965
-52.687883	62.547526	-9.075470
-78.502627	95.689988	-0.882743
-55.917499	70.774261	-2.199488
-38.554815	64.829596	-10.726442
-54.163079	61.415857	-13.742876
-57.157302	66.642861	-11.065048
-54.797352	66.109717	-1.139700
-53.418394	55.139233	-7.424061
-57.335125	65.797367	-9.458656
-53.609717	65.791493	2.860714
-51.609373	67.928028	-1.719770
-58.850057	69.918526	-3.404578
-52.667373	62.329612	-6.068646
-54.576071	64.726207	-4.178500
-62.570868	69.894851	-41.566419
-57.340784	64.725102	-6.191517
-54.290277	63.401209	-3.670484
-45.587257	63.868184	-0.778807
-54.078456	66.274631	-5.228854
-52.627813	62.994854	-10.815785
-53.879691	60.111925	-27.183675
-56.115361	72.914635	-2.164761
-51.507957	58.268071	-8.766062
-54.873373	71.628991	-3.300297
-53.057434	63.346239	-6.237781
-54.367232	66.789758	-1.329454
-57.226234	70.576420	-2.468431
-53.308049	61.826356	-7.597796
-0.697904	44.023610	-16.678234
-53.800917	68.208637	-2.612853
-48.493230	70.145813	-4.259521
-52.108122	62.027074	-7.124167
-51.620908	66.911860	-2.702987
-54.193047	66.179113	-3.738713
-58.478272	68.899838	-1.824935
-65.768443	67.450260	-5.145986
-50.802251	61.035373	-6.523997
-49.846155	70.823555	-0.487163
-56.612742	69.794866	-4.677621
-43.104302	63.526707	-10.546974
-54.349436	65.595139	-3.287449
-52.417188	64.069279	-10.017949
-54.224103	65.084378	-5.196056
-98.790290	70.154710	-116.539539
-62.414329	63.573850	-13.665161
-54.470226	70.600703	-1.906132
-48.999060	67.237907	-7.350126
-53.120108	60.371658	-11.183581
-53.788898	66.605992	-2.120966
-42.114825	67.358718	-1.470753
-53.930206	65.251209	-4.404096
-30.672578	114.069760	18.493256
-55.026456	71.038376	-2.584310
-53.750887	65.585700	-3.618887
-56.418263	81.623362	-8.184162
-49.368458	61.340954	-8.295154
-51.382459	69.576435	-3.513495
-53.106094	67.557830	-2.963586
-54.708500	68.993777	-0.870666
-50.802001	67.750620	-1.878800
-48.942823	67.770485	-5.319232
-51.433469	59.082905	-9.127356
-45.925461	63.254809	-6.003245
-55.278752	70.620669	-3.062889
-57.336888	71.103096	-4.587541
-55.574065	73.485322	-3.636315
-52.753886	73.737511	-0.524945
-57.028488	65.090553	-3.503744
-40.872213	49.316470	-17.097447
-52.140133	63.020097	-11.700356
-55.853833	70.991830	-2.077402
-51.637790	60.598845	-11.773198
-57.740415	71.694653	-4.216571
-52.152365	72.413232	-6.604291
-53.248169	62.166322	-9.202414
-55.894861	68.665333	-2.127493
-60.198680	76.581726	-5.827722
-54.590520	63.507916	-12.142580
-53.878215	67.382149	-2.289269
-62.759686	66.112762	-7.937282
-54.133376	68.861967	-3.720879
-61.573513	72.135018	0.455855
-48.409897	63.284535	-11.435478
-92.837705	118.808257	-225.955307
-53.284135	60.345335	-9.214489
-50.637494	62.285119	-1.448015
-54.335171	48.323633	-10.211878
-54.686336	78.626110	-8.172932
-54.307177	64.515956	-9.012338
-51.388880	76.639940	-1.224070
-55.717643	69.201884	-2.674880
-54.281294	62.167951	-12.297352
-52.806699	60.764322	-5.044357
-76.987918	47.257467	-21.905537
-49.687530	62.337885	-12.066450
-47.856555	42.481402	-26.814562
-52.283710	67.907156	-1.736780
-58.286296	69.634148	-0.846006
46.396800	35.501640	-3.480612
-56.190375	66.572823	-8.987950
-52.382531	62.722823	-6.041639
-50.086630	69.035123	-10.948345
-50.333634	47.456227	-26.954258
-50.675593	68.435113	0.601113
-51.335958	68.400627	-0.935884
-54.951461	66.696310	-6.080614
-51.891193	66.211780	-8.533913
-56.714277	72.982214	-3.028944
-57.263034	69.416139	-4.039036
-53.192248	64.712592	-2.713281
-54.545104	64.652070	-11.261417
-53.761350	72.727496	-0.350064
-58.327326	70.793238	-3.900606
-52.027743	62.192914	-7.826049
-56.486797	68.897174	-3.894097
-53.239362	24.553859	6.648314
-55.981566	71.516252	-2.587730
-52.941816	66.591819	-1.539051
253.454532	247.645051	-2557.412933
-49.755111	67.812375	-2.374409
-55.486087	62.475164	2.122743
-72.468946	59.131321	-9.559939
-52.380645	62.698471	-12.105606
-50.768079	59.643886	-7.730985
-54.127156	66.585314	-3.889597
-55.863227	65.664563	-7.488485
-54.233486	67.518886	0.016595
-53.535699	73.690325	-1.321622
-55.842189	64.211822	-5.551595
-54.051105	66.081398	-3.280542
-51.768776	75.937422	3.827617
-55.569952	66.432218	-2.841662
-56.083705	68.320435	-5.030036
-56.347509	70.735437	-3.460469
-53.281036	69.976065	-0.894120
-53.661178	62.282114	-9.037428
-52.271146	62.819634	-5.074998
-55.888870	67.649746	-8.144343
-50.294098	61.442652	-5.943000
-52.500922	64.756385	6.683051
-48.416456	60.100820	-7.210745
-53.191801	64.898021	-5.130840
-53.853301	67.829282	-4.108218
-44.675988	68.905206	1.649980
-57.371838	65.725210	-1.591950
-47.206356	65.134121	-10.215554
-57.827162	70.199479	-8.530521
-36.719218	74.441027	-21.853048
-56.256668	72.185813	-4.113872
-50.591149	68.950109	-0.865967
-53.557854	65.736715	-2.969158
-51.828201	68.495272	-4.255469
-54.270472	64.243576	-3.850199
-55.158320	72.384429	-1.875558
