0.002593	0.003897	0.003891
-0.033398	-0.017839	-0.017848
-0.000358	-0.000336	-0.000355
0.001236	0.000555	0.000541
-0.001933	0.000029	0.000014
0.006274	0.000419	0.000410
0.000365	0.000532	0.000495
0.000154	0.000077	0.000004
0.125131	-0.102791	-0.102839
0.018709	-0.010118	-0.010126
0.000382	0.001010	0.000997
-0.001166	-0.001929	-0.001959
0.000919	0.001431	0.001414
0.003854	-0.000180	-0.000207
-0.002824	-0.000747	-0.000848
0.000501	0.004620	0.004615
0.003670	-0.000334	-0.000340
-0.000708	0.000268	0.000236
0.001019	-0.000954	-0.000967
0.000820	-0.000931	-0.000955
-0.031283	-0.001020	-0.001071
0.002442	-0.004659	-0.004665
0.001553	-0.084261	-0.084376
-0.010488	-0.000176	-0.000184
0.000498	-0.001896	-0.001904
0.000045	0.000451	0.000441
0.001178	0.000188	0.000162
0.001345	0.002129	0.002059
0.001003	0.000557	0.000546
0.003930	-0.000504	-0.000510
-0.002651	0.002904	0.002895
-0.015798	0.014830	0.014824
0.001255	-0.000147	-0.000169
-0.000750	0.001577	0.001570
0.001350	0.000122	0.000112
0.001116	0.000307	0.000297
0.002844	-0.002430	-0.002442
-0.000803	0.000002	-0.000009
-0.000936	-0.003629	-0.003636
-0.001359	-0.000738	-0.000744
0.004166	-0.004032	-0.004041
0.000162	-0.002935	-0.002947
0.001116	-0.000081	-0.000091
-0.000659	0.000274	0.000264
0.000994	-0.000655	-0.000666
-0.000998	-0.001931	-0.001942
0.000818	0.000581	0.000574
-0.010324	-0.004203	-0.004270
0.001012	0.000688	0.000598
0.000917	0.000020	0.000009
0.000127	0.000109	0.000065
0.011676	-0.003402	-0.003410
0.001030	0.004958	0.004930
-0.000221	-0.000431	-0.000445
0.002787	0.001076	0.001063
0.002869	0.147639	0.147610
0.000307	0.000359	0.000331
0.001446	-0.004880	-0.004894
0.015408	-0.004985	-0.005081
0.007823	-0.001191	-0.001197
-0.002197	0.000247	0.000240
0.001044	0.004049	0.004037
-0.000620	0.002466	0.002448
-0.004568	0.000643	0.000637
-0.000154	-0.001860	-0.001876
0.001544	0.002035	0.002028
-0.000527	-0.007140	-0.007182
-0.006187	0.005307	0.005301
-0.019086	-0.014643	-0.014682
0.000085	0.001542	0.001513
0.022156	-0.005132	-0.005238
-0.000726	-0.002747	-0.002756
-0.000210	0.001821	0.001814
0.009944	-0.004050	-0.004055
-0.011966	0.008116	0.008101
0.010968	0.013934	0.013928
-0.001342	0.002044	0.001976
-0.000436	0.000984	0.000940
0.001750	-0.002060	-0.002098
0.002624	-0.000428	-0.000434
0.001468	-0.001542	-0.001575
-0.138659	0.115682	0.115634
-0.002477	-0.008820	-0.008830
0.000382	-0.000599	-0.000614
0.001879	-0.002343	-0.002349
-0.001970	0.003387	0.003377
-0.001074	-0.004716	-0.004723
0.011931	-0.003884	-0.003923
0.011371	0.004897	0.004854
0.035059	0.022113	0.022105
0.004071	0.000226	0.000220
-0.001838	0.014617	0.014608
-0.004246	-0.001409	-0.001416
0.000048	0.000317	0.000247
-0.003481	0.001463	0.001421
-0.000771	-0.000437	-0.000454
-0.005240	0.005741	0.005625
0.005341	0.003452	0.003439
0.002264	0.006414	0.006409
0.005470	-0.000084	-0.000090
0.013354	0.006865	0.006860
0.007690	-0.002399	-0.002405
0.027653	-0.030718	-0.030724
0.004035	0.000763	0.000758
0.008816	-0.012615	-0.012635
-0.000373	0.000576	0.000567
-0.002165	-0.002463	-0.002479
-0.001146	0.000235	0.000227
-0.003365	-0.007866	-0.007879
0.000247	-0.000014	-0.000026
0.002352	0.000555	0.000549
-0.003863	0.002244	0.002229
0.013576	-0.089076	-0.089082
-0.001217	-0.000783	-0.000793
-0.001903	-0.001952	-0.002018
-0.000780	0.001221	0.001205
0.003390	0.000497	0.000490
0.003496	0.000157	0.000098
0.001408	0.003963	0.003957
-0.000805	-0.001979	-0.001984
-0.000025	-0.000537	-0.000546
-0.002819	0.001442	0.001422
0.004849	-0.017423	-0.017429
-0.001200	0.002395	0.002389
0.002112	-0.002219	-0.002226
0.001999	0.002503	0.002495
0.000807	0.000160	0.000147
-0.006378	0.003037	0.003024
0.017550	-0.014989	-0.015034
0.002644	-0.001816	-0.001827
-0.001639	0.001159	0.001141
-0.001385	0.005586	0.005574
-0.001349	0.001358	0.001285
-0.013326	-0.003049	-0.003054
-0.000255	-0.000535	-0.000542
0.002151	0.007154	0.007145
0.000379	-0.000608	-0.000651
-0.018449	0.000372	0.000364
0.017497	0.018636	0.018599
-0.001749	0.000264	0.000215
0.000577	0.002062	0.002000
0.016441	0.000043	-0.000019
0.002172	-0.000539	-0.000545
0.002869	0.006635	0.006626
0.003109	0.000790	0.000782
0.007186	0.003695	0.003688
-0.001473	0.002683	0.002677
0.005684	-0.002243	-0.002249
0.000537	-0.000649	-0.000684
0.001110	0.000422	0.000414
0.004324	0.000212	0.000197
0.000403	-0.001561	-0.001586
-0.019339	0.068022	0.068016
-0.003043	0.003862	0.003749
-0.002567	0.005179	0.005171
0.002016	0.001842	0.001763
-0.000723	-0.000110	-0.000121
-0.046102	0.079645	0.079529
0.000186	-0.000524	-0.000547
-0.003061	-0.000608	-0.000698
0.000787	-0.001138	-0.001152
0.083923	0.094698	0.094690
-0.009714	0.013011	0.012991
0.001168	0.000724	0.000700
-0.002291	0.004217	0.004210
-0.001132	-0.002450	-0.002482
-0.001310	-0.001412	-0.001430
0.003227	-0.000875	-0.000913
0.000426	-0.002436	-0.002444
-0.001549	0.001421	0.001412
-0.007512	0.007537	0.007531
-0.002967	0.001761	0.001689
0.011158	-0.013276	-0.013281
0.003463	0.005016	0.005010
0.010865	-0.005500	-0.005515
-0.000983	-0.000435	-0.000452
-0.000796	-0.002053	-0.002062
0.000863	-0.006842	-0.006850
0.000382	0.000361	0.000322
-0.001909	-0.146056	-0.146085
0.000941	0.000393	0.000368
0.000495	0.000960	0.000952
0.003551	-0.001208	-0.001215
0.000685	-0.000181	-0.000236
-0.003643	-0.001843	-0.001874
0.008208	-0.006797	-0.006806
0.004670	0.002481	0.002476
0.000749	0.000894	0.000856
0.000086	0.000354	0.000342
0.001674	0.000265	0.000237
0.025184	-0.010871	-0.010877
0.001501	0.000244	0.000238
-0.000688	0.001982	0.001976
-0.000888	-0.001388	-0.001482
-0.003520	0.000492	0.000485
-0.001553	0.002957	0.002864
0.008772	-0.000294	-0.000299
-0.000538	-0.002095	-0.002112
-0.003130	0.002902	0.002794
-0.085458	-0.093273	-0.093281
-0.000193	-0.000847	-0.000853
-0.023955	0.033433	0.033426
-0.008653	-0.000728	-0.000737
-0.007616	0.001502	0.001489
-83.992030	84.005577	0.005680
-83.999092	83.993477	-0.006518
-84.002404	84.002907	0.002912
-84.002339	84.000249	0.000283
-84.006669	83.993610	-0.006381
-83.998063	84.000924	0.000934
-84.000450	83.999727	-0.000259
-84.002379	84.001957	0.001972
-83.999907	83.997410	-0.002515
-84.111075	84.156233	0.156233
-84.002049	84.000067	0.000073
-83.996801	83.999096	-0.000898
-84.021026	84.022651	0.022746
-84.000738	84.000523	0.000530
-83.994564	84.005745	0.005754
-84.004664	83.998473	-0.001473
-83.997593	83.999148	-0.000845
-83.999160	83.998960	-0.001021
-83.991729	84.001305	0.001313
-84.004643	83.994161	-0.005832
-84.004319	84.003705	0.003711
-84.001879	83.997553	-0.002389
-84.009910	83.988043	-0.011952
-84.000866	83.998470	-0.001517
-83.999892	83.999655	-0.000310
-84.006489	83.997204	-0.002783
-83.999803	83.999930	-0.000048
-84.003456	84.003057	0.003085
-84.001561	83.998352	-0.001641
-83.997019	84.002389	0.002397
-84.002884	84.000771	0.000786
-83.999658	83.998803	-0.001186
-84.010176	83.993722	-0.006250
-83.997155	84.002942	0.002981
-84.001947	83.997242	-0.002738
-84.003043	84.000764	0.000770
-84.000957	83.999070	-0.000891
-84.000923	83.998664	-0.001291
-83.995352	83.998428	-0.001567
-84.004620	83.999965	-0.000026
-83.996683	83.998118	-0.001873
-83.988869	83.988920	-0.011073
-83.761277	84.002734	0.002772
-83.999835	84.002815	0.002901
-84.007901	84.000656	0.000694
-84.004717	84.001157	0.001162
-84.001646	83.998138	-0.001790
-84.001434	83.999501	-0.000492
-84.004035	84.002268	0.002274
-83.991419	83.999997	-0.000000
-84.002614	83.997697	-0.002298
-83.998980	84.000772	0.000779
-84.000517	83.998221	-0.001740
-84.000646	83.993992	-0.006000
-83.998195	83.998557	-0.001419
-83.993259	83.983650	-0.016246
-83.999767	83.999179	-0.000809
-83.997365	84.004374	0.004381
-83.998137	84.000288	0.000335
-84.002830	84.000489	0.000494
-84.003649	84.000577	0.000583
-84.018064	84.005974	0.005979
-84.000948	84.000122	0.000130
-83.996310	84.004879	0.004988
-83.998439	83.996538	-0.003434
-84.022412	84.012491	0.012497
-83.995653	84.002679	0.002694
-83.998745	83.997860	-0.002133
-84.000665	83.999975	0.000009
-83.998858	83.998442	-0.001527
-83.987394	84.020515	0.020521
-84.009277	83.998540	-0.001457
-84.001053	84.001273	0.001322
-84.002284	84.001587	0.001598
-84.003129	84.000307	0.000313
-83.997082	83.998627	-0.001368
-84.005103	83.999182	-0.000760
-83.995143	83.999167	-0.000826
-83.999084	83.998738	-0.001253
-83.998579	83.999772	-0.000214
-83.997564	84.002489	0.002499
-84.000416	84.001765	0.001775
-83.997037	83.998564	-0.001407
-83.998665	83.998482	-0.001512
-83.999712	84.000481	0.000517
-84.003912	84.001995	0.002025
-83.999917	83.999901	-0.000088
-84.003001	84.002028	0.002034
-84.013169	84.030874	0.030916
-84.006617	84.007963	0.007963
-83.999217	83.999911	-0.000081
-83.998413	83.995849	-0.004141
-83.998156	84.001500	0.001507
-84.002354	84.000376	0.000466
-83.996183	83.998904	-0.001091
-83.998551	83.998115	-0.001823
-84.008472	84.001639	0.001699
-83.997051	84.002301	0.002374
-84.004564	83.994933	-0.005062
-84.003031	84.001892	0.001897
-84.000246	83.999739	-0.000254
-83.994642	84.002632	0.002637
-84.002560	83.999383	-0.000576
-84.001335	83.998627	-0.001341
-84.004158	83.999015	-0.000979
-83.999546	84.000478	0.000491
-84.009136	84.007400	0.007405
-84.000384	83.999348	-0.000635
-84.001772	83.999303	-0.000692
-84.000979	83.997095	-0.002899
-84.004668	84.006840	0.006840
-83.998040	84.000609	0.000616
-84.000320	84.000467	0.000475
-84.002534	83.999870	-0.000123
-84.001096	83.999970	-0.000024
-83.997575	84.000686	0.000710
-84.000434	83.997586	-0.002388
-83.998807	83.997607	-0.002385
-84.004002	84.001856	0.001861
-84.000314	84.001180	0.001185
-83.998112	83.999740	-0.000252
-84.011656	83.998925	-0.001072
-83.903240	83.843517	-0.156946
-84.010817	84.003991	0.003994
-84.003729	84.000991	0.000995
-83.999667	83.999767	-0.000219
-83.999723	84.000740	0.000754
-83.996658	84.000175	0.000185
-84.000628	83.996881	-0.003112
-83.999437	84.000045	0.000052
-84.002891	84.001722	0.001753
-84.024142	84.005808	0.005808
-84.001370	83.999244	-0.000730
-83.998073	84.003371	0.003378
-83.992416	84.002684	0.002692
-83.998318	83.994754	-0.005210
-83.990319	83.991435	-0.008575
-84.000228	84.000816	0.000835
-83.996328	84.002716	0.002723
-83.973552	83.972644	-0.027350
-84.440818	83.579097	-0.420961
-84.243829	84.213802	0.213813
-84.001570	84.000176	0.000193
-84.005346	83.998999	-0.000912
-83.995415	84.010648	0.010650
-83.999895	83.999746	-0.000235
-83.999003	83.999429	-0.000564
-84.008873	84.006659	0.006724
-84.000109	83.999054	-0.000928
-84.013221	84.000425	0.000428
-83.537467	84.413486	0.411196
-84.013381	83.996862	-0.003137
-84.003513	83.994424	-0.005508
-84.002098	83.998589	-0.001406
-83.996604	83.995662	-0.004324
-84.001123	83.998123	-0.001862
-84.002358	84.000092	0.000097
-84.000279	84.000847	0.000852
-83.999451	84.001827	0.001838
-84.231225	84.008597	0.008201
-83.997927	83.998675	-0.001315
-83.999447	83.999617	-0.000374
-83.999728	84.001475	0.001490
-83.999738	84.000714	0.000723
-84.000831	84.001429	0.001438
-83.992860	84.002493	0.002553
-83.999077	83.997687	-0.002308
-84.007706	84.000771	0.000796
-84.002965	83.995796	-0.004102
-83.998265	83.999745	-0.000249
-83.995543	84.002813	0.002825
-83.998589	83.986842	-0.013065
-83.996079	84.000270	0.000281
-83.996286	84.001017	0.001120
-84.002566	83.998357	-0.001638
-83.999394	83.998546	-0.001443
-83.751087	83.790535	-0.210359
-83.994503	84.009820	0.009840
-83.998906	83.996217	-0.003779
-84.004464	84.000635	0.000639
-83.999193	83.999870	-0.000114
-84.004401	84.003264	0.003267
-83.985064	83.997113	-0.002826
-84.000678	83.999287	-0.000698
-83.982036	83.979767	-0.020250
-83.973481	84.011910	0.011896
-84.001121	84.002358	0.002378
-83.999050	84.000338	0.000345
-84.000855	84.001747	0.001753
-83.997853	84.000387	0.000398
-84.004407	83.996933	-0.003031
-83.999910	83.998451	-0.001531
-84.002219	84.003082	0.003085
-84.004735	84.003996	0.004077
-83.999089	83.999318	-0.000600
-84.002537	84.002563	0.002565
-84.001460	84.000012	0.000034
-83.997457	83.998887	-0.001060
-84.000077	83.999876	-0.000114
-84.001370	83.990589	-0.009413
-84.012727	83.979413	-0.020603
-83.999607	84.000598	0.000615
-83.984562	84.000764	0.000875
-84.000070	84.000509	0.000518
