716.981876	-39.826685	-34.503898
699.588431	-12.965069	-2.031865
680.223740	44.537274	13.742635
665.676501	-28.753677	-26.167679
2581.817700	-611.230162	-621.636048
624.399791	32.622784	7.587590
621.274483	86.943943	43.504116
670.755521	65.968222	91.244057
782.492616	-2.850291	-36.759190
669.187078	-37.965504	-28.369733
686.243459	-69.449220	-83.174263
255.836571	296.456034	-108.681494
761.374431	5.127058	-21.016486
795.692350	381.921566	390.255970
714.383679	4.341436	2.773901
665.533589	31.419358	41.422507
641.467969	23.230264	18.742663
735.654944	126.056122	96.838285
569.354666	118.198311	78.493981
-11933.167238	82401.729044	82401.671464
654.669713	-30.495174	-11.722418
693.646924	53.646285	34.649090
694.600357	52.796950	35.967986
673.325161	109.042144	48.323794
581.168156	102.137197	80.826423
545.247664	-277.559265	-295.385585
1179.328368	602.323091	582.785573
771.382636	140.931584	139.772505
741.997247	210.883219	161.547658
1261.212384	-178.421909	-240.108529
694.941109	-12.204063	-3.057508
696.549727	-38.301993	-26.851771
146.175481	2321.057604	2313.435287
770.980888	-107.481044	-107.620273
479.176926	-47.270928	40.790338
699.979602	-19.434391	-29.191919
491.971608	8.643021	21.378525
789.515364	-151.210202	-82.019616
580.083729	33.077360	-158.751961
-197.690392	-222.001042	-232.068944
688.419589	-88.760610	-77.940904
770.308275	76.262212	71.794077
739.953754	-80.557703	-76.834655
593.413371	19.625274	17.144513
746.108030	-161.383589	-180.411010
1106.640390	42.557229	30.896203
569.767011	-27.060704	-13.493884
724.414304	-49.514088	-53.261493
662.269342	-55.432087	-49.884001
805.995750	17.273100	-46.383405
798.347538	129.786990	57.875785
609.559127	5.277463	24.050653
561.878376	63.495552	58.765587
733.612069	112.695254	99.598704
602.014763	-156.519701	-165.505133
661.004829	-23.138806	-8.029802
556.176651	40.010061	29.120295
357.699975	-162.065390	335.915761
684.965468	-67.446984	-34.795438
827.757581	3.636503	-42.919427
970.241189	333.266617	553.186517
653.745969	-9.480242	-6.165914
597.128042	-76.115035	-61.173495
755.632525	-52.899151	-67.223713
663.081976	-111.972934	-85.021720
740.202264	156.668664	112.519409
761.513670	63.958295	55.935686
325.825687	496.379310	477.257247
861.245013	-255.801190	741.138689
722.388407	-52.947630	-74.124396
586.603055	-125.192291	-60.489549
663.001400	-340.380363	29.848226
1146.740118	-2348.321390	-2057.553741
676.637701	-87.108464	-76.066129
706.980905	154.449914	118.460547
745.610492	97.759003	5.968660
684.201809	-85.365713	-70.449073
690.218628	61.403820	8.881606
688.831273	303.086894	209.419860
620.062951	176.708388	139.352776
460.795958	-120.549164	-132.052085
774.068501	111.155587	36.650311
1251.318621	686.985808	664.473500
676.702773	-91.443210	-74.295986
951.230248	-229.760734	-299.148473
596.246688	26.045422	21.000890
759.529734	-45.249297	-46.230933
726.320631	-73.729021	-61.251731
676.671235	-109.756230	-89.757310
626.689550	31.143343	10.695519
1000.999364	-177.628406	-203.370215
800.339551	52.509200	-12.553909
695.535636	-84.197323	-72.238576
765.751680	96.967259	65.819438
1591.653544	-417.463724	-426.405420
528.273486	-22.461144	46.157561
539.412085	40.747305	41.566881
769.226169	13.397318	-18.805031
661.896233	-17.740575	-6.614997
655.348963	38.423761	0.412440
1873.393932	-353.556067	-370.381247
600.659554	20.183277	15.110575
1082.663991	95.372007	73.544361
494.717907	150.081937	87.468764
647.449550	59.516994	41.090892
660.157315	-70.579942	-100.944130
645.963962	-3.765052	5.044675
727.924499	-65.545377	-81.212211
220.865086	1890.516562	1576.609500
733.565939	164.360216	176.891250
-4464.324682	-1952.466230	3933.362799
1628.749563	63.286280	41.774761
649.582334	8.707043	12.253932
942.172848	478.341145	447.446684
619.857851	9.702171	7.178829
534.695223	-100.775266	-138.855892
758.672492	-2.154265	-19.706226
622.574279	130.018365	75.327796
723.373257	-15.423369	-10.147412
622.514759	87.966704	46.018641
605.996105	271.280574	233.778325
883.145288	-59.165603	-68.555946
621.050834	-86.997862	-69.235708
592.923852	-110.826869	-66.596954
728.085268	-72.231898	-58.696867
711.347355	-15.683343	-7.709824
672.765100	-83.205077	-68.793185
613.344658	102.230661	49.784937
1950.157838	-5940.298801	-5941.155796
755.533645	-92.664808	-102.070953
621.895170	129.193563	50.919273
760.344321	-92.390899	-99.384395
-2374.690961	-1859.456817	-1866.205773
576.655379	47.169132	38.255900
221.875923	631.059330	149.057616
710.890165	-22.094404	-14.139227
629.325792	266.516267	246.636091
934.249202	85.090644	87.568727
675.141877	-92.080548	-75.426047
568.406062	109.641489	100.028516
-27042.914863	38021.132456	38021.068686
695.579857	-7.000302	-4.380722
166.176639	-58.365445	-71.297218
719.425586	-39.151344	-52.508974
703.656693	81.339988	64.607336
406.000286	253.539032	242.154838
-3127.426190	281.954601	-1448.345193
-3564.978423	-436.935297	-507.120913
700.220849	17.301935	6.769716
761.680442	-47.448681	-51.621817
695.855872	263.044523	213.156254
937.317459	335.103950	440.860160
317.223417	-135.050932	-144.798797
696.058905	-48.669463	-38.180363
668.501850	-24.185146	-8.008164
597.261262	26.097561	20.506177
722.600137	7.441825	11.477953
586.419511	-126.511919	-62.014024
1027.592159	196.428552	-252.197114
546.777748	-104.679608	-74.514682
853.696962	142.366396	-43.149078
861.708892	83.749206	62.252078
870.071170	-31.818462	-59.557095
684.111011	229.759678	211.869267
681.095457	-47.523069	-36.705038
736.450942	10.477017	-21.345340
708.114911	-15.162902	-15.799943
747.613957	-391.553479	-373.482508
703.658802	10.689678	10.120298
1432.428445	38.213212	29.061975
795.615392	-83.315221	-78.805902
630.364582	-39.076242	-11.391047
642.938148	38.806165	23.148380
475.993954	-308.862655	-297.062792
2901.430202	-3297.664263	-3543.189712
574.368666	22.352188	37.663733
727.648804	73.709831	69.918881
783.065472	78.255074	51.639550
598.944987	189.888498	158.378368
622.899459	-251.616325	-106.880434
706.369246	-2.152755	-1.656529
735.674550	155.992762	106.867890
738.834166	157.212338	89.926805
424.221742	245.760544	229.090985
462.438514	162.470705	139.638179
440.615736	-2.813525	-63.719592
811.166244	-36.219232	-48.838492
106.704338	166.952967	154.741544
662.274648	46.603002	32.675169
812.347198	-48.086498	-45.054820
468.650682	32.640079	28.262797
335.348176	7.010583	24.398068
660.623728	4.242762	4.597842
688.742997	-70.605399	-67.680432
3550.799268	-1530.163141	-1565.810403
771.460128	214.227873	234.149968
745.270634	-83.645443	-81.600643
795.724904	93.307146	41.985065
677.637055	150.665868	65.613501
498.275261	59.175851	54.677741
752.676412	-2.053323	-7.988809
2471.677690	-238.669262	-254.735824
605.964907	-9.153944	-62.747187
528.307384	-46.182907	32.668845
-806.473522	1095.123754	154.194737
-938.032982	958.945012	-20.293012
-969.941896	1038.376725	-203.858504
-960.256172	1028.511239	-71.764788
-983.307967	1057.072370	-56.313069
-877.656052	990.573791	-46.538264
-963.690709	1014.727328	-110.721379
-953.354441	1020.602392	-68.249895
-970.581085	1043.617506	-54.429852
-987.395905	1078.389782	-61.798564
-967.764950	1031.923409	-50.646735
-970.948468	1032.096220	-85.144441
-1394.772154	847.955591	-451.753054
-944.065450	1015.149591	-43.771336
-978.642318	1137.488320	-37.004092
-930.292473	912.364981	-156.180289
-882.534371	965.299483	-209.741742
-940.573940	1020.584157	-164.318350
-833.132695	985.256363	-38.075579
-1010.164683	1113.281846	-69.715380
-990.402367	1060.750500	-55.539082
-946.242719	955.297548	-149.881374
-970.880288	1019.526290	-69.658706
-842.830714	1022.711934	-12.882283
-895.988502	962.394196	-48.914687
-962.605795	1049.175855	-53.346233
-1404.894194	863.171508	-614.112797
-1008.411983	1140.460609	-49.960219
-982.293309	953.098265	-844.505719
-961.537053	1012.798611	-64.633980
-1003.195028	1070.673378	-46.103627
-537.689384	2012.499613	-2164.750303
-965.313843	1046.455434	-51.334006
-879.607610	1044.915167	-55.400191
-993.637082	1150.526217	-53.775176
-1012.645728	1075.106499	-49.561312
-931.596483	957.854689	-212.830623
-970.990108	1086.756004	-41.942280
-767.739028	1044.631165	38.323577
-935.107111	930.891547	-183.899793
1693.329277	5844.578428	2815.825942
-813.724592	870.325399	-304.996143
-901.022485	974.931558	-35.146383
-997.942972	1069.304983	-71.469193
-976.401695	1041.997634	-59.044379
-971.520659	1039.775596	-53.723210
-815.290727	1515.155431	501.893732
-983.433005	954.259771	-137.685228
-969.675177	1030.882616	-69.443415
903.740092	-1714.115738	-2613.827955
-966.266963	945.649609	-121.396782
-1339.663132	1418.431506	-38.187400
-962.733792	1094.757802	-66.467513
-748.585131	991.935642	-129.197155
-962.571029	934.518344	-234.917863
-994.368535	1018.820678	-171.773425
-990.809337	1014.042121	-56.294609
-908.087571	909.060275	-77.700778
-996.056641	1024.032019	-180.307057
-1024.193019	1024.469862	113.169872
-877.565722	1014.873964	-32.611843
-995.192393	1076.360696	-58.611206
-943.764812	1045.724100	-68.737555
-974.988846	1040.402276	-56.225702
-1066.194868	1021.489993	-666.487563
-1013.738194	1020.767680	-100.384431
-956.722976	1084.653365	-66.885737
-904.488972	1011.497623	-16.245263
-959.049754	1059.028615	-55.291254
-958.451425	955.453317	-155.588793
-957.379535	883.270227	-429.406183
-974.627831	1022.910483	-59.654364
-952.334717	920.655368	-138.290174
-1013.525552	1078.272359	-57.047699
-981.523183	951.012885	-141.034471
-980.678369	1043.679659	-47.267250
-1005.979551	1048.051431	-71.732837
-981.389743	960.064080	-146.669099
-167.355771	667.060495	-233.903857
-981.210460	1067.217772	-49.557218
-915.821285	1029.993312	-72.944286
-984.389835	968.815085	-128.349118
-968.060027	1046.943090	-55.024298
-981.200117	993.889571	-31.849081
-970.381364	1076.150029	-54.650195
-1114.206918	1023.012758	-41.983240
-960.850772	1016.106180	-63.126730
-915.845742	1012.586204	3.147963
-968.938041	1053.209009	-43.482658
-754.523897	956.245774	-179.947173
-942.767635	1031.963992	-58.320893
-954.707520	965.381868	-152.944735
-974.645531	1026.916684	-62.390355
-1726.552384	1070.920785	-1974.948697
-1097.567073	932.375358	-221.329304
-972.295268	1049.962482	-44.759409
-972.314117	982.339095	-80.564319
-926.522831	908.613146	-193.689363
-983.633261	1048.535098	-54.813656
-813.476117	1008.106995	-23.811568
-1014.466083	1063.694244	-58.944685
-609.388299	1769.607776	314.515592
-963.249820	1051.744499	-52.378404
-961.210453	1030.106993	-58.997302
-979.721816	1218.367587	-88.796243
-932.583758	945.539615	-156.453039
-909.295307	1026.344028	-52.951880
-966.529655	1027.406990	-81.172544
-980.044341	1075.351950	-53.327989
-994.732009	1013.373785	-80.812507
-932.854590	1043.750115	-55.217881
-904.155251	888.842274	-157.428075
-920.124160	992.647290	-55.986764
-976.693432	1051.064806	-50.387419
-978.595086	1046.481797	-57.525336
-1001.565563	1100.363738	-71.771069
-973.577800	1149.824118	-60.397911
-971.161272	1042.318538	-50.291614
-753.827641	746.386668	-252.479634
-955.821784	953.476185	-152.402735
-1007.830393	1079.468060	-64.386644
-924.880849	939.071333	-158.737106
-969.960125	1052.570279	-43.779926
-921.749347	1090.936082	-75.160815
-978.361794	959.529414	-152.604934
-981.727286	1070.914738	-46.708193
-998.186268	1113.543219	-66.681277
-913.998054	907.220203	-175.047259
-970.213314	1037.620315	-61.826863
-1023.563915	973.529234	-104.189419
-992.240941	1014.042519	-54.429137
-959.297724	1046.139897	-56.060545
-915.015267	935.451975	-162.958042
-1526.744321	1798.863910	-3458.835640
-958.672881	961.428841	-155.742411
-937.264963	941.619583	-84.168370
-950.137476	744.618506	-137.146343
-953.097521	1139.538903	-147.177233
-936.998252	984.277984	-150.699865
-938.535801	1194.578828	-11.356670
-998.628396	1073.271238	-51.418060
-940.033347	955.938263	-148.509950
-950.456480	956.551038	-111.736156
-1300.240287	664.483647	-376.227659
-967.554650	1042.038315	-206.005362
-824.112380	637.761872	-396.155536
-949.567701	1072.046111	-42.958742
-951.297208	1037.325878	-82.214492
694.532539	494.459525	-45.620296
-968.667842	1024.450878	-67.673721
-980.885532	980.291459	-155.178042
-878.541078	1035.000963	-143.711546
-875.273669	701.679415	-432.454968
-978.347274	1050.615981	-51.155303
-988.824252	1050.430521	-52.688990
-962.422022	1039.364725	-53.280405
-899.117457	991.732002	-114.677757
-981.477255	1068.889272	-49.932900
-979.414419	1028.996575	-57.852436
-976.226423	1055.392074	-49.797327
-927.911731	936.593153	-167.053314
-992.888950	1086.497798	-60.020468
-993.924844	1076.761060	-53.949940
-863.042767	982.319192	-100.229827
-971.542780	1048.623694	-55.286481
-923.266643	320.678825	112.458660
-977.211361	1045.868251	-55.220420
-958.882648	1014.906960	-67.658560
3774.118439	3762.978924	-39192.999438
-967.396895	992.029346	-88.926286
-963.923784	968.456001	-18.943182
-1243.114728	866.092445	-154.440006
-934.789955	968.218831	-201.205885
-927.001958	905.406816	-157.461097
-956.215337	1012.178176	-69.368244
-963.446683	998.151662	-122.490052
-972.629009	1049.631517	-46.366556
-996.225107	1076.306953	-58.945698
-970.033515	1056.001681	-53.302212
-986.755427	1065.901222	-49.557501
-916.071063	1195.018825	72.090192
-962.308181	1092.299952	-56.640555
-960.197435	1034.224778	-48.305949
-1005.867850	1058.507837	-35.392207
-990.647422	1063.411574	-61.886078
-925.874489	920.971211	-191.261013
-955.493885	1011.932577	-90.496885
-964.834724	1004.163641	-120.215630
-953.212516	951.897012	-130.358677
-967.496436	962.809065	51.846381
-896.145883	983.024155	-80.419552
-986.206853	1075.733673	-52.665604
-989.660036	1016.219864	-59.121329
-837.724358	1062.275867	38.462776
-961.791546	1047.158603	-55.867890
-869.576641	992.913102	-159.558696
-1004.394941	1094.918322	-110.071531
-616.296536	1182.928981	-385.848774
-964.565958	938.368527	-164.648896
-981.665029	1053.303771	-56.680113
-983.182332	1064.087900	-48.298370
-911.132934	1026.971579	-55.220144
-962.450327	1014.306541	-66.456834
-992.708957	1067.754687	-55.302043
