-0.013678	0.007380	0.007379
0.000045	-0.000276	-0.000277
0.000566	0.000007	0.000006
0.000454	0.000152	0.000151
-0.000045	0.000158	0.000157
-0.003186	0.000317	0.000314
0.000078	0.000375	0.000375
0.000261	-0.000034	-0.000034
-0.000354	0.000742	0.000741
0.000140	-0.000338	-0.000338
0.000364	-0.000078	-0.000078
0.000394	0.000661	0.000659
-0.002402	-0.000683	-0.000684
0.005766	0.004002	0.004001
0.000256	0.000235	0.000234
0.000511	0.000262	0.000261
-0.000345	-0.000670	-0.000671
-0.001710	0.000862	0.000858
-0.000745	0.000293	0.000290
-0.003626	0.000282	0.000281
-0.000075	-0.000051	-0.000052
0.018664	0.016940	0.016940
0.000254	0.000587	0.000586
-0.000137	0.000236	0.000236
-0.000375	0.000651	0.000650
0.010707	-0.002474	-0.002474
0.000191	0.000238	0.000238
-0.000585	0.001107	0.001103
-0.006908	-0.000703	-0.000704
-0.000343	-0.000196	-0.000197
-0.000014	-0.002925	-0.002926
-0.038413	-0.013700	-0.013704
-0.000115	-0.000481	-0.000481
-0.003435	0.000165	0.000162
0.000264	-0.000559	-0.000563
-0.001227	-0.000728	-0.000728
0.000106	-0.000119	-0.000120
0.000110	0.000531	0.000530
0.000224	-0.000067	-0.000069
-0.000046	0.000017	0.000016
-0.001047	-0.000670	-0.000671
0.000103	-0.000238	-0.000239
0.000290	0.000310	0.000310
0.001198	-0.000033	-0.000034
-0.025823	-0.001629	-0.001629
0.000154	-0.000036	-0.000038
0.000995	-0.000146	-0.000147
-0.000117	-0.000069	-0.000070
-0.003019	0.002421	0.002420
0.000788	-0.000474	-0.000477
-0.000228	-0.000161	-0.000166
-0.001822	-0.002550	-0.002552
-0.004204	-0.002888	-0.002889
-0.000137	-0.000325	-0.000328
0.002477	-0.000141	-0.000142
-0.000216	0.000001	0.000001
0.004871	0.000630	0.000629
-0.000173	0.000014	0.000013
-0.000252	-0.000260	-0.000260
0.001021	0.000043	0.000041
-0.000699	-0.000369	-0.000369
-0.002404	0.002246	0.002243
-0.000059	0.000448	0.000447
0.000685	0.000142	0.000142
-0.000579	0.000082	0.000081
-0.000476	0.000240	0.000240
0.000441	0.000424	0.000424
0.000046	-0.000268	-0.000270
0.001362	-0.000483	-0.000483
-0.000124	-0.000465	-0.000466
-0.000389	-0.000459	-0.000462
-0.003758	0.001718	0.001717
0.000094	-0.000150	-0.000152
0.000680	0.000032	0.000031
0.000766	0.000248	0.000246
-0.000827	-0.001282	-0.001283
-0.000221	0.000140	0.000139
-0.000412	0.000154	0.000153
0.000156	0.000044	0.000042
0.000322	0.000048	0.000048
0.005273	-0.000393	-0.000393
-0.000441	-0.000187	-0.000188
0.000113	0.000451	0.000451
0.000260	0.000508	0.000507
-0.000331	-0.000386	-0.000386
-0.000428	0.000504	0.000503
-0.000772	0.000883	0.000883
0.000362	-0.000276	-0.000276
-0.000890	-0.000961	-0.000961
-0.000340	0.000008	0.000007
-0.006163	0.002260	0.002259
0.000688	0.000200	0.000198
-0.000035	0.000926	0.000926
0.000052	-0.000226	-0.000227
0.001113	0.000266	0.000266
-0.000362	-0.000797	-0.000798
-0.000441	-0.000298	-0.000302
0.001071	-0.000079	-0.000080
0.000046	0.000073	0.000072
0.000963	-0.000318	-0.000318
0.001665	-0.001288	-0.001288
-0.001776	-0.000716	-0.000716
-0.007862	0.003187	0.003187
-0.000079	-0.000230	-0.000233
0.002883	-0.000830	-0.000834
-0.000330	-0.000264	-0.000264
0.002519	0.000085	0.000084
0.000715	-0.000062	-0.000063
-0.000004	-0.000285	-0.000286
0.002987	0.001013	0.001010
-0.000229	-0.000519	-0.000524
0.002625	-0.000805	-0.000808
-0.001305	0.000009	0.000005
0.000625	-0.000901	-0.000901
0.000994	0.000241	0.000240
-0.000558	-0.000714	-0.000716
-0.005592	-0.007537	-0.007541
0.002480	0.002142	0.002141
-0.001433	0.000783	0.000782
-0.000099	0.000791	0.000791
-0.001792	-0.000219	-0.000220
-0.000359	0.000312	0.000312
0.001453	0.000667	0.000667
0.000019	-0.000099	-0.000101
-0.000149	-0.003650	-0.003651
0.001905	0.001197	0.001193
0.000491	0.000739	0.000738
-0.000995	0.000706	0.000705
0.037319	0.013234	0.013230
-0.015890	-0.015977	-0.015978
0.000152	0.000160	0.000159
0.000482	0.000397	0.000397
0.001835	0.005683	0.005679
0.000486	-0.001063	-0.001064
-0.000219	-0.000359	-0.000359
0.000112	0.000378	0.000377
-0.000148	-0.000022	-0.000022
0.000542	0.000488	0.000487
0.003415	0.001819	0.001818
0.000293	0.000785	0.000785
-0.000053	-0.000139	-0.000140
0.000544	0.000039	0.000038
0.000984	0.002033	0.002033
-0.000009	-0.000201	-0.000203
0.001847	-0.000031	-0.000031
-0.000030	0.000368	0.000367
0.000581	0.000079	0.000078
0.005262	0.001673	0.001673
0.008505	0.004893	0.004889
-0.015479	-0.003730	-0.003730
0.000170	0.000131	0.000131
-0.000289	-0.000145	-0.000149
0.000282	0.000352	0.000348
-0.000098	-0.000359	-0.000359
-0.001500	-0.001819	-0.001824
-0.000824	0.000047	0.000046
-0.000001	0.000023	0.000023
0.002599	-0.000306	-0.000307
0.001508	-0.000335	-0.000336
0.001939	-0.001150	-0.001151
0.002711	0.000656	0.000654
0.002949	-0.000344	-0.000344
-0.001393	0.000878	0.000877
-0.001657	-0.002627	-0.002627
-0.000109	0.000128	0.000127
-0.000457	-0.000406	-0.000407
0.000553	-0.000577	-0.000581
-0.000257	0.000544	0.000543
-0.000546	0.000613	0.000612
0.001968	-0.004892	-0.004892
0.000298	-0.000212	-0.000212
-0.005787	0.003736	0.003735
0.000294	0.000125	0.000125
0.020437	0.002960	0.002959
0.002654	-0.002164	-0.002164
0.000443	-0.000158	-0.000162
-0.000106	0.000014	0.000012
0.000336	0.000523	0.000522
0.000164	-0.000259	-0.000260
0.000504	0.000101	0.000101
0.001848	0.002346	0.002344
-0.002294	0.001556	0.001553
0.000022	0.000089	0.000089
-0.006739	-0.001662	-0.001663
-0.000558	0.000905	0.000903
-0.000704	-0.000184	-0.000184
0.001475	0.001564	0.001563
0.000048	-0.000150	-0.000152
-0.000054	0.000248	0.000248
0.001764	-0.000190	-0.000191
-0.008423	-0.004421	-0.004426
0.000453	-0.000094	-0.000095
0.013146	-0.007601	-0.007602
0.005609	0.000267	0.000266
-0.000030	0.000047	0.000046
-0.000184	-0.000104	-0.000105
0.027360	0.001772	0.001771
0.000404	0.000549	0.000549
0.000194	0.000218	0.000217
-0.000165	-0.000099	-0.000099
-0.000858	-0.003033	-0.003034
0.000277	-0.000305	-0.000306
-0.000155	0.000142	0.000141
0.000836	-0.001715	-0.001715
-84.000009	83.999737	-0.000262
-83.999654	83.999984	-0.000015
-84.000859	83.999495	-0.000505
-83.999816	83.999308	-0.000691
-83.998146	84.000568	0.000570
-84.000635	84.000754	0.000754
-83.996832	84.002281	0.002281
-84.001003	84.000573	0.000574
-83.992731	83.995819	-0.004185
-83.999048	84.000563	0.000565
-83.998898	84.000806	0.000806
-83.998690	84.000591	0.000591
-84.000872	84.001077	0.001080
-84.001107	84.001269	0.001270
-84.000344	83.999982	-0.000018
-83.999403	83.998599	-0.001401
-83.999069	84.000545	0.000546
-84.000047	83.999650	-0.000349
-83.999565	83.999940	-0.000059
-83.998965	84.000023	0.000021
-83.999606	84.000220	0.000222
-83.995956	84.002174	0.002178
-83.999667	83.999512	-0.000487
-84.000605	83.999582	-0.000418
-84.003790	84.000773	0.000774
-84.000551	83.999996	-0.000004
-84.000299	84.000848	0.000848
-83.998276	83.998114	-0.001884
-84.000938	84.000545	0.000545
-84.001343	83.998836	-0.001164
-84.000361	84.000627	0.000628
-83.999060	83.999768	-0.000231
-84.000612	83.999565	-0.000434
-83.999639	83.999843	-0.000152
-84.005523	84.004868	0.004868
-83.999873	84.000052	0.000052
-83.999060	84.000495	0.000499
-84.000878	84.000518	0.000519
-84.001558	83.999999	0.000000
-84.000962	83.999132	-0.000867
-83.999716	84.000279	0.000280
-84.000116	83.999984	-0.000016
-83.999508	83.999758	-0.000242
-84.044839	84.043380	0.043380
-84.004056	83.999230	-0.000769
-83.999887	84.001738	0.001738
-83.985168	84.018404	0.018408
-84.000502	84.000242	0.000243
-84.001795	83.999273	-0.000726
-83.995322	83.998186	-0.001815
-83.999947	84.000344	0.000345
-84.002659	83.998724	-0.001277
-83.999492	84.000721	0.000721
-83.999967	84.000242	0.000243
-83.999067	83.999918	-0.000081
-84.000054	83.999944	-0.000056
-84.000176	84.000247	0.000248
-83.999172	84.000275	0.000277
-83.999253	83.998750	-0.001250
-84.000680	84.001435	0.001435
-84.000170	83.999793	-0.000206
-83.998890	83.999714	-0.000286
-83.999810	83.999404	-0.000595
-84.000615	83.999491	-0.000508
-83.999225	84.000414	0.000380
-83.998910	83.999514	-0.000481
-84.000547	83.999857	-0.000142
-84.000225	83.999891	-0.000109
-84.000112	83.999694	-0.000305
-84.000071	84.000536	0.000540
-84.000138	84.000026	0.000026
-102.630289	102.421538	-1.109015
-83.997001	83.998485	-0.001511
-83.999943	83.999836	-0.000163
-83.999814	84.000044	0.000045
-84.000487	84.000200	0.000201
-83.999816	83.999993	-0.000007
-84.000088	83.999620	-0.000376
-84.002103	84.000044	0.000043
-84.002553	83.999975	-0.000026
-84.000831	83.999963	-0.000035
-83.999278	84.000356	0.000357
-84.001939	83.998077	-0.001919
-84.003055	83.999179	-0.000822
-84.000796	84.000405	0.000405
-83.999389	84.001227	0.001228
-84.129205	83.981230	-0.018770
-103.594700	93.642761	-53.795765
-84.000390	83.999964	-0.000036
-84.012197	84.004493	0.004490
-84.000915	83.999842	-0.000158
-84.000404	84.000131	0.000131
-84.000097	83.999994	-0.000005
-83.999817	83.999970	-0.000031
-84.002158	83.975092	-0.024950
-83.995061	83.997892	-0.002975
-83.999493	84.001102	0.001105
-84.001599	84.001332	0.001331
-84.000232	83.999780	-0.000217
-83.999708	83.999395	-0.000604
-83.999398	83.999653	-0.000346
-84.000764	83.999213	-0.000786
-83.999650	83.998988	-0.001013
-84.001277	83.998094	-0.001904
-84.000597	84.000042	0.000042
-83.999742	83.999239	-0.000756
-84.001231	83.999064	-0.000935
-83.998544	83.999785	-0.000214
-83.999837	83.999892	-0.000106
-84.000860	83.999820	-0.000179
-83.999847	83.998118	-0.001879
-84.006402	84.000956	0.000945
-84.000639	83.999631	-0.000369
-84.000994	83.998707	-0.001293
-84.001014	83.999296	-0.000710
-84.001526	83.998381	-0.001616
-84.001657	83.999196	-0.000803
-83.999484	84.000214	0.000219
-84.001742	84.000093	0.000094
-83.996051	84.000965	0.000964
-83.999669	84.000520	0.000520
-84.000357	83.999731	-0.000268
-83.999901	83.999904	-0.000094
-83.998980	84.001734	0.001735
-84.002164	83.999174	-0.000825
-83.999694	84.000437	0.000439
-84.000555	83.999819	-0.000181
-84.000320	84.000321	0.000323
-83.999646	83.999923	-0.000079
-83.998454	83.999523	-0.000476
-84.000445	84.000545	0.000546
-84.003240	84.006279	0.006250
-83.999112	84.000800	0.000800
-83.998882	84.000309	0.000310
-84.001998	83.999779	-0.000221
-83.998764	83.995433	-0.004567
-84.000176	83.999831	-0.000169
-83.999669	84.000078	0.000079
-83.999592	83.999736	-0.000261
-83.999974	84.000441	0.000442
-83.999892	83.999863	-0.000135
-83.997011	83.999415	-0.000585
-83.997542	84.001274	0.001274
-83.999404	84.000129	0.000132
-84.001887	83.999551	-0.000450
-84.000050	83.999507	-0.000493
-83.998602	83.999659	-0.000339
-83.999843	84.000227	0.000229
-84.000458	83.999509	-0.000492
-83.999199	84.000642	0.000642
-83.998189	84.000396	0.000395
-83.999918	84.000007	0.000008
-84.000354	84.000129	0.000130
-84.000102	84.000175	0.000176
-83.999330	84.000326	0.000326
-83.999151	83.999467	-0.000533
-84.000063	83.999335	-0.000665
-83.871400	84.018782	0.018419
-83.999547	83.999660	-0.000339
-84.000516	84.000103	0.000104
-83.999243	83.999621	-0.000376
-84.000143	84.000182	0.000184
-84.000124	83.998821	-0.001179
-84.000383	83.999683	-0.000319
-84.000069	83.999865	-0.000134
-84.001533	84.000028	0.000028
-84.000020	84.000215	0.000215
-83.999229	83.999357	-0.000642
-84.000019	83.999629	-0.000370
-83.999852	83.999451	-0.000552
-83.999684	84.000008	0.000010
-84.000244	84.000657	0.000658
-84.000680	84.000797	0.000798
-84.001475	84.000224	0.000225
-84.000807	83.999133	-0.000866
-84.003556	84.004357	0.004353
-84.000663	84.000031	0.000031
-84.001555	83.999312	-0.000689
-83.998788	83.993421	-0.006604
-83.999575	84.000187	0.000188
-84.000651	84.000410	0.000413
-84.000100	83.999782	-0.000217
-83.999438	84.000564	0.000565
-83.999070	83.999971	-0.000031
-84.000087	84.000297	0.000297
-83.996606	83.996664	-0.003341
-84.000273	84.000049	0.000049
-84.000706	84.000086	0.000086
-84.000110	83.999718	-0.000280
-84.001365	84.001926	0.001927
-83.998167	84.001021	0.001024
-84.000517	83.998949	-0.001048
-84.000195	84.001903	0.001903
-83.999548	84.003027	0.003025
-83.999948	83.999899	-0.000099
-84.001194	83.998023	-0.001976
-83.958390	83.957287	-0.042868
-83.998503	84.002938	0.002937
-83.999957	84.003375	0.003378
-83.999882	83.999915	-0.000084
-83.999192	83.998423	-0.001577
-84.000071	84.000247	0.000248
-84.002337	84.001580	0.001582
-83.999059	84.000755	0.000756
