239.400445	-12.328699	-11.822383
231.122899	-1.743454	-2.193611
226.836523	14.449190	4.112846
224.181459	-11.410602	-7.203692
861.445822	-204.148324	-207.633436
209.927544	8.647394	5.437477
208.969409	26.686167	16.303843
223.915269	21.719304	29.598751
259.787569	-1.707270	-11.787244
223.452537	-12.468751	-7.178109
233.244769	-19.448026	-28.925175
83.986197	100.130538	-35.886581
251.929813	2.719875	-6.684329
266.135457	127.344926	130.106292
239.847463	0.260703	0.107249
222.128383	10.465866	12.383247
213.240431	7.640576	4.490405
245.609879	40.447315	30.556123
189.901360	38.118013	25.844038
-3980.977380	27490.542350	27490.523138
219.462469	-6.989040	-6.450847
231.276802	13.268417	9.444751
232.625127	18.775338	8.900410
222.800976	37.308710	15.159699
194.091906	34.190966	26.751763
181.374448	-93.018295	-98.932047
393.327947	202.041778	195.478411
256.424097	47.460762	45.948538
247.076511	69.989354	53.614872
422.310220	-59.528291	-80.305914
234.869416	-2.527405	-3.217474
233.036960	-13.087823	-8.395503
48.205107	775.471176	772.912350
254.635299	-34.480968	-34.645045
160.072009	-14.929026	12.788509
234.081795	-5.199854	-10.091232
164.746794	2.440605	7.352837
264.057463	-50.269510	-28.187667
191.602762	10.785471	-56.013187
-66.311317	-73.676473	-77.092784
228.042201	-31.289062	-26.271347
255.383883	25.546521	21.705643
245.455259	-27.370594	-26.245250
202.106877	6.212683	6.893659
249.424769	-52.994380	-59.230191
368.851435	13.493321	9.940924
190.499073	-9.804336	-4.202754
239.009532	-15.997645	-16.553522
223.494076	-18.311715	-14.972605
267.817957	4.675777	-15.216543
274.479958	52.765961	17.783526
204.727402	3.246966	4.885567
186.862832	20.823693	19.202196
245.343002	38.075797	32.771883
200.118262	-51.305177	-54.235933
219.882592	-8.085571	-1.265097
186.494510	12.635812	10.212401
117.675511	-54.849427	113.007191
229.279013	-23.154790	-13.137391
273.914951	0.785097	-14.747709
323.926670	111.877465	185.643627
221.188350	-2.306001	-0.396419
201.152396	-25.536735	-20.200071
249.776368	-16.377912	-19.971284
222.813744	-35.205009	-26.800171
243.844200	51.873147	37.307318
253.008306	20.517201	19.407286
108.961426	166.460114	159.984569
288.184578	-86.261653	251.458833
241.467733	-19.997191	-26.557919
195.310252	-46.085401	-24.691558
220.925404	-113.978811	9.735286
383.284528	-788.890916	-691.321428
226.605309	-30.913079	-23.042453
236.796366	50.598618	38.395975
250.274863	33.127815	-0.718451
227.537310	-26.494678	-22.543049
229.840235	18.141828	3.872543
229.824394	102.246600	71.334394
206.391290	59.295440	46.515725
154.443791	-40.413154	-44.220052
259.037223	40.594372	4.448616
417.969469	230.393321	222.866600
225.820449	-24.100484	-21.248122
318.204001	-77.197180	-100.550290
201.128817	11.676644	5.836246
252.558780	-15.728808	-15.255047
243.095443	-23.425120	-18.126649
224.716043	-33.709913	-28.638628
210.235815	10.262661	0.936667
334.016574	-58.990543	-67.645670
265.905004	17.317166	-4.151095
229.390582	-28.096917	-23.833878
253.370419	32.061514	23.360535
530.568910	-139.027406	-142.027136
176.894604	-7.330804	14.851545
181.218937	13.490374	14.166482
253.325529	4.326161	-6.618219
221.389820	-6.602151	-4.813013
219.577437	11.811927	1.691060
624.726861	-118.340488	-123.977837
201.609812	9.273073	7.790319
360.386801	32.528271	24.976811
164.834472	50.255758	29.360856
217.556617	19.009038	11.675860
216.337791	-19.784584	-40.846835
218.224019	-0.793256	1.373106
242.173354	-22.559399	-25.263195
72.690162	633.730405	528.436233
244.892655	55.389380	59.119226
-1497.040739	-654.576403	1317.554700
542.483816	21.029387	13.823584
217.208441	0.705297	3.142121
314.006163	160.551060	150.191318
208.910571	5.303671	3.114878
178.289465	-34.305424	-46.009766
253.402465	-1.126296	-4.804872
208.131522	42.495383	24.247869
239.750698	-6.126613	-4.012770
207.481694	30.715271	13.596832
202.582228	91.673259	79.291916
293.472909	-18.336645	-21.579024
208.436912	-29.442333	-22.727229
197.684646	-36.174811	-20.910143
240.684677	-22.484981	-23.138019
234.854352	-4.381729	-0.822735
227.691246	-26.934131	-23.936802
203.344206	33.638205	16.433281
650.397468	-1982.972057	-1983.258573
253.198187	-30.987345	-31.418857
207.274916	41.625590	17.730141
251.923625	-29.675023	-33.553035
-792.508649	-621.444539	-623.701189
193.851960	15.494989	11.453424
71.722203	212.541970	50.066585
235.316665	-4.888140	-4.289076
210.289621	89.299244	82.454248
310.989583	29.066452	29.697486
224.446398	-27.371812	-26.679343
190.248990	36.822267	32.844429
-9021.728003	12684.476153	12684.454873
232.363981	-5.080734	-0.356233
55.659515	-19.381576	-23.759698
237.786388	-13.474772	-16.917759
233.614891	28.098212	21.050001
135.517295	84.599024	80.196629
-1052.245250	95.243820	-485.864765
-1191.796019	-146.110879	-169.553506
233.258968	3.279052	2.266350
250.790544	-14.108682	-16.305787
232.357298	88.598737	72.070799
314.018145	113.722457	149.239396
104.528918	-45.503655	-49.082666
232.502065	-15.000521	-13.637706
222.184501	-4.840000	-4.144979
197.750362	5.041045	6.943125
238.701790	0.886011	1.792955
195.945079	-36.977494	-13.516368
344.014514	65.825247	-85.219340
183.811100	-34.971403	-24.959627
286.086826	48.255940	-14.547964
286.431348	28.565733	21.431718
290.634783	-11.054128	-20.116693
227.494870	76.957136	70.689447
228.235253	-14.636667	-10.181237
244.073410	3.465017	-7.385326
235.433557	-6.805088	-3.739712
249.376866	-131.379408	-125.508342
232.469201	3.360947	2.583055
477.760293	13.615867	10.540749
264.077599	-27.901654	-26.445121
211.078483	-13.083461	-4.843496
215.047320	12.004891	6.338994
157.545048	-103.275010	-99.376554
968.780946	-1102.847315	-1184.917709
193.453578	7.451785	12.472061
243.957342	24.102053	23.612490
260.569308	27.235604	16.945467
200.225898	62.786740	52.165878
207.396998	-83.689822	-35.616756
233.084722	-0.119705	-3.735117
243.335365	51.798126	34.792066
245.113575	51.500521	31.320586
141.390439	80.952306	75.880372
154.513439	53.711305	45.954416
146.523634	-1.644600	-21.051258
269.437422	-12.543729	-17.264050
35.477246	56.487154	52.335343
221.013955	14.598889	11.824312
270.891310	-15.534664	-15.844513
158.130113	11.210175	9.844968
112.163478	2.178078	7.906491
220.791224	1.463966	2.627371
231.086486	-23.351013	-24.240498
1185.040484	-511.281843	-523.191003
256.540624	71.659197	78.307452
245.504510	-26.513829	-25.212854
264.306164	31.429444	13.822561
226.065103	50.310032	22.006505
167.325945	20.181352	18.753353
250.049018	-0.559360	-3.398230
824.987130	-79.178177	-84.550282
202.627168	-4.089593	-20.732302
177.286732	-15.071795	10.686031
-272.092111	365.918983	50.907290
-317.070748	322.679907	-8.865523
-337.728708	357.811908	-67.369145
-321.532136	343.510847	-22.057530
-332.376967	347.767072	-19.304618
-294.119814	331.749633	-13.542183
-325.038892	338.934878	-33.759924
-319.745173	343.084650	-19.144646
-328.238706	345.899145	-23.275384
-331.533401	358.693749	-21.159363
-332.233484	351.059638	-21.780590
-326.597215	344.163995	-26.049698
-468.289647	282.221874	-151.055512
-321.000406	342.994911	-18.771084
-329.103957	376.761169	-13.795929
-314.779248	306.142553	-53.318438
-299.476176	321.588195	-69.530869
-318.600723	339.425316	-52.897440
-283.953224	328.925497	-13.993139
-338.250441	367.995170	-21.700173
-343.375014	349.591848	-32.300121
-318.681294	318.470607	-50.221952
-324.661648	342.724791	-15.964975
-285.663147	341.672290	-5.303453
-301.606631	320.776728	-16.100356
-324.602384	353.951750	-20.051734
-472.133191	287.855090	-204.699430
-338.927875	378.380186	-17.945797
-330.891422	317.568486	-286.315835
-327.714088	339.553611	-26.329001
-336.277222	360.398146	-16.322866
-181.447521	671.687724	-724.027743
-332.304619	357.842703	-19.577554
-300.016907	347.289467	-18.746742
-334.518905	380.869025	-18.229077
-340.588005	355.220514	-17.068866
-313.437668	319.487107	-68.694825
-335.150505	361.909967	-11.755927
-260.525840	349.141577	13.139917
-314.077913	312.718620	-60.680318
562.197396	1950.847159	940.063492
-274.961001	290.034184	-102.026006
-306.185090	325.995296	-12.354610
-331.377553	357.101000	-20.963089
-325.511928	346.704378	-17.112427
-328.393962	354.533933	-15.181597
-275.034426	505.633590	168.053344
-328.038295	319.865312	-46.958421
-330.105969	345.683847	-25.675413
298.742551	-571.597683	-871.398145
-324.764797	317.820628	-40.944919
-450.301879	472.292459	-13.335157
-326.200382	360.274123	-21.567503
-254.383994	331.111101	-42.173379
-323.944510	312.472874	-77.287844
-332.806975	340.280322	-56.485825
-328.196940	339.591993	-19.536025
-305.848766	306.766806	-25.545272
-334.845873	341.111149	-58.087968
-346.289823	342.470117	38.268235
-297.544784	338.262429	-12.296080
-338.788949	355.251696	-22.196266
-323.206428	352.268186	-20.103812
-323.623072	355.638735	-15.043836
-358.398034	339.837374	-223.052162
-338.373175	342.201418	-31.673481
-324.964513	366.837005	-20.929868
-308.609813	339.260225	-7.464213
-328.966458	358.454153	-18.052489
-322.457490	323.039247	-46.451194
-322.653566	294.080193	-143.309953
-327.849902	347.060278	-24.257464
-321.244628	310.602692	-46.747579
-335.423059	356.187842	-19.143484
-331.689520	321.167557	-47.422055
-329.441880	347.716477	-15.168992
-332.519900	350.654616	-22.462404
-330.518316	322.055122	-48.853310
-59.547413	222.512696	-77.559618
-331.383144	354.384403	-16.967012
-313.639004	342.150845	-22.561197
-330.857335	324.844585	-44.186109
-327.498887	352.232885	-20.541288
-329.765294	334.900406	-13.415417
-327.361752	354.472870	-16.358343
-373.041643	341.394232	-13.362767
-328.840335	351.389291	-23.655446
-310.726954	336.459080	-1.417642
-333.700084	341.267338	-25.041188
-254.793170	319.012795	-60.151727
-322.919437	345.964015	-19.785839
-322.635733	323.733599	-51.017849
-325.751131	344.314590	-14.306587
-581.335339	357.414514	-663.702978
-369.028523	310.568572	-73.624755
-320.648110	354.204001	-18.527476
-329.558864	330.742833	-24.924399
-312.016018	305.656009	-62.977406
-325.918803	348.463275	-21.232427
-277.030973	335.906114	-8.350898
-336.553505	356.867863	-17.500638
-206.701744	591.206006	105.696597
-322.069061	341.519049	-25.441701
-327.745815	350.867092	-22.419330
-329.670841	404.828604	-28.546193
-315.815343	316.854522	-51.138445
-309.149701	336.787724	-17.789841
-324.884264	347.047324	-20.624826
-327.866672	350.612826	-15.611666
-334.194442	341.774147	-25.152630
-320.383781	346.729676	-17.397682
-305.865877	298.413951	-52.599443
-314.709514	332.517535	-18.399643
-333.214216	342.722584	-27.405599
-326.856886	350.157874	-23.218309
-334.028517	362.264053	-22.658794
-329.853041	381.599656	-21.373027
-334.516371	355.419753	-17.371767
-254.807999	249.190789	-83.932133
-324.327384	318.909166	-47.161419
-333.884234	355.151171	-19.875896
-312.132489	312.182137	-52.234454
-323.297102	344.467503	-21.449666
-312.844876	361.327218	-23.364938
-329.873319	320.870541	-50.785604
-333.061741	350.832559	-16.078006
-335.088406	366.740216	-20.921114
-308.169552	303.068354	-57.149137
-325.904944	351.312301	-13.763254
-340.884196	325.254192	-33.798766
-329.726123	345.712463	-24.473597
-327.525346	346.288839	-18.530837
-312.759418	312.522056	-53.138618
-512.107579	600.017880	-1154.594057
-321.346290	322.197330	-49.780500
-317.446132	316.463523	-30.336874
-319.898023	249.246975	-45.270494
-321.062123	377.623563	-48.630160
-316.480309	327.399841	-48.924145
-317.240937	397.966945	-4.096174
-334.454080	352.424467	-19.744288
-319.324756	317.816987	-46.713480
-321.078920	322.224528	-39.086499
-436.772037	220.530656	-126.472994
-337.316417	358.461568	-66.569521
-277.283208	212.767869	-131.794477
-325.592441	355.378610	-18.184825
-322.674519	346.274234	-26.729781
231.454659	163.752413	-15.014199
-327.912584	343.944185	-14.215057
-330.359387	326.780633	-51.105013
-297.306461	344.207190	-46.255577
-294.623458	233.773123	-144.641554
-333.591493	347.324825	-17.548765
-331.848508	344.265756	-20.908537
-323.876950	355.453107	-22.619667
-304.600288	330.656920	-36.705545
-328.064158	341.822421	-19.641807
-327.247004	341.541389	-27.858849
-330.511197	353.666069	-20.638197
-314.290951	312.267216	-54.725524
-334.837031	353.159981	-21.080431
-326.119379	357.303696	-18.669421
-291.822447	329.243336	-32.461403
-335.333283	343.540323	-25.280331
-310.708778	105.844888	37.760034
-326.494276	351.205454	-12.676881
-325.430094	343.035985	-26.158852
1257.379960	1255.476378	-13084.137971
-329.650295	334.303423	-30.446098
-324.014579	325.724569	-9.609497
-417.726170	288.370305	-51.673210
-315.734099	323.145562	-65.663109
-312.351417	305.628623	-53.305435
-320.319956	346.779910	-25.180302
-323.257398	334.934575	-38.684238
-329.819049	349.912009	-20.674445
-328.075644	352.197241	-18.621537
-332.079414	355.449184	-13.177943
-334.378279	360.521378	-19.770816
-308.884574	399.031419	23.750591
-331.125277	365.340442	-17.334835
-327.438971	347.747712	-23.046306
-347.706472	358.771200	-11.348443
-333.469637	360.592497	-18.653571
-312.535646	307.802449	-62.112790
-324.315621	340.996381	-27.086251
-323.779823	332.678081	-36.459420
-323.795712	320.016154	-44.904396
-326.730561	321.417880	14.706763
-304.854744	331.085194	-25.941004
-333.084589	363.735000	-15.674865
-330.231463	341.801518	-21.063781
-284.104395	354.442026	12.279846
-329.863804	351.739836	-11.693377
-295.314864	331.278184	-52.420235
-336.806784	364.303926	-33.790451
-207.129206	395.800682	-129.863736
-323.450343	297.042696	-73.472084
-332.446543	345.838295	-25.174503
-326.190398	365.902296	-25.491905
-310.840222	340.056619	-17.572257
-327.841176	347.716845	-19.567170
-335.595184	352.889468	-16.330161
