0.002989	0.004493	0.004485
-0.038534	-0.020587	-0.020599
-0.000406	-0.000384	-0.000411
0.001427	0.000644	0.000624
-0.002226	0.000038	0.000017
0.007235	0.000484	0.000472
0.000425	0.000622	0.000572
0.000198	0.000096	-0.000004
0.146137	-0.119927	-0.119993
0.021575	-0.011664	-0.011675
0.000441	0.001167	0.001150
-0.001336	-0.002218	-0.002259
0.001066	0.001651	0.001627
0.004450	-0.000203	-0.000240
-0.003236	-0.000842	-0.000982
0.000579	0.005326	0.005319
0.004232	-0.000385	-0.000392
-0.000806	0.000313	0.000269
0.001176	-0.001096	-0.001113
0.000953	-0.001070	-0.001104
-0.036044	-0.001167	-0.001239
0.002817	-0.005369	-0.005378
0.001975	-0.097547	-0.097709
-0.012085	-0.000203	-0.000214
0.000576	-0.002183	-0.002195
0.000054	0.000522	0.000508
0.001361	0.000223	0.000188
0.001567	0.002466	0.002368
0.001159	0.000644	0.000629
0.004531	-0.000580	-0.000588
-0.003052	0.003348	0.003335
-0.018217	0.017100	0.017092
0.001454	-0.000167	-0.000197
-0.000862	0.001818	0.001809
0.001559	0.000142	0.000129
0.001290	0.000354	0.000341
0.003282	-0.002801	-0.002816
-0.000921	0.000003	-0.000012
-0.001078	-0.004181	-0.004191
-0.001564	-0.000849	-0.000858
0.004805	-0.004647	-0.004659
0.000191	-0.003383	-0.003399
0.001289	-0.000092	-0.000105
-0.000757	0.000318	0.000304
0.001148	-0.000752	-0.000767
-0.001147	-0.002226	-0.002240
0.000944	0.000672	0.000661
-0.011884	-0.004834	-0.004927
0.001187	0.000808	0.000683
0.001058	0.000026	0.000011
0.000160	0.000131	0.000070
0.013460	-0.003921	-0.003931
0.001190	0.005721	0.005683
-0.000251	-0.000496	-0.000514
0.003215	0.001243	0.001225
0.003343	0.172175	0.172137
0.000360	0.000419	0.000381
0.001671	-0.005624	-0.005644
0.017782	-0.005730	-0.005864
0.009019	-0.001373	-0.001380
-0.002530	0.000286	0.000277
0.001204	0.004669	0.004653
-0.000713	0.002846	0.002823
-0.005263	0.000743	0.000734
-0.000173	-0.002141	-0.002163
0.001782	0.002346	0.002336
-0.000595	-0.008228	-0.008285
-0.007131	0.006118	0.006111
-0.022003	-0.016880	-0.016933
0.000106	0.001783	0.001743
0.025579	-0.005905	-0.006054
-0.000836	-0.003163	-0.003176
-0.000241	0.002101	0.002091
0.011463	-0.004667	-0.004675
-0.013791	0.009360	0.009339
0.012639	0.016061	0.016053
-0.001532	0.002369	0.002275
-0.000489	0.001137	0.001077
0.002024	-0.002366	-0.002418
0.003025	-0.000491	-0.000500
0.001702	-0.001776	-0.001821
-0.161687	0.134783	0.134716
-0.002854	-0.010167	-0.010180
0.000445	-0.000689	-0.000709
0.002168	-0.002699	-0.002707
-0.002269	0.003906	0.003892
-0.001236	-0.005435	-0.005443
0.013763	-0.004474	-0.004529
0.013119	0.005645	0.005586
0.040454	0.025513	0.025502
0.004693	0.000261	0.000254
-0.002118	0.016853	0.016840
-0.004893	-0.001622	-0.001632
0.000068	0.000378	0.000283
-0.004008	0.001696	0.001639
-0.000885	-0.000500	-0.000523
-0.006015	0.006636	0.006475
0.006160	0.003979	0.003962
0.002611	0.007394	0.007387
0.006306	-0.000096	-0.000103
0.015394	0.007916	0.007909
0.008865	-0.002764	-0.002772
0.031917	-0.035457	-0.035466
0.004652	0.000880	0.000873
0.010166	-0.014539	-0.014566
-0.000427	0.000666	0.000654
-0.002494	-0.002835	-0.002856
-0.001318	0.000271	0.000261
-0.003874	-0.009067	-0.009084
0.000289	-0.000014	-0.000031
0.002713	0.000640	0.000633
-0.004447	0.002587	0.002566
0.015714	-0.103103	-0.103111
-0.001400	-0.000901	-0.000915
-0.002174	-0.002246	-0.002337
-0.000894	0.001409	0.001388
0.003908	0.000574	0.000565
0.004043	0.000191	0.000110
0.001624	0.004569	0.004560
-0.000926	-0.002279	-0.002287
-0.000028	-0.000617	-0.000629
-0.003248	0.001666	0.001640
0.005591	-0.020085	-0.020094
-0.001381	0.002761	0.002754
0.002437	-0.002557	-0.002567
0.002305	0.002886	0.002876
0.000932	0.000188	0.000170
-0.007351	0.003504	0.003486
0.020232	-0.017271	-0.017334
0.003051	-0.002092	-0.002108
-0.001884	0.001338	0.001315
-0.001591	0.006440	0.006422
-0.001544	0.001581	0.001480
-0.015360	-0.003514	-0.003521
-0.000291	-0.000616	-0.000626
0.002479	0.008248	0.008237
0.000448	-0.000693	-0.000752
-0.021271	0.000431	0.000420
0.020186	0.021499	0.021448
-0.002009	0.000315	0.000248
0.000676	0.002389	0.002304
0.018968	0.000060	-0.000026
0.002505	-0.000620	-0.000628
0.003308	0.007649	0.007637
0.003585	0.000912	0.000901
0.008283	0.004260	0.004251
-0.001695	0.003094	0.003085
0.006552	-0.002583	-0.002591
0.000630	-0.000744	-0.000793
0.001280	0.000488	0.000478
0.004988	0.000246	0.000227
0.000472	-0.001798	-0.001833
-0.022348	0.078836	0.078828
-0.003483	0.004470	0.004311
-0.002957	0.005971	0.005960
0.002341	0.002137	0.002028
-0.000830	-0.000125	-0.000140
-0.053284	0.092272	0.092110
0.000222	-0.000603	-0.000633
-0.003503	-0.000691	-0.000818
0.000910	-0.001308	-0.001328
0.097480	0.109981	0.109970
-0.011198	0.015005	0.014978
0.001352	0.000839	0.000807
-0.002639	0.004862	0.004852
-0.001295	-0.002823	-0.002868
-0.001504	-0.001627	-0.001651
0.003731	-0.001006	-0.001058
0.000494	-0.002807	-0.002817
-0.001784	0.001640	0.001628
-0.008657	0.008692	0.008683
-0.003398	0.002035	0.001934
0.012863	-0.015303	-0.015309
0.003994	0.005782	0.005774
0.012529	-0.006337	-0.006358
-0.001128	-0.000500	-0.000524
-0.000914	-0.002366	-0.002379
0.000997	-0.007885	-0.007896
0.000449	0.000424	0.000371
-0.002229	-0.170338	-0.170377
0.001089	0.000458	0.000425
0.000573	0.001107	0.001097
0.004096	-0.001391	-0.001401
0.000806	-0.000203	-0.000280
-0.004196	-0.002118	-0.002159
0.009462	-0.007832	-0.007844
0.005384	0.002861	0.002853
0.000873	0.001038	0.000985
0.000101	0.000411	0.000394
0.001938	0.000309	0.000271
0.029040	-0.012537	-0.012545
0.001733	0.000282	0.000274
-0.000791	0.002286	0.002277
-0.000998	-0.001586	-0.001718
-0.004055	0.000567	0.000559
-0.001773	0.003426	0.003298
0.010111	-0.000338	-0.000345
-0.000614	-0.002413	-0.002437
-0.003585	0.003364	0.003213
-0.099246	-0.108336	-0.108346
-0.000220	-0.000975	-0.000984
-0.027650	0.038588	0.038580
-0.009970	-0.000838	-0.000851
-0.008773	0.001732	0.001714
-83.990831	84.006410	0.006553
-83.998955	83.992480	-0.007513
-84.002772	84.003349	0.003357
-84.002700	84.000279	0.000325
-84.007690	83.992634	-0.007354
-83.997768	84.001062	0.001076
-84.000519	83.999682	-0.000300
-84.002743	84.002252	0.002272
-83.999903	83.997000	-0.002897
-84.129866	84.182827	0.182826
-84.002363	84.000077	0.000085
-83.996315	83.998957	-0.001036
-84.024272	84.026125	0.026258
-84.000852	84.000602	0.000610
-83.993737	84.006622	0.006633
-84.005387	83.998229	-0.001697
-83.997228	83.999017	-0.000973
-83.999033	83.998796	-0.001177
-83.990468	84.001503	0.001513
-84.005354	83.993270	-0.006721
-84.004981	84.004270	0.004278
-84.002183	83.997174	-0.002746
-84.011425	83.986216	-0.013777
-84.001001	83.998233	-0.001748
-83.999881	83.999594	-0.000358
-84.007482	83.996774	-0.003208
-83.999777	83.999914	-0.000056
-84.003991	84.003518	0.003557
-84.001800	83.998099	-0.001892
-83.996567	84.002753	0.002763
-84.003329	84.000889	0.000909
-83.999609	83.998619	-0.001367
-84.011739	83.992762	-0.007201
-83.996725	84.003382	0.003435
-84.002249	83.996816	-0.003156
-84.003509	84.000880	0.000888
-84.001111	83.998919	-0.001027
-84.001077	83.998455	-0.001483
-83.994645	83.998187	-0.001805
-84.005328	83.999959	-0.000029
-83.996178	83.997828	-0.002159
-83.987169	83.987225	-0.012764
-83.720964	84.003109	0.003161
-83.999831	84.003230	0.003349
-84.009118	84.000753	0.000806
-84.005438	84.001332	0.001339
-84.001912	83.997840	-0.002060
-84.001656	83.999423	-0.000567
-84.004652	84.002613	0.002621
-83.990111	83.999995	-0.000001
-84.003014	83.997344	-0.002649
-83.998827	84.000889	0.000899
-84.000608	83.997946	-0.002000
-84.000745	83.993073	-0.006916
-83.997924	83.998332	-0.001637
-83.992265	83.981140	-0.018713
-83.999736	83.999052	-0.000931
-83.996965	84.005041	0.005050
-83.997858	84.000321	0.000386
-84.003263	84.000563	0.000570
-84.004208	84.000665	0.000672
-84.020831	84.006884	0.006891
-84.001096	84.000139	0.000151
-83.995772	84.005604	0.005756
-83.998209	83.996004	-0.003957
-84.025847	84.014409	0.014416
-83.994995	84.003088	0.003108
-83.998556	83.997533	-0.002458
-84.000777	83.999968	0.000015
-83.998686	83.998197	-0.001761
-83.985463	84.023659	0.023667
-84.010695	83.998316	-0.001679
-84.001228	84.001463	0.001531
-84.002637	84.001828	0.001843
-84.003607	84.000352	0.000360
-83.996639	83.998416	-0.001576
-84.005895	83.999046	-0.000874
-83.994405	83.999040	-0.000951
-83.998946	83.998544	-0.001445
-83.998367	83.999736	-0.000245
-83.997196	84.002869	0.002882
-84.000483	84.002033	0.002047
-83.996594	83.998342	-0.001618
-83.998463	83.998248	-0.001743
-83.999677	84.000547	0.000597
-84.004518	84.002297	0.002338
-83.999908	83.999885	-0.000101
-84.003462	84.002337	0.002345
-84.015213	84.035620	0.035679
-84.007629	84.009178	0.009179
-83.999099	83.999896	-0.000094
-83.998174	83.995216	-0.004772
-83.997876	84.001727	0.001736
-84.002733	84.000417	0.000542
-83.995603	83.998736	-0.001257
-83.998342	83.997816	-0.002100
-84.009785	84.001883	0.001968
-83.996618	84.002639	0.002740
-84.005261	83.994158	-0.005835
-84.003495	84.002180	0.002186
-84.000284	83.999697	-0.000293
-83.993825	84.003033	0.003040
-84.002964	83.999285	-0.000657
-84.001549	83.998414	-0.001542
-84.004795	83.998864	-0.001128
-83.999482	84.000551	0.000568
-84.010532	84.008530	0.008536
-84.000448	83.999247	-0.000731
-84.002044	83.999196	-0.000797
-84.001130	83.996650	-0.003342
-84.005384	84.007884	0.007884
-83.997744	84.000700	0.000710
-84.000371	84.000536	0.000547
-84.002923	83.999849	-0.000142
-84.001265	83.999964	-0.000027
-83.997211	84.000785	0.000818
-84.000502	83.997211	-0.002753
-83.998627	83.997241	-0.002749
-84.004614	84.002138	0.002145
-84.000364	84.001359	0.001367
-83.997826	83.999699	-0.000290
-84.013436	83.998759	-0.001235
-83.886630	83.816869	-0.183674
-84.012470	84.004599	0.004604
-84.004299	84.001141	0.001147
-83.999621	83.999729	-0.000252
-83.999686	84.000852	0.000871
-83.996152	84.000201	0.000214
-84.000727	83.996404	-0.003587
-83.999354	84.000051	0.000061
-84.003342	84.001983	0.002026
-84.027829	84.006694	0.006696
-84.001582	83.999122	-0.000842
-83.997782	84.003885	0.003895
-83.991262	84.003092	0.003104
-83.998064	83.993945	-0.006007
-83.988845	83.990126	-0.009885
-84.000269	84.000939	0.000965
-83.995771	84.003130	0.003140
-83.969507	83.968428	-0.031554
-84.564282	83.462786	-0.537390
-84.290281	84.254358	0.254368
-84.001813	84.000199	0.000222
-84.006178	83.998829	-0.001048
-83.994717	84.012273	0.012276
-83.999886	83.999705	-0.000268
-83.998852	83.999339	-0.000650
-84.010244	84.007663	0.007754
-84.000128	83.998906	-0.001070
-84.015243	84.000490	0.000495
-83.411227	84.529205	0.526176
-84.015425	83.996382	-0.003616
-84.004066	83.993559	-0.006345
-84.002419	83.998373	-0.001621
-83.996087	83.994997	-0.004985
-84.001298	83.997833	-0.002145
-84.002720	84.000105	0.000112
-84.000323	84.000975	0.000982
-83.999371	84.002105	0.002121
-84.270397	84.009956	0.009501
-83.997614	83.998471	-0.001514
-83.999366	83.999556	-0.000431
-83.999691	84.001697	0.001718
-83.999702	84.000821	0.000834
-84.000959	84.001645	0.001656
-83.991789	84.002868	0.002953
-83.998938	83.997332	-0.002660
-84.008890	84.000886	0.000921
-84.003441	83.995135	-0.004722
-83.998002	83.999704	-0.000287
-83.994866	84.003239	0.003256
-83.998391	83.984814	-0.015056
-83.995486	84.000310	0.000325
-83.995738	84.001152	0.001295
-84.002959	83.998106	-0.001887
-83.999303	83.998321	-0.001664
-83.703810	83.750584	-0.250483
-83.993671	84.011318	0.011348
-83.998741	83.995639	-0.004356
-84.005146	84.000731	0.000736
-83.999075	83.999850	-0.000129
-84.005076	84.003761	0.003766
-83.982802	83.996666	-0.003248
-84.000784	83.999175	-0.000805
-83.979281	83.976666	-0.023352
-83.969427	84.013732	0.013717
-84.001297	84.002713	0.002740
-83.998907	84.000388	0.000397
-84.000988	84.002012	0.002021
-83.997529	84.000446	0.000460
-84.005093	83.996462	-0.003487
-83.999900	83.998210	-0.001765
-84.002559	84.003551	0.003556
-84.005480	84.004596	0.004710
-83.998963	83.999197	-0.000689
-84.002925	84.002953	0.002957
-84.001689	84.000009	0.000040
-83.997085	83.998713	-0.001214
-84.000091	83.999855	-0.000131
-84.001579	83.989151	-0.010850
-84.014680	83.976255	-0.023762
-83.999553	84.000688	0.000711
-83.982229	84.000859	0.001015
-84.000084	84.000586	0.000598
