-0.015223	0.008214	0.008213
0.000050	-0.000307	-0.000308
0.000630	0.000007	0.000007
0.000505	0.000169	0.000168
-0.000050	0.000176	0.000175
-0.003545	0.000353	0.000349
0.000087	0.000418	0.000417
0.000291	-0.000037	-0.000038
-0.000394	0.000826	0.000825
0.000156	-0.000376	-0.000376
0.000405	-0.000086	-0.000087
0.000438	0.000735	0.000733
-0.002674	-0.000760	-0.000761
0.006418	0.004453	0.004453
0.000285	0.000261	0.000260
0.000569	0.000291	0.000290
-0.000383	-0.000746	-0.000746
-0.001902	0.000960	0.000954
-0.000829	0.000326	0.000323
-0.004036	0.000314	0.000313
-0.000083	-0.000057	-0.000058
0.020775	0.018857	0.018856
0.000283	0.000654	0.000652
-0.000152	0.000263	0.000262
-0.000417	0.000724	0.000723
0.011917	-0.002753	-0.002754
0.000213	0.000265	0.000265
-0.000650	0.001233	0.001227
-0.007688	-0.000782	-0.000783
-0.000381	-0.000218	-0.000220
-0.000015	-0.003256	-0.003257
-0.042765	-0.015252	-0.015257
-0.000128	-0.000535	-0.000535
-0.003822	0.000184	0.000181
0.000294	-0.000622	-0.000626
-0.001366	-0.000810	-0.000811
0.000118	-0.000132	-0.000133
0.000123	0.000591	0.000590
0.000250	-0.000074	-0.000077
-0.000051	0.000019	0.000017
-0.001166	-0.000746	-0.000746
0.000115	-0.000265	-0.000266
0.000323	0.000345	0.000344
0.001333	-0.000037	-0.000038
-0.028744	-0.001813	-0.001814
0.000172	-0.000040	-0.000042
0.001107	-0.000162	-0.000163
-0.000130	-0.000076	-0.000078
-0.003360	0.002694	0.002693
0.000877	-0.000527	-0.000531
-0.000253	-0.000179	-0.000185
-0.002027	-0.002838	-0.002840
-0.004678	-0.003214	-0.003215
-0.000151	-0.000362	-0.000365
0.002757	-0.000157	-0.000158
-0.000241	0.000001	0.000001
0.005421	0.000701	0.000700
-0.000193	0.000015	0.000014
-0.000280	-0.000289	-0.000290
0.001137	0.000048	0.000045
-0.000777	-0.000411	-0.000411
-0.002675	0.002500	0.002496
-0.000065	0.000499	0.000498
0.000762	0.000158	0.000158
-0.000644	0.000091	0.000090
-0.000530	0.000268	0.000267
0.000491	0.000472	0.000472
0.000052	-0.000298	-0.000300
0.001516	-0.000537	-0.000538
-0.000137	-0.000518	-0.000519
-0.000432	-0.000511	-0.000514
-0.004183	0.001912	0.001911
0.000105	-0.000166	-0.000169
0.000757	0.000036	0.000034
0.000852	0.000276	0.000274
-0.000920	-0.001427	-0.001428
-0.000246	0.000156	0.000154
-0.000458	0.000171	0.000170
0.000174	0.000049	0.000047
0.000358	0.000054	0.000053
0.005869	-0.000437	-0.000438
-0.000491	-0.000208	-0.000209
0.000126	0.000502	0.000501
0.000289	0.000565	0.000565
-0.000368	-0.000429	-0.000430
-0.000476	0.000562	0.000560
-0.000859	0.000983	0.000982
0.000403	-0.000307	-0.000308
-0.000990	-0.001069	-0.001070
-0.000379	0.000009	0.000007
-0.006859	0.002515	0.002514
0.000766	0.000223	0.000220
-0.000039	0.001031	0.001031
0.000058	-0.000251	-0.000252
0.001239	0.000296	0.000296
-0.000402	-0.000887	-0.000888
-0.000490	-0.000331	-0.000336
0.001192	-0.000088	-0.000089
0.000051	0.000082	0.000080
0.001072	-0.000354	-0.000354
0.001853	-0.001433	-0.001434
-0.001976	-0.000797	-0.000797
-0.008750	0.003548	0.003547
-0.000088	-0.000255	-0.000259
0.003209	-0.000924	-0.000928
-0.000367	-0.000294	-0.000294
0.002804	0.000094	0.000094
0.000796	-0.000069	-0.000070
-0.000004	-0.000318	-0.000318
0.003325	0.001127	0.001124
-0.000254	-0.000577	-0.000583
0.002922	-0.000896	-0.000900
-0.001452	0.000010	0.000006
0.000695	-0.001002	-0.001003
0.001106	0.000268	0.000267
-0.000620	-0.000795	-0.000797
-0.006223	-0.008387	-0.008392
0.002760	0.002384	0.002383
-0.001595	0.000871	0.000870
-0.000111	0.000880	0.000880
-0.001994	-0.000243	-0.000245
-0.000399	0.000348	0.000347
0.001617	0.000743	0.000742
0.000022	-0.000110	-0.000113
-0.000166	-0.004062	-0.004063
0.002120	0.001333	0.001328
0.000547	0.000822	0.000822
-0.001107	0.000785	0.000784
0.041548	0.014734	0.014729
-0.017688	-0.017785	-0.017786
0.000169	0.000178	0.000177
0.000537	0.000442	0.000441
0.002044	0.006326	0.006320
0.000541	-0.001183	-0.001184
-0.000244	-0.000399	-0.000400
0.000125	0.000421	0.000419
-0.000165	-0.000024	-0.000025
0.000604	0.000543	0.000542
0.003801	0.002024	0.002023
0.000326	0.000874	0.000873
-0.000058	-0.000154	-0.000156
0.000606	0.000043	0.000042
0.001095	0.002263	0.002262
-0.000010	-0.000223	-0.000225
0.002055	-0.000035	-0.000035
-0.000033	0.000410	0.000408
0.000647	0.000087	0.000087
0.005857	0.001862	0.001862
0.009466	0.005446	0.005442
-0.017228	-0.004151	-0.004152
0.000189	0.000146	0.000146
-0.000321	-0.000160	-0.000166
0.000315	0.000392	0.000387
-0.000109	-0.000399	-0.000400
-0.001669	-0.002024	-0.002030
-0.000916	0.000052	0.000051
-0.000001	0.000026	0.000026
0.002893	-0.000341	-0.000342
0.001678	-0.000373	-0.000374
0.002158	-0.001280	-0.001280
0.003018	0.000731	0.000728
0.003282	-0.000383	-0.000383
-0.001551	0.000977	0.000976
-0.001844	-0.002923	-0.002924
-0.000121	0.000143	0.000142
-0.000508	-0.000452	-0.000453
0.000616	-0.000642	-0.000647
-0.000286	0.000606	0.000604
-0.000608	0.000682	0.000681
0.002190	-0.005444	-0.005445
0.000332	-0.000236	-0.000236
-0.006441	0.004158	0.004157
0.000327	0.000140	0.000139
0.022746	0.003294	0.003294
0.002954	-0.002408	-0.002409
0.000494	-0.000176	-0.000180
-0.000117	0.000016	0.000013
0.000374	0.000582	0.000581
0.000183	-0.000289	-0.000290
0.000561	0.000113	0.000112
0.002058	0.002611	0.002609
-0.002553	0.001732	0.001729
0.000024	0.000099	0.000099
-0.007500	-0.001850	-0.001850
-0.000621	0.001007	0.001005
-0.000784	-0.000204	-0.000205
0.001642	0.001741	0.001740
0.000053	-0.000167	-0.000169
-0.000060	0.000277	0.000275
0.001963	-0.000212	-0.000212
-0.009373	-0.004920	-0.004926
0.000505	-0.000105	-0.000106
0.014632	-0.008460	-0.008461
0.006243	0.000297	0.000296
-0.000033	0.000052	0.000051
-0.000205	-0.000116	-0.000116
0.030454	0.001972	0.001971
0.000449	0.000611	0.000611
0.000216	0.000243	0.000242
-0.000183	-0.000110	-0.000111
-0.000955	-0.003376	-0.003377
0.000308	-0.000340	-0.000340
-0.000172	0.000158	0.000157
0.000931	-0.001909	-0.001909
-84.000010	83.999707	-0.000292
-83.999615	83.999983	-0.000017
-84.000956	83.999438	-0.000562
-83.999796	83.999230	-0.000769
-83.997937	84.000632	0.000635
-84.000707	84.000839	0.000839
-83.996475	84.002538	0.002539
-84.001116	84.000638	0.000639
-83.991911	83.995347	-0.004658
-83.998940	84.000627	0.000629
-83.998774	84.000897	0.000897
-83.998543	84.000658	0.000658
-84.000971	84.001198	0.001203
-84.001232	84.001412	0.001413
-84.000382	83.999980	-0.000020
-83.999335	83.998440	-0.001559
-83.998964	84.000607	0.000608
-84.000052	83.999611	-0.000389
-83.999516	83.999933	-0.000066
-83.998848	84.000026	0.000024
-83.999561	84.000244	0.000247
-83.995500	84.002419	0.002425
-83.999630	83.999457	-0.000542
-84.000673	83.999535	-0.000465
-84.004218	84.000861	0.000861
-84.000613	83.999996	-0.000004
-84.000333	84.000943	0.000944
-83.998081	83.997901	-0.002097
-84.001044	84.000606	0.000607
-84.001494	83.998704	-0.001296
-84.000402	84.000698	0.000699
-83.998954	83.999742	-0.000257
-84.000682	83.999516	-0.000483
-83.999599	83.999825	-0.000169
-84.006146	84.005417	0.005418
-83.999859	84.000057	0.000058
-83.998955	84.000551	0.000556
-84.000978	84.000576	0.000577
-84.001734	83.999999	0.000000
-84.001071	83.999034	-0.000965
-83.999684	84.000311	0.000311
-84.000129	83.999982	-0.000017
-83.999453	83.999730	-0.000269
-84.049944	84.048321	0.048321
-84.004514	83.999143	-0.000856
-83.999874	84.001934	0.001934
-83.983493	84.020486	0.020492
-84.000559	84.000270	0.000270
-84.001998	83.999191	-0.000808
-83.994794	83.997982	-0.002020
-83.999941	84.000383	0.000383
-84.002959	83.998580	-0.001421
-83.999435	84.000802	0.000802
-83.999963	84.000270	0.000271
-83.998962	83.999908	-0.000090
-84.000060	83.999937	-0.000062
-84.000196	84.000275	0.000276
-83.999079	84.000306	0.000309
-83.999169	83.998609	-0.001391
-84.000757	84.001597	0.001597
-84.000189	83.999769	-0.000229
-83.998764	83.999682	-0.000318
-83.999788	83.999337	-0.000662
-84.000685	83.999434	-0.000565
-83.999130	84.000467	0.000419
-83.998788	83.999459	-0.000535
-84.000609	83.999841	-0.000158
-84.000250	83.999879	-0.000121
-84.000125	83.999660	-0.000339
-84.000079	84.000596	0.000601
-84.000154	84.000029	0.000029
-102.631010	102.421502	-1.109841
-83.996663	83.998313	-0.001682
-83.999937	83.999818	-0.000181
-83.999793	84.000049	0.000050
-84.000542	84.000222	0.000223
-83.999796	83.999992	-0.000007
-84.000099	83.999577	-0.000419
-84.002340	84.000049	0.000048
-84.002841	83.999973	-0.000029
-84.000925	83.999958	-0.000039
-83.999197	84.000395	0.000398
-84.002159	83.997860	-0.002136
-84.003400	83.999086	-0.000915
-84.000885	84.000451	0.000451
-83.999321	84.001365	0.001367
-84.144098	83.979067	-0.020933
-103.594962	93.643007	-53.794329
-84.000434	83.999960	-0.000040
-84.013575	84.005000	0.004998
-84.001018	83.999824	-0.000175
-84.000450	84.000145	0.000146
-84.000109	83.999993	-0.000005
-83.999796	83.999966	-0.000034
-84.002404	83.972273	-0.027772
-83.994476	83.997721	-0.003499
-83.999436	84.001226	0.001230
-84.001780	84.001482	0.001482
-84.000259	83.999755	-0.000241
-83.999675	83.999327	-0.000672
-83.999330	83.999614	-0.000385
-84.000851	83.999124	-0.000875
-83.999611	83.998874	-0.001128
-84.001421	83.997879	-0.002119
-84.000665	84.000047	0.000047
-83.999714	83.999152	-0.000842
-84.001370	83.998959	-0.001041
-83.998380	83.999761	-0.000238
-83.999818	83.999879	-0.000118
-84.000957	83.999800	-0.000200
-83.999830	83.997905	-0.002091
-84.007126	84.001065	0.001051
-84.000712	83.999589	-0.000410
-84.001107	83.998561	-0.001439
-84.001130	83.999218	-0.000791
-84.001699	83.998198	-0.001798
-84.001845	83.999105	-0.000893
-83.999427	84.000237	0.000243
-84.001939	84.000103	0.000104
-83.995606	84.001074	0.001072
-83.999631	84.000578	0.000579
-84.000398	83.999701	-0.000298
-83.999890	83.999893	-0.000104
-83.998866	84.001929	0.001932
-84.002408	83.999081	-0.000918
-83.999660	84.000486	0.000489
-84.000618	83.999798	-0.000202
-84.000356	84.000357	0.000360
-83.999606	83.999915	-0.000088
-83.998280	83.999470	-0.000529
-84.000496	84.000607	0.000607
-84.003611	84.006992	0.006952
-83.999012	84.000891	0.000890
-83.998756	84.000344	0.000345
-84.002223	83.999754	-0.000246
-83.998624	83.994917	-0.005082
-84.000196	83.999812	-0.000188
-83.999632	84.000086	0.000088
-83.999546	83.999705	-0.000290
-83.999971	84.000491	0.000492
-83.999880	83.999847	-0.000151
-83.996673	83.999348	-0.000651
-83.997265	84.001417	0.001418
-83.999338	84.000143	0.000147
-84.002100	83.999500	-0.000501
-84.000055	83.999451	-0.000548
-83.998445	83.999621	-0.000378
-83.999826	84.000253	0.000255
-84.000510	83.999453	-0.000547
-83.999109	84.000714	0.000714
-83.997985	84.000440	0.000440
-83.999909	84.000008	0.000009
-84.000395	84.000143	0.000144
-84.000114	84.000195	0.000195
-83.999254	84.000362	0.000363
-83.999055	83.999407	-0.000593
-84.000070	83.999260	-0.000740
-83.856574	84.020948	0.020543
-83.999496	83.999622	-0.000377
-84.000574	84.000115	0.000115
-83.999158	83.999578	-0.000419
-84.000159	84.000203	0.000205
-84.000138	83.998687	-0.001312
-84.000425	83.999648	-0.000356
-84.000077	83.999850	-0.000150
-84.001706	84.000031	0.000031
-84.000022	84.000240	0.000240
-83.999143	83.999285	-0.000714
-84.000021	83.999587	-0.000412
-83.999836	83.999389	-0.000614
-83.999648	84.000009	0.000011
-84.000271	84.000731	0.000732
-84.000756	84.000887	0.000888
-84.001641	84.000249	0.000250
-84.000898	83.999034	-0.000964
-84.003957	84.004849	0.004844
-84.000738	84.000034	0.000034
-84.001730	83.999234	-0.000766
-83.998654	83.992680	-0.007353
-83.999528	84.000208	0.000209
-84.000726	84.000456	0.000460
-84.000111	83.999758	-0.000242
-83.999375	84.000627	0.000629
-83.998965	83.999967	-0.000034
-84.000097	84.000330	0.000331
-83.996222	83.996288	-0.003718
-84.000304	84.000054	0.000055
-84.000786	84.000095	0.000096
-84.000123	83.999686	-0.000312
-84.001519	84.002144	0.002144
-83.997961	84.001136	0.001140
-84.000576	83.998830	-0.001167
-84.000217	84.002118	0.002118
-83.999497	84.003368	0.003366
-83.999942	83.999887	-0.000110
-84.001329	83.997800	-0.002199
-83.953648	83.952422	-0.047752
-83.998334	84.003269	0.003268
-83.999952	84.003756	0.003759
-83.999869	83.999906	-0.000094
-83.999102	83.998244	-0.001755
-84.000079	84.000275	0.000276
-84.002601	84.001758	0.001760
-83.998953	84.000840	0.000841
