836.675909	-45.988608	-40.416529
815.062974	-13.799521	-3.180117
793.641370	51.758558	15.800565
777.773279	-34.464705	-29.762944
3012.540568	-713.304307	-725.452752
729.475833	36.901685	10.372825
725.782962	100.388927	51.707143
782.713427	76.827291	106.038836
912.380499	-3.704187	-42.650307
780.915924	-44.187452	-31.954299
802.865754	-79.179626	-97.624216
297.829979	346.521069	-126.624640
887.334519	6.477358	-24.352711
928.759960	445.593711	455.308755
834.297818	4.466555	2.825980
776.596832	36.654446	47.606080
748.088824	27.051320	20.983396
858.458336	146.275320	112.116031
664.308850	137.253134	91.416151
-13923.655928	96147.000219	96146.933033
764.417191	-33.976014	-14.943394
809.418014	60.419381	39.462479
810.760054	62.004408	40.294301
784.725439	127.692753	55.903268
678.214668	119.232827	94.200682
635.934984	-324.067957	-344.851069
1375.992237	703.343902	680.524692
899.592487	164.661190	162.744365
865.534773	245.876097	188.354126
1472.367179	-208.185947	-280.261362
812.450990	-13.414380	-4.645664
813.067193	-44.841761	-31.052187
170.278031	2708.793174	2699.891436
898.293681	-124.715898	-124.938335
559.215438	-54.734174	47.183894
817.021812	-22.037309	-34.226278
574.347631	9.863843	25.055231
921.542099	-176.341910	-96.112935
675.886138	38.469370	-186.756591
-230.845929	-258.839171	-270.615285
802.425658	-104.389659	-91.057338
897.997246	89.035983	82.641993
862.689472	-94.243520	-89.964619
694.500479	22.763558	20.601012
870.819836	-187.879329	-210.024332
1291.065329	49.303974	35.866695
665.020526	-31.961232	-15.594382
843.912845	-57.508085	-61.536685
774.023180	-64.585943	-57.367157
939.901148	19.608338	-53.989513
935.584703	156.167222	66.767003
711.925548	6.908896	26.487752
655.313034	73.905334	68.363873
856.283492	131.736899	115.981026
702.074623	-182.170898	-192.621417
770.965844	-27.153755	-8.672686
649.428940	46.326853	34.228090
416.538008	-189.489862	392.418982
799.606183	-79.015542	-41.367805
964.709895	4.028526	-50.292624
1132.204342	389.205268	646.008008
764.348878	-10.639264	-6.361961
697.708287	-88.882999	-71.272613
880.514938	-61.087490	-77.203314
774.496659	-129.566056	-98.419216
862.114167	182.601155	131.157597
888.016424	74.218768	65.638581
380.306468	579.609228	557.249334
1005.337236	-298.931922	866.867906
843.121745	-62.951829	-87.396266
685.106394	-146.822840	-71.061142
773.464108	-397.368761	34.715644
1338.382376	-2742.766830	-2403.214443
789.915645	-102.668081	-87.483799
825.380984	179.747225	137.656035
870.746510	114.319762	5.611184
797.955935	-98.617915	-81.736631
805.136310	70.467136	10.821315
803.743343	354.208552	245.086588
723.258747	206.354922	162.609752
538.019144	-140.755085	-154.161388
903.585447	131.449171	38.875944
1460.303235	802.182366	775.906688
789.638850	-103.419455	-85.035170
1110.331873	-268.358980	-349.423164
696.693574	31.738242	23.961530
885.808979	-53.119631	-53.885730
847.966004	-85.222387	-70.237055
789.027256	-126.601731	-104.068238
731.693883	36.316331	11.091471
1168.007020	-207.123357	-237.192727
933.288508	61.165575	-14.629017
810.210733	-98.242379	-84.156306
892.435484	112.994373	77.497779
1856.937888	-486.977364	-497.418933
616.723282	-26.125857	53.581388
630.027232	47.491983	48.648311
895.877811	15.550091	-22.115187
772.593661	-21.073190	-9.023556
765.137753	44.323811	1.263148
2185.757260	-412.726279	-432.370139
701.437704	24.829311	19.026573
1262.856679	111.635914	86.032548
577.136658	175.208653	102.148825
756.230009	69.016318	46.924626
768.329942	-80.472765	-121.360493
755.085704	-4.157709	5.728132
849.008549	-76.823577	-93.833468
257.210155	2207.381734	1840.827577
856.011844	192.054237	206.448624
-5212.845046	-2279.754429	4592.140145
1899.991269	73.800968	48.686542
758.190080	9.057127	13.818119
1099.175765	558.616421	522.542149
724.317063	12.358137	8.739843
623.841466	-117.927300	-161.859142
885.368884	-2.705333	-22.107599
726.640686	151.262612	87.448675
843.229696	-18.484405	-12.155118
726.239894	103.213100	52.762724
707.288621	317.116193	273.423985
1029.878823	-68.332554	-79.344647
725.272086	-101.716742	-80.597457
691.767016	-128.915536	-77.049711
848.345358	-83.703400	-70.358528
828.760871	-17.872266	-8.138833
786.635662	-96.691452	-80.781446
715.021045	119.044001	58.000139
2275.356572	-6931.784826	-6932.785080
882.173377	-108.147884	-117.757168
725.533547	150.001574	59.785362
886.256487	-107.235976	-116.178148
-2770.945274	-2170.179072	-2178.056358
673.584111	54.912920	43.980458
257.737076	737.330148	174.090858
828.534778	-24.505787	-16.280120
734.470091	311.165345	287.861718
1089.742489	99.623607	102.416934
787.414277	-105.694259	-88.720660
663.533198	128.051338	116.446207
-31553.778865	44363.370533	44363.296122
811.796295	-9.620588	-4.552184
194.006869	-68.056120	-83.176992
838.318145	-45.896167	-60.962228
820.463876	95.386553	75.129785
473.760470	295.837697	282.251948
-3653.548788	329.576516	-1691.277560
-4160.876409	-509.990727	-591.897663
816.856535	18.920061	7.906092
887.063570	-54.496173	-59.749164
812.034030	307.342714	249.190805
1094.326307	391.965045	515.479602
369.488530	-157.802453	-169.339840
812.307401	-56.164456	-44.995355
779.569356	-26.595406	-10.081098
696.302591	28.682545	23.875746
841.938146	7.880036	12.362331
682.957195	-147.027093	-70.547911
1199.598985	229.340936	-294.806443
638.686431	-122.164112	-86.993504
996.738871	166.493060	-50.422310
1004.922112	98.031587	72.967198
1015.385692	-37.345878	-69.614964
797.858617	268.238004	247.212939
795.217404	-54.837223	-41.793167
858.484722	12.203404	-25.034084
825.837744	-18.580655	-17.649905
872.302301	-457.242812	-436.236346
819.888714	12.375428	11.396242
1671.308332	45.021148	34.332337
927.649403	-97.263930	-92.027139
735.911006	-45.613188	-13.813282
750.463326	44.801992	26.313970
554.766842	-360.499674	-346.750671
3385.820670	-3849.087915	-4135.648560
671.100953	26.080465	43.895601
849.625851	85.760388	81.722053
913.346009	91.873266	60.112022
699.059196	221.280363	184.459674
726.598259	-293.459617	-124.688386
822.904411	-2.226594	-3.525445
857.350071	181.890174	124.271821
861.389242	182.958929	105.591175
494.916399	286.236776	267.031479
539.696390	189.325709	162.614620
513.879221	-3.635827	-74.244506
945.881097	-42.495009	-57.468086
124.443268	195.196507	180.909104
772.781285	53.897574	38.584036
947.787783	-55.847386	-52.978674
547.718852	38.244562	33.185188
391.430999	8.099680	28.351228
771.014761	4.971059	5.910219
804.284165	-82.289074	-79.802709
4143.319496	-1785.804055	-1827.405898
899.729681	250.056827	273.302466
868.004187	-96.889905	-94.192029
927.873003	109.019813	48.897087
790.669791	175.817489	76.616430
581.941099	69.265488	64.053394
877.697938	-2.331752	-9.696514
2884.171196	-278.258343	-297.010960
707.281939	-11.199562	-73.109823
616.953008	-53.716161	38.011429
-942.520452	1278.082820	179.646942
-1096.570707	1120.293086	-24.731752
-1138.784687	1217.312585	-237.551658
-1121.059415	1200.264568	-82.756698
-1149.423921	1230.890392	-65.950223
-1024.724301	1156.452106	-53.311257
-1126.210952	1184.193954	-127.587477
-1113.289413	1192.153451	-77.822643
-1134.899867	1216.643380	-65.931484
-1153.185021	1257.686676	-72.330519
-1133.887753	1207.543402	-61.592181
-1134.234111	1204.175723	-98.116149
-1628.916627	989.066623	-527.280577
-1104.585146	1186.665663	-53.176192
-1143.195512	1325.858745	-43.907788
-1087.675624	1065.434476	-182.842012
-1032.276405	1126.093828	-244.502695
-1099.877046	1190.293669	-190.759790
-975.114682	1149.721457	-45.073317
-1179.274159	1297.262151	-80.560730
-1162.030756	1235.572966	-71.656188
-1105.578983	1114.539084	-174.981377
-1133.173348	1190.954391	-77.599082
-985.667427	1193.547431	-15.537305
-1046.797775	1122.790536	-56.966402
-1128.321710	1225.833153	-64.918858
-1640.960561	1007.099100	-716.462251
-1177.868872	1329.641291	-58.935536
-1147.738993	1111.882512	-987.663340
-1125.382131	1182.680247	-77.779852
-1171.290622	1250.854775	-54.311757
-628.413144	2348.343453	-2526.764138
-1131.480888	1225.290552	-61.206767
-1029.626696	1218.556513	-64.774296
-1160.894559	1340.949005	-62.890205
-1182.891747	1252.704360	-58.120253
-1088.317403	1117.600123	-247.168458
-1138.573629	1267.676519	-47.845854
-898.004329	1219.201667	44.892138
-1092.144193	1087.252760	-214.230770
1974.427973	6820.002001	3285.857685
-951.205916	1015.343193	-356.007915
-1054.120081	1137.934800	-41.329775
-1163.606043	1247.844110	-81.897526
-1139.052018	1215.502134	-67.478665
-1135.810450	1217.230211	-61.515520
-952.807961	1767.972048	585.920204
-1147.436299	1114.172465	-161.212549
-1134.713292	1203.724455	-82.225030
1053.111362	-1999.914565	-3049.527009
-1128.644866	1104.570990	-141.875037
-1564.813705	1654.577368	-44.855015
-1125.840368	1274.861473	-77.235735
-875.779756	1157.491262	-150.283435
-1124.541941	1090.756744	-273.556212
-1160.770235	1188.963570	-200.016748
-1154.947752	1184.002648	-66.133113
-1061.014751	1062.449644	-90.474983
-1163.474046	1194.581916	-209.337312
-1197.336843	1195.705110	132.300888
-1026.346835	1184.005346	-38.764112
-1164.357394	1254.269167	-69.615576
-1105.406460	1221.844634	-78.771298
-1136.635218	1218.323512	-63.712798
-1245.393773	1191.408635	-778.013223
-1182.911146	1191.872142	-116.210822
-1119.229713	1268.056212	-77.338341
-1058.801534	1181.130111	-19.985070
-1123.589671	1238.197077	-64.310737
-1119.655974	1116.981310	-178.789146
-1118.706248	1030.310642	-501.060114
-1138.501190	1196.610062	-71.768971
-1112.955427	1075.967903	-161.665547
-1181.190363	1256.339865	-66.614457
-1147.364542	1111.644651	-164.713420
-1145.314480	1217.603954	-54.963715
-1172.205021	1223.387157	-82.942587
-1146.632253	1121.083095	-171.095841
-197.129564	778.316847	-272.683603
-1147.171561	1243.374254	-58.474668
-1072.658221	1201.068964	-84.217142
-1149.809933	1131.236791	-150.444888
-1131.828315	1223.028043	-65.178107
-1146.077476	1161.355355	-38.569841
-1134.102470	1253.337072	-62.827465
-1300.722823	1193.710432	-48.665602
-1125.316586	1191.777276	-75.002176
-1071.213395	1180.818041	2.428584
-1135.369178	1223.763029	-55.207453
-881.922630	1115.752729	-210.021995
-1104.269443	1204.955411	-68.219230
-1116.042869	1127.210327	-178.455220
-1137.573275	1199.000800	-69.603811
-2017.220029	1249.628036	-2306.800141
-1282.079251	1087.660648	-258.140002
-1132.815656	1227.166917	-54.565083
-1137.089183	1147.729642	-93.027144
-1082.531771	1061.452955	-225.169020
-1146.426397	1222.803577	-65.392692
-951.997044	1176.060304	-27.988623
-1182.697063	1242.136629	-67.689761
-712.739224	2065.210602	367.363810
-1128.100890	1222.986330	-63.477433
-1125.135097	1205.573334	-70.197859
-1144.557021	1420.777791	-103.068650
-1090.495507	1103.967145	-182.020070
-1063.927772	1194.776409	-61.884422
-1128.979867	1200.941755	-91.435583
-1144.019587	1250.567458	-61.122207
-1161.808908	1184.276511	-93.373893
-1093.080981	1217.109065	-63.924348
-1057.092751	1038.056695	-183.727527
-1077.487616	1158.915911	-65.189397
-1143.112479	1222.307275	-64.046773
-1141.928430	1221.559308	-68.968431
-1168.569989	1281.476448	-83.088082
-1138.507217	1340.613513	-71.082866
-1138.400651	1220.087362	-59.161219
-881.232209	870.982806	-294.445300
-1117.991218	1112.976170	-175.999800
-1174.732553	1257.016478	-74.295656
-1080.954969	1095.164903	-184.862301
-1131.973135	1224.728591	-54.681180
-1078.183394	1271.589689	-86.839768
-1143.296474	1119.969508	-177.970436
-1148.236196	1246.252133	-54.901987
-1165.730005	1296.891642	-77.140759
-1068.089504	1058.761967	-203.617510
-1133.210910	1213.366510	-68.616297
-1193.997609	1136.161995	-121.087066
-1156.932826	1186.781325	-66.690249
-1123.212390	1219.271712	-65.268096
-1071.415070	1091.718832	-189.523047
-1782.798105	2098.872844	-4036.132649
-1119.332225	1122.505176	-180.599051
-1095.990384	1099.859572	-99.339258
-1110.086425	869.243813	-159.781424
-1113.629514	1328.345997	-171.488353
-1095.244838	1147.973540	-175.156342
-1097.157315	1393.558171	-13.406357
-1165.794176	1249.467561	-61.321556
-1099.725901	1114.847866	-171.877544
-1110.999505	1117.668805	-131.284034
-1518.625996	774.749265	-439.463938
-1136.238007	1221.235102	-239.269049
-962.754149	744.146325	-462.052434
-1112.393982	1249.711647	-52.068869
-1112.659778	1210.456641	-95.546566
810.259801	576.335204	-53.127279
-1132.636345	1196.433782	-74.767585
-1146.058459	1143.676415	-180.721425
-1027.199704	1207.102365	-166.835463
-1022.585414	818.566359	-504.775193
-1145.095953	1224.167609	-60.123559
-1154.631636	1222.591070	-63.159682
-1124.450659	1217.202239	-64.605768
-1051.424806	1157.062091	-133.026950
-1146.212761	1241.073063	-59.308401
-1142.923594	1199.777716	-71.775268
-1141.438858	1232.146183	-60.149097
-1085.055698	1092.733510	-194.400411
-1160.288187	1263.000582	-70.542002
-1156.954794	1255.351159	-63.303832
-1008.961164	1146.942891	-116.459123
-1139.247825	1220.322585	-67.758246
-1078.620987	373.601530	131.338588
-1140.396705	1221.533322	-61.606598
-1121.611503	1186.465721	-80.696519
4402.808419	4390.717112	-45735.068423
-1132.220934	1159.195378	-104.140100
-1125.929806	1131.327293	-23.755446
-1451.976696	1010.278154	-180.276396
-1092.657844	1129.788566	-234.031764
-1083.185500	1058.241410	-184.112708
-1116.446220	1185.620769	-81.926444
-1125.083020	1165.644287	-141.808715
-1137.397911	1224.587614	-56.796773
-1160.296879	1252.192047	-68.261644
-1136.121605	1233.611878	-59.899254
-1153.875738	1246.140665	-59.475803
-1070.513968	1394.532574	83.963621
-1127.882361	1274.938381	-65.317173
-1123.976629	1208.151580	-59.882341
-1179.693698	1237.894955	-41.093181
-1157.373002	1243.693630	-71.159958
-1082.146087	1074.873548	-222.308720
-1117.662579	1182.445075	-104.018050
-1126.717967	1170.482467	-138.450424
-1115.113306	1111.911635	-152.815705
-1130.861313	1123.520706	59.194913
-1048.581071	1148.571488	-93.388874
-1152.773861	1257.521941	-60.541453
-1154.782960	1187.116101	-69.575546
-979.779338	1239.495825	44.599817
-1126.955825	1223.330568	-61.878682
-1017.239463	1158.552194	-185.765375
-1172.792894	1277.062190	-126.955591
-719.861539	1380.829066	-450.780256
-1126.285924	1086.897219	-201.377369
-1147.804522	1226.169202	-69.142309
-1145.358081	1246.620771	-59.864174
-1066.518256	1196.959487	-63.964942
-1126.365784	1188.240276	-76.281753
-1160.451851	1244.215120	-63.482724
