848.641674	-46.603321	-41.008614
826.564660	-13.862591	-3.323158
804.982735	52.478718	16.007241
788.986560	-35.039054	-30.118504
3055.612829	-723.511711	-735.834414
740.044073	37.306009	10.685180
736.249844	101.782503	52.560864
793.909381	77.912853	107.515589
925.365794	-3.789732	-43.237924
792.090393	-44.802680	-32.310135
814.527995	-80.156570	-99.061716
302.029504	351.527434	-128.418869
899.927286	6.606492	-24.682931
942.066651	451.960737	461.813820
846.283371	4.475773	2.830136
787.702604	37.179203	48.219688
758.751339	27.433838	21.204809
870.737778	148.294669	113.643566
673.806329	139.156139	92.708448
-14122.704796	97521.527336	97521.459189
775.401286	-34.315997	-15.263294
821.072477	61.142219	40.009230
822.290965	62.865104	40.640651
795.865346	129.555593	56.660988
687.919663	120.942470	95.537148
645.003773	-328.718556	-349.797297
1395.658561	713.445938	690.298553
912.412169	167.033692	165.040120
877.888092	249.374319	191.034198
1493.482472	-211.162287	-284.276572
824.242301	-13.507852	-4.793980
824.718385	-45.493323	-31.473763
172.688283	2747.566720	2738.537036
911.022106	-126.436094	-126.667521
567.220777	-55.479747	47.822835
828.726846	-22.299358	-34.723134
582.586790	9.986233	25.423073
934.743589	-178.853271	-97.521965
685.466989	39.008140	-189.555888
-234.161411	-262.522920	-274.469889
813.817451	-105.943769	-92.357601
910.764392	90.313677	83.723862
874.967123	-95.612164	-91.281497
704.628376	23.094513	20.952059
883.290674	-190.528044	-212.984613
1309.507360	49.978699	36.363762
674.548237	-32.450312	-15.803906
855.859031	-58.304711	-62.363306
785.202584	-65.500166	-58.113609
953.289561	19.840294	-54.748838
949.306717	158.803572	67.655780
722.163806	7.076654	26.728052
664.658422	74.945086	69.322031
868.550586	133.643216	117.617159
712.081040	-184.735194	-195.332047
781.973121	-27.539676	-8.741302
658.757149	46.957858	34.739823
422.421976	-192.232166	398.069082
811.070980	-80.167129	-42.027224
978.402077	4.067413	-51.029556
1148.400550	394.799085	655.289965
775.414485	-10.758664	-6.380124
707.768710	-90.159558	-72.281982
892.999762	-61.905980	-78.197726
785.642684	-131.319875	-99.757389
874.299191	185.191965	133.012364
900.665879	75.245914	66.608425
385.754586	587.932137	565.248426
1019.746420	-303.244939	879.440709
855.194751	-63.955443	-88.719229
694.986928	-148.871285	-71.944469
784.510383	-403.067004	35.202252
1357.546598	-2782.211363	-2437.780505
801.231582	-104.273206	-88.570612
837.222093	182.275768	139.574113
883.259270	115.973966	5.576473
809.323513	-99.945580	-82.874889
816.626656	71.369010	11.017308
815.234476	359.319743	248.652984
733.578420	209.318871	164.934920
545.742228	-142.775288	-156.371890
916.536175	133.476382	39.099308
1481.201626	813.701961	787.049940
800.927656	-104.589846	-86.181736
1126.241812	-272.218600	-354.450363
706.767844	32.203465	24.229932
898.436968	-53.910265	-54.666145
860.177789	-86.246281	-71.109162
800.261689	-128.280680	-105.494429
742.132270	36.854990	11.094960
1184.707411	-210.072661	-240.574786
946.581304	62.029902	-14.836267
821.666451	-99.644950	-85.348630
905.103045	114.594948	78.664460
1883.466257	-493.928690	-504.520252
625.569739	-26.491918	54.322616
639.092108	48.166148	49.355384
908.536480	15.759408	-22.446844
783.664821	-21.424337	-9.266845
776.116691	44.910323	1.351287
2216.993532	-418.643281	-438.569012
711.501480	25.299679	19.429867
1280.875525	113.262170	87.281237
585.379431	177.720634	103.616613
767.109313	69.963220	47.505510
779.149500	-81.462396	-123.397861
766.003555	-4.194700	5.794609
861.115435	-77.950598	-95.089512
260.844655	2239.068232	1867.249362
868.256185	194.823243	209.403033
-5287.697080	-2312.483247	4658.017876
1927.115321	74.852434	49.377713
769.052819	9.090724	13.970603
1114.875958	566.643797	530.051580
734.765300	12.626148	8.898034
632.756985	-119.642103	-164.158498
898.036061	-2.753244	-22.347006
737.047713	153.385000	88.658963
855.204185	-18.789256	-12.356700
736.600576	104.683979	53.400988
717.418701	321.699158	277.388376
1044.550450	-69.248445	-80.423037
735.695869	-103.187286	-81.732524
701.651824	-130.725161	-78.093596
860.335706	-84.978753	-71.558032
840.494336	-18.090104	-8.191883
798.036865	-98.050241	-81.991367
725.191200	120.721880	58.820790
2307.876444	-7030.933427	-7031.948007
894.858814	-109.690679	-119.312809
735.897929	152.079540	60.672572
898.821133	-108.724035	-117.866733
-2810.570699	-2201.251289	-2209.241410
683.278601	55.685120	44.551630
261.323223	747.957130	176.594151
840.291698	-24.728594	-16.491987
744.984219	315.629927	291.983391
1105.290925	101.076747	103.901436
798.685113	-107.010613	-90.015954
673.047479	129.891566	118.085305
-32004.865265	44997.594340	44997.518866
823.436412	-9.924500	-4.565464
196.790173	-69.025120	-84.364926
850.206987	-46.575011	-61.804285
832.144451	96.789703	76.180511
480.537402	300.067065	286.260944
-3706.161031	334.338711	-1715.570788
-4220.466194	-517.296264	-600.375336
828.523591	19.069754	8.021391
899.594513	-55.196729	-60.547940
823.651556	311.771832	252.793758
1110.027058	397.651076	522.941394
374.715430	-160.077423	-171.793772
823.930717	-56.910803	-45.674635
790.662008	-26.830409	-10.289121
706.191817	29.024031	24.227146
853.864444	7.921099	12.443822
692.520499	-149.222280	-71.517451
1216.799413	232.632033	-299.067174
647.879154	-123.911853	-88.240803
1011.042169	168.904951	-51.149187
1019.241977	99.459535	74.038273
1029.915437	-37.898820	-70.620465
809.233478	272.085695	250.746682
806.632158	-55.566215	-42.300449
870.686383	12.372419	-25.400653
837.613228	-18.930847	-17.823436
884.771083	-463.811526	-442.511532
831.509155	12.546560	11.514876
1695.196167	45.701944	34.859365
940.849968	-98.657545	-93.348478
746.469901	-46.264047	-14.055797
761.216771	45.397686	26.628236
562.644347	-365.663087	-351.719223
3434.259714	-3904.230277	-4194.894442
680.777431	26.454704	44.516333
861.822567	86.965165	82.900547
926.371613	93.235340	60.959116
709.071361	224.418659	187.066839
736.968318	-297.642986	-126.468929
834.553900	-2.241474	-3.713365
869.522353	184.478953	126.016808
873.643763	185.531407	107.159977
501.985529	290.284443	270.825712
547.422863	192.010824	164.911810
521.206559	-3.718059	-75.296573
959.350262	-43.124877	-58.329632
126.217342	198.020838	183.525794
783.831746	54.624153	39.173006
961.328869	-56.619684	-53.771990
555.627514	38.804654	33.677372
397.039924	8.208625	28.746493
782.051271	5.041741	6.040730
815.837137	-83.462169	-81.016215
4202.571510	-1811.368141	-1853.565443
912.556185	253.639340	277.216988
880.267263	-98.207334	-95.442824
941.084842	110.589882	49.588747
801.973173	178.330637	77.716531
590.309381	70.273835	64.990353
890.198243	-2.358863	-9.872329
2925.420512	-282.217246	-301.238471
717.415680	-11.404613	-74.144002
625.818908	-54.467921	38.545432
-956.125664	1296.378475	182.191308
-1112.425864	1136.432683	-25.179158
-1155.656821	1235.222991	-240.926107
-1137.161321	1217.438795	-83.834195
-1165.996363	1248.232902	-66.901560
-1039.436089	1173.041997	-53.989674
-1142.463455	1201.140010	-129.266034
-1129.318922	1209.312523	-78.777792
-1151.408906	1233.987274	-67.021393
-1169.776283	1275.587471	-73.355660
-1150.503512	1225.156019	-62.718203
-1150.554902	1221.381341	-99.382832
-1652.330867	1003.177783	-534.833191
-1120.648385	1203.828027	-54.127936
-1159.651535	1344.689810	-44.601545
-1103.410431	1080.740412	-185.509655
-1047.252942	1142.173409	-247.976140
-1115.808980	1207.262754	-193.399649
-989.316055	1166.169352	-45.773782
-1196.175849	1315.650027	-81.642461
-1179.159091	1253.068040	-73.254129
-1121.510567	1130.466820	-177.486251
-1149.380945	1208.134755	-78.369068
-999.954143	1210.630601	-15.804761
-1061.882222	1138.834917	-57.772470
-1145.329406	1243.339192	-66.176677
-1664.567061	1021.491887	-726.697043
-1194.810416	1348.553800	-59.834514
-1164.283545	1127.760940	-1001.978926
-1141.765224	1199.747167	-79.103850
-1188.074438	1268.864487	-55.159344
-637.485520	2381.927824	-2562.965501
-1148.114813	1243.140926	-62.248400
-1044.634887	1235.918638	-65.712136
-1177.619146	1359.984370	-63.801980
-1199.888772	1270.456767	-58.990453
-1103.990705	1133.575785	-250.596572
-1155.337285	1285.748325	-48.450968
-911.032272	1236.658546	45.548166
-1107.846711	1102.890090	-217.258489
2002.537841	6917.544354	3332.860857
-964.954537	1029.845389	-361.108362
-1069.432842	1154.238426	-41.951749
-1180.157384	1265.691751	-82.910512
-1155.259655	1232.925930	-68.247085
-1152.282069	1235.083510	-62.385393
-966.559697	1793.253605	594.322733
-1163.826438	1130.153650	-163.590631
-1151.209352	1221.007108	-83.470907
1068.048486	-2028.494440	-3093.096903
-1144.880018	1120.469633	-143.926233
-1587.328546	1678.191737	-45.521798
-1142.154982	1292.852571	-78.303433
-888.500775	1174.046864	-152.391819
-1140.738234	1106.381750	-277.416754
-1177.409217	1205.979420	-202.841247
-1171.388486	1201.078481	-67.132846
-1076.309120	1077.792114	-91.753332
-1180.212620	1211.633567	-212.232305
-1214.650581	1212.828747	134.212148
-1041.230111	1200.918593	-39.381836
-1181.212421	1271.965078	-70.687991
-1121.592621	1239.449022	-79.764162
-1152.740173	1236.162154	-64.438952
-1263.313596	1208.400473	-789.165539
-1199.820450	1208.984752	-117.787439
-1135.494378	1286.387027	-78.376086
-1074.237294	1198.094773	-20.363593
-1140.078168	1256.079228	-65.207861
-1135.761591	1133.139937	-181.092536
-1134.838878	1045.014872	-508.224887
-1154.864224	1214.057962	-72.976789
-1129.016563	1091.505766	-164.004014
-1197.929608	1274.131651	-67.568115
-1163.947069	1127.734196	-167.064843
-1161.729648	1235.034435	-55.795386
-1188.807814	1240.925514	-84.051422
-1163.146647	1137.180287	-173.538841
-200.106995	789.442485	-276.561541
-1163.906540	1260.892566	-59.354562
-1088.352106	1218.176621	-85.339820
-1166.346907	1147.478660	-152.656053
-1148.221672	1240.621947	-66.129600
-1162.562089	1178.111041	-39.249580
-1150.497627	1271.027741	-63.643491
-1319.371507	1210.780528	-49.334413
-1141.787812	1209.328403	-76.225661
-1086.752630	1197.642553	2.350418
-1151.932552	1240.714255	-56.328809
-894.663778	1131.703756	-213.028858
-1120.443802	1222.259979	-69.212078
-1132.186113	1143.371792	-181.007272
-1153.880446	1216.189240	-70.348635
-2046.286778	1267.498758	-2339.985260
-1300.529234	1103.189771	-261.820076
-1148.896087	1244.833791	-55.701777
-1153.564059	1164.279995	-94.273791
-1098.133179	1076.743820	-228.311689
-1162.612238	1240.248957	-66.430804
-965.852356	1192.855778	-28.407277
-1199.493969	1259.985538	-68.561194
-723.074348	2094.770779	372.648584
-1144.969289	1240.055801	-64.410633
-1141.556719	1223.139177	-71.314050
-1161.040414	1441.016386	-104.495480
-1106.288866	1119.809971	-184.575615
-1079.427341	1211.639880	-62.805410
-1145.229395	1218.302164	-92.433558
-1160.442695	1268.035565	-61.893304
-1178.504773	1201.375852	-94.621394
-1109.123474	1234.441391	-64.799262
-1072.389195	1052.982529	-186.357299
-1093.229106	1175.548507	-66.111294
-1159.724107	1239.395243	-65.398938
-1158.201309	1239.057934	-70.014650
-1185.264683	1299.576622	-84.212540
-1155.001874	1359.686305	-72.150460
-1155.117471	1237.903341	-60.153297
-893.973003	883.442861	-298.641628
-1134.212687	1128.951130	-178.369217
-1191.400150	1274.755791	-75.270056
-1096.567429	1110.775902	-187.479303
-1148.337764	1242.000484	-55.876975
-1093.833593	1289.649169	-88.005571
-1159.788784	1136.016145	-180.491063
-1164.878884	1263.733833	-55.807433
-1182.484163	1315.213783	-78.186041
-1083.502567	1073.920618	-206.471986
-1149.534682	1230.987006	-69.244948
-1211.036010	1152.428593	-122.775802
-1173.306264	1204.020741	-67.965667
-1139.710047	1236.575606	-66.153407
-1087.066580	1107.348869	-192.177090
-1808.403480	2128.873734	-4093.862339
-1135.389518	1138.599779	-183.066386
-1111.864320	1115.688439	-100.857794
-1126.081282	881.707422	-162.044834
-1129.683261	1347.223939	-173.917127
-1111.073266	1164.340522	-177.598675
-1113.020088	1413.453659	-13.612274
-1182.475050	1267.077979	-62.331058
-1115.712540	1130.739183	-174.219805
-1127.055892	1133.783876	-133.241538
-1540.464383	785.775999	-445.787437
-1153.120599	1239.135559	-242.582832
-976.618423	754.785078	-468.641923
-1128.693915	1267.464586	-52.990113
-1128.810681	1227.766004	-96.860753
821.832487	584.522460	-53.877908
-1149.039973	1213.640196	-75.468620
-1162.571759	1160.011772	-183.270404
-1042.068752	1224.311202	-169.145563
-1037.316598	830.255280	-512.006887
-1161.667848	1241.498403	-61.106637
-1171.144317	1239.821664	-64.217852
-1140.701883	1235.050803	-65.749219
-1066.659799	1173.596047	-134.859748
-1162.724061	1258.409270	-60.399547
-1159.217372	1216.865636	-73.166965
-1157.940137	1249.767729	-61.205600
-1100.769432	1108.351639	-197.125823
-1177.018009	1280.607436	-71.584152
-1173.244596	1273.174981	-64.255918
-1023.557253	1163.406465	-118.081218
-1156.025883	1237.456691	-68.925109
-1094.156395	378.893956	133.226527
-1156.673674	1239.116411	-62.266873
-1137.902455	1203.639267	-81.974068
4465.677416	4453.490931	-46389.275321
-1148.702822	1175.920380	-105.656036
-1142.129656	1147.619727	-24.241116
-1472.862230	1024.697055	-182.859908
-1108.445149	1145.943755	-237.311002
-1098.808214	1073.536761	-186.777190
-1132.510770	1202.999731	-83.161614
-1141.250651	1182.407644	-143.727865
-1153.799266	1242.089736	-57.856727
-1176.710130	1269.814056	-69.174973
-1152.757430	1251.307586	-60.560135
-1170.541175	1264.153236	-60.486045
-1085.958624	1414.482787	85.149856
-1144.447076	1293.183912	-66.190019
-1140.389212	1225.573881	-61.071618
-1197.059862	1255.834834	-41.679459
-1174.036106	1261.715541	-72.052715
-1097.775484	1090.264506	-225.408326
-1133.885851	1199.504521	-105.357476
-1142.902735	1187.103253	-140.275516
-1131.305166	1127.916979	-155.064186
-1147.197563	1139.593464	59.926895
-1063.829197	1165.129018	-94.685103
-1169.438187	1275.655285	-61.347712
-1171.301110	1204.202573	-70.575808
-993.986485	1257.217195	45.211813
-1143.595109	1241.025793	-62.549754
-1032.008936	1175.116101	-188.384010
-1189.629503	1295.271852	-128.637447
-730.218276	1400.618923	-457.273176
-1142.454717	1101.755036	-205.045376
-1164.376149	1243.428484	-70.323423
-1161.469893	1264.804384	-60.848695
-1082.034556	1213.938788	-64.808171
-1142.735005	1205.656647	-77.258963
-1177.194699	1261.865667	-64.306509
