-303704.734987	-535276.954521	-535276.959099
-121707.891061	554796.354087	554796.348210
117716.006564	56930.566128	56930.552440
111161.542046	-462643.428327	-462643.438585
177966.530874	-532655.343386	-532655.354157
-203209.441446	287229.865339	287229.859036
431485.550084	-370576.293577	-370576.319388
542214.163436	166676.514019	166676.463738
500448.972225	314819.641077	314819.607460
-134267.110311	595113.691571	595113.686044
123584.456200	-570480.496171	-570480.505351
275446.874304	-17651.845269	-17651.866457
135013.607936	304108.175044	304108.162690
239313.837832	-35285.780996	-35285.800054
605650.781368	-126758.214262	-126758.284957
-534668.972086	-246352.754056	-246352.757822
-482063.029585	322440.660425	322440.656507
313936.785763	130082.254153	130082.231353
103013.430162	-544097.368694	-544097.377830
229339.216301	183417.963343	183417.946081
521517.959686	313914.381708	313914.345470
-257654.099806	554123.825851	554123.821113
616642.837593	27416.184379	27416.104050
-98288.151265	582267.396266	582267.390328
-244431.087495	-258786.783474	-258786.789501
-139617.978534	-329333.341522	-329333.348550
296834.444579	-336445.908477	-336445.926915
513569.057602	7101.450838	7101.401649
-122073.895803	-140574.173075	-140574.181003
-501179.300606	129938.554280	129938.550225
-130309.854462	434426.775170	434426.768698
-346658.932045	484719.395165	484719.390793
171777.956063	135909.061074	135909.045813
-248027.692679	532197.639495	532197.634594
-199155.035932	76796.252044	76796.245171
-113651.882410	360154.899638	360154.892562
31380.584743	515525.029363	515525.021361
-60623.774441	376232.844189	376232.836473
-289568.085816	-458162.700007	-458162.704971
-462785.604071	-108093.465956	-108093.470301
-145908.454997	450360.894731	450360.888517
31146.367856	443601.640069	443601.631420
-175197.726694	190509.692524	190509.685569
-171912.663086	-9967.015686	-9967.022991
-14565.846292	-472921.359328	-472921.367240
70368.167966	614533.936321	614533.928711
-267457.677932	-357753.672243	-357753.677743
502229.732931	35832.916674	35832.869984
568561.247953	-27557.079589	-27557.142371
26737.093586	-528538.756230	-528538.764284
407031.574779	123987.446815	123987.415802
-160799.331861	595580.117443	595580.112145
403179.733366	-462759.794218	-462759.814537
-11449.056662	204140.565364	204140.555771
-24336.389787	-208838.640886	-208838.650346
352631.322841	-384645.070525	-384645.090651
265734.173430	-137337.815670	-137337.835653
172614.896600	538144.172157	538144.161955
580793.680503	31172.903279	31172.836503
-456493.857507	415573.725176	415573.721298
-377768.792127	2904.969698	2904.964668
98737.071911	-591936.374890	-591936.383402
262834.955125	-557301.471641	-557301.484038
-422510.623467	-126018.335165	-126018.339790
28727.858423	35567.030853	35567.019739
-335093.048401	213352.690648	213352.685465
476976.580164	350284.691246	350284.662065
-472483.619197	-380176.952799	-380176.956714
400471.722600	-256770.053621	-256770.081037
270369.038324	-61818.819096	-61818.839870
601221.929505	27452.002936	27451.928870
-33152.240651	-571538.825731	-571538.832619
-286369.191416	-490814.781517	-490814.786388
-488655.497769	-370718.364948	-370718.368788
51618.857984	-230726.931120	-230726.942162
-406064.150636	409074.580860	409074.576661
513446.490677	-92882.222699	-92882.270556
437512.431471	242712.801856	242712.771402
381686.811028	-230275.749043	-230275.775596
-352175.297127	-459447.089059	-459447.093551
414499.101155	383822.901152	383822.878329
503415.865394	312462.286166	312462.252036
-12293.069871	-596869.168517	-596869.175453
8247.363478	107627.452203	107627.441765
-476432.929075	-79659.133602	-79659.137868
43239.407656	-616624.188420	-616624.195877
-440695.550468	26889.648701	26889.644174
445667.801883	326426.979185	326426.951630
466150.323677	314816.258177	314816.228183
-129453.331299	550167.858178	550167.852348
-582052.302722	-85097.915248	-85097.918871
-12137.521431	-608688.723419	-608688.730260
-240751.435051	-480889.510494	-480889.515776
530110.684732	-159287.337041	-159287.385774
476828.304697	-373635.246378	-373635.275948
77509.529109	-166561.481632	-166561.493737
617832.393293	-17361.344700	-17361.425228
22105.344828	417259.494453	417259.485727
-599088.055086	2453.933711	2453.930167
-499602.622157	-113715.797589	-113715.801685
-609681.651023	21584.834244	21584.830758
-475109.386048	20647.441730	20647.437446
-445687.201907	-2269.491711	-2269.496206
-598691.565751	-154438.141373	-154438.144874
267394.428650	-476699.885191	-476699.899375
-248523.484320	-11188.514715	-11188.521034
132972.396439	-442013.769632	-442013.780632
-297331.385462	241591.497292	241591.491827
78845.312902	513923.219478	513923.210713
-76341.955455	-90883.235416	-90883.244218
-543143.655111	-27514.593781	-27514.597637
186572.364548	520356.772943	520356.762190
-399803.948932	424161.134780	424161.130580
-155626.407882	95379.719442	95379.711997
558908.839917	265482.122361	265482.076577
19610.540369	926.077270	926.066351
-317331.859639	-482117.439784	-482117.444452
476433.479935	-81128.074106	-81128.115566
-457545.042680	-138758.943304	-138758.947665
-526610.883857	-214118.017730	-214118.021578
-108683.100867	-512583.889021	-512583.895441
305857.970952	-533730.524120	-533730.538279
-335143.670390	517011.074532	517011.070190
-493726.257232	-262392.883843	-262392.887829
-279448.790355	312775.484988	312775.479547
-189034.504271	-567738.171120	-567738.176449
83546.238344	-494476.617607	-494476.626953
155399.776124	-575784.838543	-575784.848234
487580.373224	320858.629876	320858.598027
4215.959589	469513.393783	469513.385786
68698.281058	-15082.580174	-15082.592419
76498.380832	498251.952562	498251.943673
568461.846011	-243519.751596	-243519.803035
-589018.294732	27749.254427	27749.250834
-278709.110270	377827.209935	377827.204696
-71991.396717	-592242.251029	-592242.257327
388477.833129	-51066.666877	-51066.697183
-121180.364949	591488.985228	591488.979562
392984.355203	-263804.074063	-263804.100619
497767.226185	-325353.522782	-325353.557247
510452.237699	-191346.032386	-191346.075931
484067.665333	33493.378589	33493.335247
-444847.401604	203895.779076	203895.774729
-59530.677931	-615574.701622	-615574.707887
-283141.296463	-288869.677998	-288869.683552
-351394.203070	-492001.875332	-492001.879729
-412019.935464	-33504.143178	-33504.147928
-376907.774892	-441774.459201	-441774.463575
356846.665117	184058.159940	184058.134941
-163549.916798	-529463.135344	-529463.141101
-19709.855826	4391.503667	4391.493667
359436.137054	446401.306206	446401.288444
-399040.585344	419805.855394	419805.851177
613979.151295	2099.958976	2099.879788
-305706.547738	30386.404515	30386.398827
540890.882845	-50776.571633	-50776.626547
-111742.412087	184787.665670	184787.657788
618052.602049	23189.280958	23189.199980
218719.934881	259659.933776	259659.918010
593383.347934	172561.584533	172561.521548
3027.439948	-175404.098566	-175404.108750
-321178.480836	-93647.273301	-93647.278816
274213.999625	-486194.011197	-486194.025403
207553.147330	-164078.382587	-164078.399369
-258035.282554	-508147.655961	-508147.660988
436754.909604	425347.572300	425347.549704
281257.854394	549413.210491	549413.197941
402501.973172	264441.133290	264441.106901
-379404.649530	45099.551980	45099.546978
-227379.804088	-288683.146228	-288683.152353
-331563.776311	506328.557265	506328.552864
569632.548588	240778.591593	240778.541412
-610289.697710	35364.016520	35364.013040
-411822.762664	385048.622515	385048.618293
38265.140405	-222756.336155	-222756.346919
181499.905329	426337.329653	426337.317624
-15170.334920	606765.611207	606765.604574
-310438.426017	46478.451356	46478.445723
374695.501272	-165693.503304	-165693.530733
352682.341071	-381494.882187	-381494.902412
248633.978053	-271089.419829	-271089.437185
-263391.830286	285860.757699	285860.752026
-347059.405194	247528.541363	247528.536351
481873.837058	184424.772077	184424.733585
415538.435392	-444328.020016	-444328.041734
-78830.032700	-578645.411105	-578645.417424
-522598.007341	-139088.178660	-139088.182597
356009.044073	-89030.349221	-89030.376108
-29512.701002	-347866.927456	-347866.936041
261757.292857	131215.344522	131215.324991
-356378.311117	491110.123245	491110.118958
-428174.956973	300693.065849	300693.061552
-409660.602810	-179061.069161	-179061.073831
584498.611666	99413.072929	99413.007126
-352193.367090	403407.901020	403407.896441
594060.018854	-153105.325105	-153105.390147
-554329.426755	-230699.882777	-230699.886450
143680.012822	332747.155317	332747.143054
608551.685919	-56509.682988	-56509.758571
-318371.612582	-90532.979479	-90532.985025
-455011.090737	137944.831795	137944.827441
-441106.941624	-7988.804627	-7988.809156
-179230.137104	288976.647849	288976.641273
50575.750800	423013.059042	423013.049863
918988.003880	223705.410810	102737.082928
2102372.892400	-74945.363145	-195913.759463
2038255.413056	-29548.004361	-150516.400314
1105863.838051	489730.803046	368762.427071
1776791.271352	-42887.407495	-163855.801178
1539571.278597	674562.197959	553593.805076
1394098.247660	636150.167599	515181.777351
1319908.594839	666756.612824	545788.223593
951742.042618	337902.242384	216933.895294
2112705.455260	326559.334423	205590.934582
1979962.797461	-128231.269758	-249199.665405
2039274.785914	405967.927097	284999.530944
936813.527662	-24794.189620	-145762.523493
1908694.982339	526043.621038	405075.225455
1647487.151785	-486337.695886	-607306.089924
1066304.108911	235017.545259	114049.183322
1856703.151700	-220754.456446	-341722.851313
1217330.045510	646088.017403	525119.631242
1913849.561114	201574.548029	80606.153034
1915021.318616	-299736.141674	-420704.537204
1863340.045676	-393667.221116	-514635.616553
1036748.899723	-90429.419878	-211397.779892
1907308.173150	-320463.632846	-441432.029630
1492002.603591	479401.195325	358432.804886
1142702.319351	400647.508822	279679.133423
1529486.235232	360068.703102	239100.312808
1318159.160511	393698.260463	272729.875805
1271406.886536	154583.818725	33615.438923
1728986.814174	690983.844885	570015.450000
1847094.113297	9473.954477	-111494.439933
1368635.037474	-445871.832153	-566840.221861
1709600.366037	35897.372150	-85071.020612
1175671.655512	-306349.062160	-427317.442905
1054287.209898	491601.022786	370632.650454
1357800.777345	323009.686591	202041.301307
2045696.889960	-216291.697463	-337260.093666
1151570.820041	264522.025100	143553.652696
1114835.671637	-63218.890338	-184187.259239
1858710.089478	-370947.839136	-491916.235538
1651481.941625	-432206.578605	-553174.972453
1523044.965215	723361.638930	602393.245722
1645034.624810	726149.462602	605181.068162
1045765.677521	-255290.204258	-376258.577114
974359.650367	83362.586651	-37605.753527
1107495.626103	-210753.530670	-331721.903985
2061263.607700	311971.150496	191002.754135
1002386.369167	184980.703887	64012.354828
1879353.042869	-98976.680214	-219945.075088
2018808.128013	102159.533844	-18808.861918
2036013.861406	313037.804809	192069.406603
2054706.016746	446253.245726	325284.849242
1823434.467982	-259887.587742	-380855.982624
1134418.536110	-127859.209054	-248827.581785
1584497.505760	735561.639511	614593.245328
1276188.705653	414422.196101	293453.812526
923469.188696	-1146.095032	-122114.422800
1586221.519321	-168045.947895	-289014.339274
1783678.792396	-403500.457673	-524468.852679
1019075.491190	453780.790904	332812.424286
2064467.322538	-160258.221901	-281226.618238
1991877.389300	-265907.120838	-386875.516938
1901910.001128	-342951.970855	-463920.367846
1757537.067253	-120308.044295	-241276.437994
925446.393028	116139.597707	-4828.726231
1255757.903409	172781.811285	51813.431047
1981979.707614	537626.169048	416657.772869
1336030.424273	-455028.005207	-575996.395160
1922311.700687	66819.804722	-54148.590379
1162181.048208	-159558.768397	-280527.144463
1097841.589250	550651.690652	429683.312574
1952104.065501	381569.523659	260601.128010
1935631.386632	204681.408094	83713.009762
1049557.913432	-163319.011524	-284287.377153
1612847.313761	-224716.028688	-345684.420861
1755851.708276	666991.695636	546023.300208
2015314.513338	207752.422400	86784.026497
1059288.235734	157912.995155	36944.635984
1775343.741246	-363728.671293	-484697.066266
1745605.193821	434649.749775	313681.355869
1524656.239869	-164498.216674	-285466.607038
1554722.984882	-481765.549894	-602733.942978
1647817.127780	-258561.969141	-379530.362127
1227364.074125	-128350.545847	-249318.925271
1910986.757211	421112.470009	300144.074512
1196630.934714	145073.348166	24104.973333
1197995.220021	-175798.480804	-296766.859986
1655633.296948	-163701.559478	-284669.952141
1891499.641749	-232847.085924	-353815.481902
1057401.933367	-227162.505401	-348130.875737
2109396.428475	-88529.663938	-209498.064398
1865851.555681	347262.898868	226294.503968
1608339.201917	-418082.593434	-539050.987043
1575287.891056	715545.132588	594576.737218
961533.892714	138792.552489	17824.215019
1991112.682778	115691.453993	-5276.942559
1029899.716593	233440.518997	112472.161942
1009047.593123	-116530.915869	-237499.273524
1005549.480842	126506.314173	5537.965230
2144528.702796	124561.046102	3592.649563
2088070.848541	280784.921511	159816.524737
1741160.606056	607928.619624	486960.224936
2097229.724748	212581.205645	91612.809202
1091012.951670	-169038.569165	-290006.940257
1211657.780615	-70290.637119	-191259.014534
1916404.531482	-207376.895825	-328345.291832
1475000.299093	-365846.624326	-486815.015218
2083669.181867	394429.574893	273461.178008
1460679.912911	-104014.574202	-224982.962572
2029304.708111	-3866.505842	-124834.902434
1913509.618347	586356.845497	465388.449587
1656305.326038	717205.311809	596236.910102
1856565.306903	181548.311313	60579.916607
1771164.458664	400088.857164	279120.462861
1896859.360596	-157023.423031	-277991.818414
1947567.223397	40336.113646	-80632.282125
1304454.094328	290428.922639	169460.539802
1131416.207031	580784.697127	459816.315928
1864933.799796	268213.611301	147245.216505
2129606.122133	21538.853732	-99429.542810
1805011.772879	-375563.701767	-496532.098385
1737708.231037	-329907.942624	-450876.337098
1680442.545253	716982.181045	596013.783065
2110983.716828	329142.737394	208173.935277
1886927.942052	-380852.165489	-501820.563863
2046572.859834	200027.365768	79058.968489
1555413.666852	40288.936862	-80679.453223
1472513.344589	-277716.074428	-398684.464471
1696567.338010	-52785.788648	-173754.181504
1863724.190887	28603.243747	-92365.152060
1842612.351709	-151551.380419	-272519.775471
1161047.885487	-237816.727015	-358785.105300
1922170.927385	-345250.297505	-466218.698291
1177584.206163	523295.894507	402327.512990
1609656.577207	-439390.982181	-560359.377404
1742191.155019	-62183.227762	-183151.621954
1057748.826901	511250.012465	390281.637135
1897859.733478	-331107.082958	-452075.493054
1338034.057150	-273789.995441	-394758.382013
1612956.941732	-481012.231129	-601980.626061
1053323.220984	-220648.739685	-341617.142211
928200.005127	-15672.676940	-136641.120525
1104561.637900	-320887.377402	-441855.768475
1420731.288021	381112.297075	260143.909094
949738.465691	215378.019532	94409.681158
1849748.320112	-406127.049989	-527095.449436
1380576.374415	-115977.538386	-236945.924502
1754287.773853	515316.847761	394348.453373
1022135.633132	114113.782721	-6854.571873
1346622.151340	516765.771414	395797.383890
1667201.454354	-481860.080602	-602828.479134
927261.373184	-16540.201775	-137510.516561
2116324.697088	218542.142936	97573.742541
1009841.864743	143980.400961	23012.048030
2026142.563769	480725.596646	359757.200099
1303303.073167	684034.893364	563066.502843
1506458.817276	165771.721490	44803.332526
1993637.345106	26536.334422	-94432.061864
2102663.369385	53017.877310	-67950.519386
1447680.635427	-491439.750166	-612408.141934
1049898.583994	-255335.498113	-376304.248517
1674411.217756	-17008.574708	-137976.967413
1740561.905645	143228.959655	22260.566423
1494889.624035	136395.558146	15427.169087
1719364.040726	-148598.667524	-269567.061257
1601382.895783	676963.631632	555995.237407
989960.318940	-162794.940584	-283763.298293
1875253.973697	546863.498141	425895.102130
1254852.263346	-132956.965385	-253925.348023
931718.103730	146144.461097	25176.131985
1830999.167385	528858.950410	407890.554893
1508070.340294	349547.203956	228578.812163
921661.962211	236487.663134	115519.326905
1580555.342123	-214378.531949	-335346.924568
924144.718135	191871.320479	70902.991965
2027629.045569	138407.078483	17438.681880
1416476.985159	725951.927661	604983.535807
1102684.117579	-319274.444645	-440243.614116
1164984.244383	-316809.725319	-437778.111872
2080113.469041	344269.590450	223301.192325
2134425.472872	74123.301641	-46845.095501
1347072.161717	-402442.516729	-523410.905637
1765145.510163	-57176.416449	-178144.815532
990365.841236	-112566.713792	-233535.072534
1469596.180806	434625.848022	313657.458201
1974200.846430	544208.128832	423239.713420
1889004.760166	-346650.212390	-467618.625555
1347825.664619	300337.304068	179368.918075
1872426.546706	239221.459976	118253.064489
1916999.763875	7082.124312	-113886.271413
1535056.695480	-427524.827095	-548493.219818
1077458.658903	-212339.083484	-333307.459297
1378657.515432	402807.245574	281838.858167
1983245.750183	514528.812515	393560.414737
961052.069021	-41521.693441	-162490.037093
941488.204265	303825.225663	182856.883489
2139747.347801	105845.475875	-15122.922935
1352536.229286	159751.130554	38782.746511
1023305.570148	-150682.520007	-271650.883910
1660679.625210	364770.960643	243802.567970
2076883.419785	406904.841001	285936.438546
1956912.300919	389397.781924	268429.366605
1429599.817777	-182696.050832	-303664.439106
911559.428833	141634.496180	20666.172457
1735807.680675	-225946.454783	-346914.848786
