-303704.606619	-535276.761545	-535276.766525
-121709.546784	554795.469362	554795.462958
117715.989259	56930.549699	56930.534774
111161.603346	-462643.400602	-462643.411765
177966.435317	-532655.341682	-532655.353400
-203209.130678	287229.886157	287229.879290
431485.568453	-370576.266683	-370576.294804
542214.172457	166676.518356	166676.463305
500455.299730	314814.451655	314814.414887
-134266.183544	595113.190638	595113.184615
123584.475180	-570480.445963	-570480.455950
275446.817152	-17651.940369	-17651.963487
135013.653837	304108.245973	304108.232498
239314.029074	-35285.789604	-35285.810392
605650.642867	-126758.249970	-126758.327269
-534668.947198	-246352.525314	-246352.529412
-482062.847820	322440.643913	322440.639647
313936.751403	130082.267705	130082.242810
103013.480670	-544097.415686	-544097.425625
229339.257431	183417.917459	183417.898620
521516.412224	313914.331816	313914.292171
-257653.978784	554123.595305	554123.590144
616642.927263	27411.984063	27411.896077
-98288.670135	582267.387565	582267.381094
-244431.062699	-258786.877169	-258786.883729
-139617.976150	-329333.319060	-329333.326710
296834.503136	-336445.898751	-336445.918837
513569.125323	7101.556997	7101.503213
-122073.845964	-140574.145360	-140574.153994
-501179.105977	129938.529397	129938.524982
-130309.985459	434426.918932	434426.911879
-346659.714528	484720.129666	484720.124905
171778.018649	135909.053968	135909.037320
-248027.729625	532197.717569	532197.712230
-199154.968921	76796.258182	76796.250695
-113651.826938	360154.914862	360154.907151
31380.725767	515524.909107	515524.900383
-60623.813896	376232.844322	376232.835912
-289568.132063	-458162.879513	-458162.884913
-462785.671197	-108093.502396	-108093.507125
-145908.248583	450360.695191	450360.688420
31146.376163	443601.494829	443601.485401
-175197.671250	190509.688599	190509.681020
-171912.695497	-9967.001999	-9967.009956
-14565.796982	-472921.391541	-472921.400150
70368.118796	614533.840747	614533.832451
-267457.637352	-357753.643349	-357753.649334
502229.222961	35832.709336	35832.658280
568561.299389	-27557.044501	-27557.113178
26737.139045	-528538.755027	-528538.763789
407031.581962	123987.452591	123987.418702
-160798.753836	595579.949062	595579.943289
403179.784505	-462759.548371	-462759.570492
-11449.067308	204140.544123	204140.533665
-24336.251658	-208838.587440	-208838.597743
352631.467367	-384637.622221	-384637.644142
265734.189058	-137337.797530	-137337.819320
172614.968484	538143.930642	538143.919515
580794.444599	31172.657596	31172.584497
-456493.470190	415573.666245	415573.662022
-377768.900724	2904.982029	2904.976553
98737.123647	-591936.174317	-591936.183576
262834.924533	-557301.349329	-557301.362817
-422510.849425	-126018.303236	-126018.308270
28727.851123	35566.938976	35566.926862
-335092.971814	213352.791413	213352.785768
476976.554919	350284.338007	350284.306105
-472483.925385	-380176.690026	-380176.694286
400470.777639	-256770.778551	-256770.808443
270369.043073	-61818.742396	-61818.765057
601223.028905	27451.749609	27451.668505
-33152.276535	-571538.961510	-571538.969001
-286369.201755	-490814.691272	-490814.696570
-488655.005476	-370718.565348	-370718.569525
51618.265816	-230726.529088	-230726.541115
-406063.607968	409075.270577	409075.266004
513446.425238	-92882.120669	-92882.172957
437512.410785	242712.850794	242712.817502
381686.898110	-230275.850463	-230275.879418
-352175.167208	-459447.110116	-459447.115002
414499.174479	383822.824918	383822.799984
503408.871192	312468.113512	312468.076182
-12293.192384	-596869.605101	-596869.612645
8247.382686	107627.422685	107627.411307
-476432.835945	-79659.249464	-79659.254108
43239.310232	-616624.020615	-616624.028726
-440695.603502	26889.415370	26889.410441
445668.393164	326426.787111	326426.756992
466150.887327	314816.500624	314816.467831
-129451.592993	550168.954437	550168.948085
-582052.101158	-85097.904021	-85097.907964
-12137.612344	-608687.999605	-608688.007046
-240751.645128	-480889.580094	-480889.585841
530110.687982	-159287.320453	-159287.373676
476828.132707	-373635.173314	-373635.205534
77509.491215	-166561.503000	-166561.516188
617832.135591	-17361.059274	-17361.147438
22105.609451	417259.665323	417259.655811
-599087.942948	2454.251223	2454.247367
-499602.351317	-113715.801667	-113715.806126
-609680.989939	21585.174217	21585.170423
-475109.005328	20647.323083	20647.318419
-445685.830199	-2271.015660	-2271.020554
-598691.365953	-154438.103556	-154438.107365
267394.865328	-476700.509523	-476700.524961
-248523.502595	-11188.486089	-11188.492970
132972.289402	-442013.891286	-442013.903258
-297331.441997	241591.508965	241591.503013
78845.146632	513922.830145	513922.820588
-76341.942978	-90883.235946	-90883.245534
-543143.538584	-27514.566272	-27514.570469
186572.173712	520356.884026	520356.872297
-399803.272394	424156.695811	424156.691237
-155626.467901	95379.680801	95379.672690
558908.747019	265482.026055	265481.975925
19610.502082	926.137851	926.125950
-317331.691790	-482117.415092	-482117.420171
476433.653869	-81128.065621	-81128.110908
-457544.972895	-138758.747099	-138758.751845
-526610.923597	-214118.115579	-214118.119767
-108683.102022	-512583.915462	-512583.922446
305857.831525	-533730.452448	-533730.467854
-335143.430215	517010.211952	517010.207223
-493726.316507	-262392.765237	-262392.769575
-279448.685639	312775.375226	312775.369300
-189034.405292	-567738.047131	-567738.052927
83546.278387	-494476.609465	-494476.619634
155399.460509	-575784.687996	-575784.698538
487581.242071	320857.888405	320857.853577
4216.090704	469513.303948	469513.295230
68698.200291	-15082.522632	-15082.535979
76498.312606	498252.229108	498252.219415
568461.779985	-243519.683353	-243519.739502
-589018.954324	27749.103564	27749.099653
-278709.122709	377827.183493	377827.177786
-71991.290262	-592241.896762	-592241.903612
388477.852627	-51066.696456	-51066.729541
-121181.278491	591489.003818	591488.997644
392985.222452	-263803.150359	-263803.179311
497767.140060	-325353.509007	-325353.546581
510452.267001	-191345.929501	-191345.977037
484068.480289	33493.381407	33493.334024
-444847.293986	203895.752465	203895.747732
-59530.535874	-615574.373108	-615574.379922
-283141.142489	-288869.638804	-288869.644848
-351393.847359	-492001.692382	-492001.697165
-412020.008196	-33504.010305	-33504.015476
-376907.493515	-441774.570086	-441774.574843
356846.692448	184058.128095	184058.100787
-163549.861803	-529463.114323	-529463.120585
-19709.641556	4391.514296	4391.503400
359436.157518	446401.229004	446401.209610
-399041.546537	419809.252347	419809.247755
613979.002303	2100.151378	2100.064670
-305706.674640	30386.660969	30386.654774
540890.983774	-50776.479545	-50776.539583
-111742.447626	184787.660323	184787.651734
618050.309954	23193.255924	23193.167229
218719.944599	259659.907954	259659.890748
593383.198129	172561.555128	172561.486096
3027.479120	-175404.154667	-175404.165760
-321174.274601	-93642.528083	-93642.534088
274213.518744	-486193.366622	-486193.382083
207553.205525	-164078.346432	-164078.364725
-258035.395843	-508147.447151	-508147.452619
436754.854251	425347.451101	425347.426414
281257.789952	549413.140625	549413.126931
402502.133678	264441.090172	264441.061335
-379404.628279	45099.431476	45099.426029
-227379.880629	-288683.075767	-288683.082435
-331564.148021	506328.930611	506328.925817
569632.403158	240778.679134	240778.624172
-610289.145294	35363.359384	35363.355596
-411822.591129	385048.870799	385048.866202
38265.678557	-222756.608227	-222756.619952
181499.857055	426337.308183	426337.295062
-15170.374084	606765.509601	606765.502371
-310438.383125	46478.112778	46478.106644
374695.520739	-165693.484911	-165693.514832
352682.244549	-381502.251277	-381502.273307
248634.024943	-271089.400016	-271089.418927
-263391.805620	285860.805271	285860.799092
-347059.229260	247528.481635	247528.476176
481873.872068	184424.763496	184424.721392
415538.255270	-444328.110774	-444328.134422
-78829.626383	-578645.747399	-578645.754272
-522597.776096	-139088.055784	-139088.060069
356009.081785	-89030.304494	-89030.333833
-29512.696611	-347866.909745	-347866.919091
261757.376281	131215.357866	131215.336549
-356377.063802	491109.584735	491109.580066
-428174.882521	300693.077985	300693.073305
-409660.636738	-179060.970973	-179060.976057
584498.569401	99413.005162	99412.933079
-352193.541142	403407.925397	403407.920409
594059.943124	-153105.177558	-153105.248645
-554328.992535	-230699.897252	-230699.901250
143679.986587	332747.051721	332747.038345
608551.532490	-56509.538065	-56509.620771
-318375.894505	-90537.653989	-90537.660028
-455011.100145	137944.789929	137944.785189
-441108.130043	-7987.146165	-7987.151096
-179230.565168	288976.611889	288976.604724
50575.374174	423013.133409	423013.123402
915628.397198	227065.685626	102737.364457
2099012.937236	-71585.686116	-195914.082108
2034895.293960	-26187.860569	-150516.256162
1102503.722050	493090.814828	368762.440996
1773430.941073	-39527.723834	-163856.116953
1536211.374423	677922.243518	553593.851260
1390738.225326	639510.153860	515181.764470
1316548.477017	670116.709421	545788.321138
948382.046516	341262.113167	216933.770921
2109339.827832	329927.261327	205598.861375
1976602.695921	-124871.266480	-249199.661739
2035914.944135	409327.882284	284999.486470
933452.484464	-21433.067307	-145761.394858
1905334.945720	529403.646842	405075.251647
1644127.420697	-482977.411553	-607305.805056
1062943.877335	238377.468954	114049.110503
1853343.270667	-217394.498684	-341722.893094
1213970.087006	649447.965613	525119.580671
1910489.970405	204934.612554	80606.218003
1911661.088661	-296376.430656	-420704.825788
1859979.831746	-390307.037801	-514635.432830
1033388.805589	-87069.541363	-211397.897627
1903947.682512	-317104.224806	-441432.621262
1488642.560573	482761.119386	358432.729794
1139342.324354	404007.491207	279679.118018
1526125.913868	363428.564493	239100.175063
1314799.170013	397058.256670	272729.873382
1268046.714987	157943.969654	33615.591685
1725626.736847	694343.763199	570015.368762
1843734.260664	12834.072641	-111494.321270
1365274.894410	-442511.793991	-566840.182768
1706240.382740	39257.312821	-85071.079294
1172311.151178	-302989.373048	-427317.752024
1050927.350435	494961.167799	370632.797948
1354440.680673	326369.549760	202041.165794
2042336.739224	-212931.659676	-337260.055540
1148210.772156	267881.978504	143553.608606
1111475.625053	-59858.956796	-184187.322809
1855350.319372	-367587.917005	-491916.313052
1648121.712742	-428846.580362	-553174.973656
1519685.129315	726721.545606	602393.152996
1641675.175846	729508.913956	605180.520004
1042417.766706	-251930.071899	-376258.442322
970999.657102	86722.724982	-37605.609554
1104135.234284	-207393.498397	-331721.869237
2057903.374157	315331.207661	191002.811628
999026.286698	188340.610772	64012.266437
1875992.971709	-95616.704996	-219945.099411
2015447.928206	105519.646018	-18808.749368
2032654.286008	316397.804555	192069.406578
2051345.887282	449613.131660	325284.735492
1820074.518286	-256527.549571	-380855.943989
1131058.509723	-124499.297335	-248827.667538
1581137.473760	738921.342010	614592.948345
1272828.794723	417782.124334	293453.742235
920109.520011	2213.094731	-122115.226071
1582861.530554	-164685.988618	-289014.379222
1780318.922633	-400140.241238	-524468.635793
1015715.583035	457140.804446	332812.440834
2061107.182359	-156898.197750	-281226.593758
1988517.208556	-262547.092300	-386875.488048
1898549.106362	-339591.675297	-463920.071971
1754177.020119	-116948.038355	-241276.431489
922086.574020	119499.837825	-4828.478897
1252397.980140	176141.639544	51813.261144
1978618.597354	540986.788068	416658.392227
1332670.639085	-451667.872610	-575996.261624
1918951.762640	70179.698756	-54148.695908
1158821.014589	-156198.769844	-280527.143690
1094481.645618	554011.613069	429683.236939
1948744.689928	384930.539961	260602.144698
1932270.927328	208041.335745	83712.937662
1046197.860339	-159958.948817	-284287.311229
1609487.200441	-221355.950209	-345684.341676
1752491.553354	670351.710691	546023.315677
2011954.657619	211112.354348	86783.958812
1055927.982274	161272.953914	36944.598521
1771983.981431	-360368.712545	-484697.107057
1742245.239030	438009.687190	313681.293823
1521296.309889	-161138.228053	-285466.617541
1551363.105185	-478405.426703	-602733.819162
1644457.106966	-255201.881853	-379530.274202
1224004.220152	-124990.617108	-249318.994639
1907626.823190	424472.394756	300143.999661
1193270.948347	148433.371509	24104.998981
1194635.025777	-172438.382255	-296766.759500
1652273.300804	-160341.564444	-284669.956441
1888139.493038	-229486.985601	-353815.381194
1054041.279194	-223800.974878	-348129.342425
2106036.100847	-85169.269835	-209497.670204
1862491.594333	350622.894368	226294.499922
1604979.280223	-414722.798884	-539051.191905
1571927.982262	718905.206676	594576.811767
958173.774877	142152.569988	17824.238403
1987752.871551	119051.399668	-5276.996546
1026539.787489	236800.424894	112472.071818
1005687.172476	-113170.835137	-237499.188786
1002189.625667	129866.427147	5538.082994
2141168.476835	127920.795240	3592.399008
2084710.698433	284145.015086	159816.618614
1737800.593832	611288.606561	486960.212343
2093869.989906	215941.335856	91612.939733
1087652.824077	-165678.599956	-290006.968327
1208297.713844	-66930.705335	-191259.080669
1913044.325540	-204016.944607	-328345.340235
1471640.321235	-362486.600695	-486814.990762
2080308.729573	397789.941172	273461.544578
1457319.893554	-100654.606592	-224982.993908
2025944.620297	-506.540385	-124834.936650
1910149.569821	589716.701619	465388.306071
1652945.094777	720565.650325	596237.248695
1853205.403732	184908.341332	60579.947103
1767804.442694	403448.880153	279120.486362
1893499.235034	-153663.429520	-277991.824481
1944207.169004	43696.112080	-80632.283298
1301094.213966	293788.956224	169460.574935
1128056.185424	584144.577222	459816.197695
1861573.858690	271573.492787	147245.098457
2126245.923968	24898.945529	-99429.450703
1801651.757169	-372203.643414	-496532.039674
1734348.324293	-326547.955541	-450876.349509
1677081.968284	720342.127721	596013.730023
2107628.636000	332494.797017	208165.971304
1883567.406528	-377491.968015	-501820.366152
2043212.675178	203387.414721	79059.017726
1552053.683031	43648.925167	-80679.464027
1469153.357946	-274356.037870	-398684.427011
1693207.503160	-49425.780072	-173754.172283
1860364.159618	31963.089322	-92365.306070
1839252.379401	-148191.378251	-272519.772846
1157687.741742	-234456.641915	-358785.018188
1918809.732316	-341890.010059	-466218.410748
1174224.138176	526655.856672	402327.476803
1606296.672352	-436030.815368	-560359.210100
1738831.530178	-58823.095019	-183151.488662
1054388.909951	514609.752250	390281.379185
1894500.212382	-327747.507046	-452075.917561
1334674.045452	-270429.955134	-394758.340482
1609597.123268	-477652.096737	-601980.491171
1049964.530634	-217290.096482	-341618.498009
924813.735991	-12337.632948	-136666.089462
1101188.905003	-317516.225096	-441844.615920
1417371.210112	384472.305511	260143.918604
946378.200006	218737.968845	94409.636238
1846388.546911	-402766.522991	-527094.922254
1377216.379144	-112617.551120	-236945.935971
1750927.823111	518676.819350	394348.425459
1018775.192839	117474.111466	-6854.238788
1343262.145797	520125.724325	395797.337907
1663840.799733	-478500.059595	-602828.457851
923928.673031	-13155.567099	-137486.027412
2112964.034688	221901.987553	97573.587251
1006481.689764	147340.124062	23011.775639
2022782.459872	484085.526731	359757.130499
1299943.241187	687394.678428	563066.288783
1503098.761421	169131.628385	44803.240412
1990277.228272	29896.338893	-94432.057041
2099303.355454	56377.919156	-67950.477234
1444320.662346	-488079.659769	-612408.050789
1046526.865779	-251975.069265	-376303.839241
1671051.320118	-13648.640390	-137977.032428
1737201.932797	146588.940563	22260.547936
1491529.637194	139755.630927	15427.242866
1716004.053449	-145238.632277	-269567.025433
1598022.854574	680323.702218	555995.308518
986600.671100	-159434.817552	-283763.171259
1871894.019290	550223.383543	425894.987902
1251491.881376	-129596.927428	-253925.308415
928357.955449	149504.251703	25175.929338
1827639.253163	532218.937668	407890.542561
1504710.560692	352907.342956	228578.951959
918302.030918	239847.010499	115518.680424
1577195.535873	-211018.518661	-335346.910580
920784.900688	195231.369473	70903.047694
2024268.918474	141766.997112	17438.600835
1413117.015093	729311.855489	604983.464352
1099337.105850	-315925.386367	-440254.602818
1161624.515967	-313449.239305	-437777.624407
2076753.523068	347629.403166	223301.005264
2131065.251854	77483.332987	-46845.063880
1343712.201313	-399082.523203	-523410.911094
1761785.292126	-53816.254970	-178144.653789
987006.579284	-109206.857118	-233535.211769
1466236.147078	437985.812523	313657.423614
1970841.736452	547567.126482	423238.710324
1885646.073230	-343289.622617	-467618.036376
1344465.608831	303697.420437	179369.035744
1869066.593579	242581.476611	118253.081550
1913639.721408	10442.210689	-113886.184633
1531696.801495	-424164.807948	-548493.200003
1074098.439897	-208979.235516	-333307.608896
1375297.519664	406167.168622	281838.782356
1979885.640265	517888.964943	393560.567416
957691.833136	-38161.496353	-162489.834573
938128.248505	307185.190783	182856.853944
2136387.222157	109205.602682	-15122.795947
1349176.156629	163111.130848	38782.748252
1019945.694914	-147322.575393	-271650.935817
1657319.621257	368130.954344	243802.562324
2073523.351990	410264.375060	285935.972582
1953551.670260	392756.761872	268428.345828
1426239.836841	-179336.021342	-303664.408547
908200.191394	144994.532543	20666.216220
1732447.676979	-222586.429641	-346914.823098
