-303704.407456	-535276.462137	-535276.467763
-121712.116332	554794.096241	554794.088986
117715.962525	56930.524271	56930.507344
111161.698479	-462643.357521	-462643.370144
177966.287095	-532655.338968	-532655.352213
-203208.648485	287229.918470	287229.910693
431485.597027	-370576.224800	-370576.256650
542214.186846	166676.525254	166676.462441
500465.159763	314806.367713	314806.325824
-134264.745520	595112.413449	595112.406627
123584.504643	-570480.368012	-570480.379297
275446.728642	-17652.087804	-17652.114044
135013.725159	304108.356039	304108.340749
239314.325902	-35285.802865	-35285.826451
605650.428341	-126758.304996	-126758.393014
-534668.908565	-246352.170425	-246352.175058
-482062.565797	322440.618308	322440.613480
313936.698287	130082.288811	130082.260523
103013.559047	-544097.488527	-544097.499759
229339.321389	183417.846329	183417.824940
521514.011727	313914.254594	313914.209412
-257653.790986	554123.237643	554123.231799
616643.070368	27405.458172	27405.357721
-98289.475041	582267.374069	582267.366739
-244431.024195	-258787.022490	-258787.029910
-139617.972415	-329333.284170	-329333.292822
296834.594053	-336445.883548	-336445.906292
513569.230707	7101.721922	7101.660676
-122073.768589	-140574.102321	-140574.112094
-501178.804000	129938.490810	129938.485815
-130310.188627	434427.141975	434427.133985
-346660.928651	484721.269332	484721.263942
171778.115874	135909.042999	135909.024108
-248027.786897	532197.838699	532197.832653
-199154.864901	76796.267733	76796.259256
-113651.740813	360154.938494	360154.929757
31380.944625	515524.722551	515524.712661
-60623.875033	376232.844543	376232.835012
-289568.203788	-458163.157962	-458163.164065
-462785.775301	-108093.558905	-108093.564255
-145907.928295	450360.385635	450360.377964
31146.389135	443601.269516	443601.258827
-175197.585172	190509.682532	190509.673949
-171912.745718	-9966.980731	-9966.989740
-14565.720457	-472921.441463	-472921.451195
70368.042585	614533.692476	614533.683071
-267457.574369	-357753.598489	-357753.605255
502228.432070	35832.387880	35832.329735
568561.379557	-27556.989758	-27557.068013
26737.209591	-528538.753107	-528538.763010
407031.593356	123987.461667	123987.423112
-160797.857051	595579.687838	595579.681300
403179.863884	-462759.166838	-462759.191863
-11449.083735	204140.511199	204140.499345
-24336.037308	-208838.504470	-208838.516132
352631.692384	-384626.021097	-384626.045913
265734.213428	-137337.769279	-137337.793990
172615.080099	538143.555962	538143.543339
580795.630435	31172.276753	31172.193370
-456492.869274	415573.574829	415573.570050
-377769.069157	2905.001183	2904.994987
98737.203924	-591935.863098	-591935.873559
262834.877091	-557301.159498	-557301.174741
-422511.199938	-126018.253677	-126018.259371
28727.839889	35566.796488	35566.782759
-335092.852951	213352.947755	213352.941364
476976.515995	350283.790046	350283.753725
-472484.400400	-380176.282328	-380176.287142
400469.311506	-256771.903284	-256771.937179
270369.050584	-61818.623299	-61818.649013
601224.735326	27451.356796	27451.264239
-33152.332191	-571539.172108	-571539.180572
-286369.217776	-490814.551234	-490814.557221
-488654.241699	-370718.876234	-370718.880955
51617.347144	-230725.905283	-230725.918899
-406062.766131	409076.340629	409076.335453
513446.323990	-92881.962135	-92882.021608
437512.378948	242712.926791	242712.888892
381687.033335	-230276.007650	-230276.040486
-352174.965634	-459447.142752	-459447.148275
414499.288423	383822.706679	383822.678322
503397.977679	312477.187097	312477.144568
-12293.382429	-596870.282433	-596870.290956
8247.412576	107627.376932	107627.364036
-476432.691431	-79659.429189	-79659.434441
43239.159103	-616623.760239	-616623.769401
-440695.685738	26889.053406	26889.047831
445669.310699	326426.489179	326426.454899
466151.762019	314816.876786	314816.839449
-129448.895216	550170.655736	550170.648541
-582051.788428	-85097.886586	-85097.891045
-12137.753374	-608686.876581	-608686.884987
-240751.971014	-480889.688036	-480889.694530
530110.693268	-159287.294453	-159287.354951
476827.865969	-373635.059781	-373635.096280
77509.432506	-166561.536081	-166561.551018
617831.736243	-17360.616080	-17360.716663
22106.020068	417259.930424	417259.919639
-599087.768947	2454.743829	2454.739468
-499601.931110	-113715.807972	-113715.813014
-609679.964292	21585.701705	21585.697414
-475108.414652	20647.139038	20647.133762
-445683.701176	-2273.381050	-2273.386586
-598691.055965	-154438.044867	-154438.049175
267395.542890	-476701.478116	-476701.495573
-248523.530896	-11188.441649	-11188.449438
132972.123384	-442014.079945	-442014.093485
-297331.529651	241591.527092	241591.520352
78844.888763	513922.226132	513922.215295
-76341.923555	-90883.236723	-90883.247579
-543143.357775	-27514.523577	-27514.528323
186571.877749	520357.056366	520357.043058
-399802.221351	424149.799608	424149.794431
-155626.560947	95379.620885	95379.611698
558908.603262	265481.876749	265481.819546
19610.442772	926.231885	926.218400
-317331.431374	-482117.376755	-482117.382494
476433.923955	-81128.052244	-81128.103733
-457544.864600	-138758.442687	-138758.448054
-526610.985224	-214118.267360	-214118.272095
-108683.103792	-512583.956437	-512583.964330
305857.615245	-533730.341167	-533730.358582
-335143.057550	517008.873667	517008.868313
-493726.408438	-262392.581212	-262392.586116
-279448.523134	312775.204958	312775.198248
-189034.251723	-567737.854742	-567737.861291
83546.340537	-494476.596771	-494476.608267
155398.970887	-575784.454378	-575784.466290
487582.590041	320856.738207	320856.698540
4216.294189	469513.164590	469513.154708
68698.075087	-15082.433304	-15082.448432
76498.206847	498252.658158	498252.647168
568461.677758	-243519.577188	-243519.640962
-589019.977630	27748.869531	27748.865108
-278709.141954	377827.142483	377827.136021
-71991.125107	-592241.347096	-592241.354835
388477.883079	-51066.742193	-51066.779780
-121182.695893	591489.032719	591489.025725
392986.568269	-263801.716928	-263801.749752
497767.006563	-325353.487428	-325353.530025
510452.312667	-191345.769644	-191345.823640
484069.744958	33493.385981	33493.332038
-444847.126990	203895.711197	203895.705842
-59530.315477	-615573.863418	-615573.871115
-283140.903584	-288869.577965	-288869.584800
-351393.295499	-492001.408528	-492001.413932
-412020.120989	-33503.804147	-33503.809997
-376907.056972	-441774.742081	-441774.747457
356846.735061	184058.078769	184058.047719
-163549.776466	-529463.081673	-529463.088749
-19709.309061	4391.530833	4391.518488
359436.189416	446401.109249	446401.087212
-399043.039024	419814.531981	419814.526784
613978.771596	2100.450240	2100.351297
-305706.871467	30387.058863	30387.051852
540891.140678	-50776.336410	-50776.404763
-111742.502688	184787.652054	184787.642323
618046.750643	23199.433147	23199.331892
218719.959816	259659.867934	259659.848399
593382.966205	172561.509722	172561.430833
3027.539959	-175404.241642	-175404.254202
-321167.732204	-93635.147688	-93635.154482
274212.772670	-486192.366442	-486192.383926
207553.295911	-164078.290247	-164078.310981
-258035.571578	-508147.123174	-508147.129352
436754.768565	425347.263097	425347.235019
281257.690087	549413.032239	549413.016695
402502.382907	264441.023341	264440.990533
-379404.595267	45099.244552	45099.238388
-227379.999336	-288682.966419	-288682.973960
-331564.724664	506329.509911	506329.504484
569632.177936	240778.815068	240778.752321
-610288.288226	35362.339884	35362.335601
-411822.324975	385049.255987	385049.250784
38266.513558	-222757.030288	-222757.043562
181499.782273	426337.274890	426337.260000
-15170.434781	606765.351973	606765.343781
-310438.316530	46477.587529	46477.580587
374695.551094	-165693.456224	-165693.490176
352682.094132	-381513.729260	-381513.754199
248634.097773	-271089.369174	-271089.390596
-263391.767299	285860.879090	285860.872092
-347058.956272	247528.388988	247528.382809
481873.926695	184424.750304	184424.702331
415537.975875	-444328.251442	-444328.278201
-78828.996003	-578646.269099	-578646.276864
-522597.417317	-139087.865136	-139087.869981
356009.140465	-89030.234964	-89030.268274
-29512.689758	-347866.882214	-347866.892786
261757.505868	131215.378639	131215.354430
-356375.128463	491108.749152	491108.743866
-428174.766976	300693.096825	300693.091528
-409660.689338	-179060.818622	-179060.824371
584498.504297	99412.900306	99412.817995
-352193.811119	403407.963225	403407.957579
594059.825945	-153104.948309	-153105.029199
-554328.318867	-230699.919690	-230699.924209
143679.946001	332746.891030	332746.875853
608551.294867	-56509.312858	-56509.407142
-318382.554237	-90544.924634	-90544.931466
-455011.114702	137944.724997	137944.719633
-441109.974641	-7984.572055	-7984.577633
-179231.229207	288976.556117	288976.548001
50574.789966	423013.248794	423013.237446
910589.007081	232106.111625	102737.801346
2093973.006772	-66546.187204	-195914.582670
2029855.109160	-21147.637511	-150516.032522
1097463.542027	498130.832958	368762.462584
1768390.428619	-34488.214628	-163856.606837
1531171.523069	682962.314150	553593.922896
1385698.190659	644550.132483	515181.744474
1311508.294213	675156.859213	545788.472456
943342.052369	346301.912405	216933.578000
2104291.054745	334979.623022	205611.222860
1971562.538354	-119831.261409	-249199.656043
2030875.189575	414367.812737	284999.417470
928410.865309	-16391.325775	-145759.643025
1900294.888890	534443.686845	405075.292276
1639087.837856	-477936.970445	-607305.363086
1057903.517872	243417.350365	114048.997558
1848303.455179	-212354.564226	-341722.957896
1208930.151365	654487.885181	525119.502201
1905450.605353	209974.712632	80606.318796
1906620.731872	-291336.878984	-420705.273472
1854939.499808	-385266.753423	-514635.147795
1028348.659229	-82029.729954	-211398.080125
1898906.921295	-312065.143218	-441433.539140
1483602.493796	487801.001516	358432.613288
1134302.332022	409047.463729	279679.094109
1521085.415250	368468.349397	239099.961359
1309759.184684	402098.250691	272729.869613
1263006.448709	162984.203699	33615.828693
1720586.616870	699383.636439	570015.242723
1838694.489238	17874.255937	-111494.137170
1360234.672368	-437471.734795	-566840.122065
1701200.408591	44297.220747	-85071.170323
1167270.368561	-297949.855414	-427318.231525
1045887.568397	500001.392603	370633.026755
1349400.530616	331409.337395	202040.955557
2037296.505340	-207891.601066	-337259.996385
1143170.697721	272921.906059	143553.540215
1106435.552529	-54819.060004	-184187.421331
1850310.675981	-362548.037826	-491916.433292
1643081.357595	-423806.583094	-553174.975493
1514645.383883	731761.400781	602393.009134
1636636.030769	734548.062719	605179.669555
1037396.611663	-246889.867517	-376258.234014
965959.667155	91762.939291	-37605.386074
1099094.626198	-202353.448386	-331721.815212
2052863.011810	320371.296324	191002.900819
993986.158482	193380.466041	64012.129367
1870952.861265	-90576.743460	-219945.137135
2010407.618193	110559.820023	-18808.574757
2027614.944711	321437.804136	192069.406536
2046305.686414	454652.954679	325284.559018
1815034.596276	-251487.490365	-380855.884035
1126018.468557	-119459.434367	-248827.800472
1576097.424103	743960.880429	614592.487601
1267788.932836	422822.012893	293453.633177
915070.033345	7251.837416	-122116.472024
1577821.547901	-159646.051820	-289014.441170
1775279.124629	-395099.905474	-524468.299299
1010675.725433	462180.825253	332812.466495
2056066.964851	-151858.160296	-281226.555772
1983476.928116	-257507.048036	-386875.443216
1893507.718014	-334551.216803	-463919.612964
1749136.946938	-111908.029162	-241276.421382
917046.854367	124540.209940	-4828.095044
1247358.099040	181181.372997	51812.997572
1973576.874587	546027.748658	416659.353362
1327630.972244	-446627.666907	-575996.054401
1913911.858710	75219.534340	-54148.859619
1153780.962226	-151158.772150	-280527.142397
1089441.733029	559051.492572	429683.119584
1943705.658831	389972.116944	260603.722305
1927230.214715	213081.223474	83712.825804
1041157.777690	-154918.851617	-284287.208804
1604447.024564	-216315.828477	-345684.218804
1747451.312998	675391.734014	546023.339668
2006914.881424	216152.248751	86783.853806
1050887.588812	166312.889719	36944.540448
1766944.353997	-355328.776552	-484697.170319
1737205.309135	443049.590060	313681.197561
1516256.418425	-156098.245733	-285466.633808
1546323.291752	-473365.235591	-602733.627042
1639417.074608	-250161.746454	-379530.137774
1218964.446522	-119950.727722	-249319.102186
1902586.925520	429512.277982	300143.883536
1188230.969323	153473.407593	24105.038795
1189594.724245	-167398.229421	-296766.603526
1647233.306715	-155301.572170	-284669.963091
1883099.262284	-224446.829974	-353815.224944
1049000.263585	-218758.599652	-348126.962668
2100995.592528	-80128.658424	-209497.058632
1857451.654263	355662.887357	226294.493642
1599939.401641	-409683.117624	-539051.509694
1566888.123746	723945.321576	594576.927413
953133.591704	147192.596802	17824.274777
1982713.164374	124091.315366	-5277.080300
1021499.897253	241840.278664	112471.932034
1000646.519510	-108130.710001	-237499.057136
997149.850030	134906.602145	5538.265770
2136128.126254	132960.406036	3592.010300
2079670.465532	289185.160236	159816.764250
1732760.574847	616328.586259	486960.192798
2088830.401268	220981.537852	91613.142244
1082612.625885	-160638.647796	-290007.011747
1203257.610065	-61890.811241	-191259.183203
1908004.006002	-198977.020299	-328345.415314
1466600.355500	-357446.564046	-486814.952781
2075268.027853	402830.509423	273462.113299
1452279.863419	-95614.656878	-224983.042491
2020904.484029	4533.406007	-124834.989728
1905109.494522	594756.478381	465388.083418
1647904.735935	725606.175491	596237.774010
1848165.553908	189948.387873	60579.994416
1762764.417885	408488.915780	279120.522816
1888459.040193	-148623.439603	-277991.833882
1939167.084580	48736.109630	-80632.285113
1296054.399471	298829.008227	169460.629437
1123016.151873	589184.391087	459816.014255
1856533.950021	276613.308896	147244.915317
2121205.616508	29939.087925	-99429.307807
1796611.732747	-367163.552894	-496531.948570
1729308.468912	-321507.975591	-450876.368742
1672041.073164	725382.044966	596013.647732
2102596.310391	337522.414056	208153.551509
1878526.575680	-372451.661669	-501820.059412
2038172.388673	208427.490645	79059.094109
1547013.708047	48688.906980	-80679.480774
1464113.378574	-269315.981174	-398684.368856
1688167.759303	-44385.766795	-173754.157964
1855324.111060	37002.849726	-92365.544992
1834212.422310	-143151.374906	-272519.768762
1152647.518551	-229416.509935	-358784.882946
1913767.878231	-336849.564117	-466217.964632
1169184.032657	531695.797859	402327.420647
1601256.819894	-430990.556583	-560358.950514
1733792.112141	-53782.889105	-183151.281861
1049349.038736	519649.348392	390280.978985
1889460.955285	-322708.165034	-452076.576178
1329634.027182	-265389.892627	-394758.275996
1604557.404838	-472611.888249	-601980.281876
1044926.562649	-212252.202304	-341620.602072
919730.888552	-7338.287089	-136706.770248
1096128.919258	-312458.724374	-441827.114973
1412331.089185	389512.318523	260143.933350
941337.787532	223777.889872	94409.566626
1841348.898727	-397725.705416	-527094.104369
1372176.386355	-107577.570918	-236945.953723
1745887.899503	523716.775236	394348.382146
1013734.509460	122514.621238	-6853.721961
1338222.137158	525165.651190	395797.266558
1658799.784083	-473460.027015	-602828.424812
918933.096447	-8075.385886	-137446.088976
2107923.007001	226941.746468	97573.346330
1001441.418005	152379.694215	23011.353118
2017742.298671	489125.418244	359757.022518
1294903.501839	692434.344910	563065.956681
1498058.674689	174171.483886	44803.097513
1985237.046981	34936.345809	-94432.049554
2094263.333811	61417.984057	-67950.411838
1439280.704030	-483039.519532	-612407.909345
1041468.596384	-246934.402843	-376303.203199
1666011.478852	-8608.742319	-137977.133280
1732161.974865	151628.910909	22260.519259
1486489.657523	144795.743780	15427.357333
1710964.073124	-140198.577618	-269566.969841
1592982.790629	685363.811680	555995.418828
981561.217099	-154394.626786	-283762.973984
1866854.090002	555263.205729	425894.810684
1246451.288625	-124556.868597	-253925.246902
923317.724992	154543.926459	25175.615064
1822599.386215	537258.917869	407890.523423
1499670.902564	357947.558539	228579.168833
913262.137211	244885.997594	115517.677524
1572155.836373	-205978.498070	-335346.888852
915745.183557	200271.445090	70903.134248
2019228.721267	146806.870853	17438.475105
1408077.061522	734351.743469	604983.353487
1094317.489251	-310902.561840	-440271.852195
1156584.937167	-308408.485302	-437776.868031
2071713.606845	352669.112595	223300.715059
2126024.908944	82523.381598	-46845.014823
1338672.262638	-394042.533255	-523410.919503
1756744.953811	-48776.004477	-178144.402851
981967.723954	-104167.079611	-233535.427587
1461196.094706	443025.757386	313657.369947
1965803.117515	552605.571152	423237.153858
1880608.110488	-338248.707550	-467617.122204
1339425.522196	308737.600879	179369.218292
1864026.666256	247621.502390	118253.108018
1908599.655481	15482.344670	-113886.049998
1526656.965891	-419124.778252	-548493.169225
1069058.099873	-203939.471451	-333307.840861
1370257.526169	411207.049160	281838.664735
1974845.469718	522929.201392	393560.804273
952651.466754	-33121.190803	-162489.520172
933088.316913	312225.136349	182856.808152
2131347.027210	114245.799396	-15122.598934
1344136.043797	168151.131221	38782.750964
1014905.888164	-142282.661416	-271651.016176
1652279.615082	373170.944527	243802.553561
2068483.246813	415303.652154	285935.249660
1948510.691633	397795.179016	268426.761871
1421199.866307	-174295.975623	-303664.361100
903161.374017	150034.588523	20666.284252
1727407.671185	-217546.390654	-346914.783227
