67.058340	-3.329211	-2.263703
71.253059	-1.230242	-2.479296
66.233549	3.406633	3.184758
64.069928	0.133399	-2.050688
255.883415	-60.017517	-61.015764
61.885132	3.490970	1.874179
61.446390	8.316850	3.018401
66.458832	6.914567	8.060284
77.257059	1.117538	-2.714008
68.614330	-2.928089	-5.493841
67.667639	-7.737614	-6.653954
29.301139	25.932726	-11.677947
72.946065	-2.761442	-2.366010
77.047539	37.861793	38.711721
65.731295	1.095825	1.502185
65.119340	3.798637	2.693909
66.275264	3.638183	2.520328
72.342713	15.490954	13.086474
58.532411	12.424298	8.437366
-1184.528310	8177.264686	8177.258980
67.239724	-4.514753	2.401574
68.069720	7.234398	4.395869
68.182826	6.595324	5.079950
72.074925	7.639784	6.438212
57.811794	9.644996	7.653069
55.601884	-26.088606	-27.877561
117.266833	56.756128	54.932851
77.497033	12.318239	13.968019
74.345808	20.685728	16.114488
120.745529	-17.616939	-23.191101
68.192574	-1.285077	-0.225516
67.967591	-2.138544	-2.227498
16.018636	227.272200	226.553457
80.822954	-11.725761	-11.676642
48.732913	-6.028292	5.694496
68.295157	-5.400860	-0.454244
49.010423	2.370265	1.757078
75.205049	-13.167283	-5.686092
63.554917	3.260502	-5.879429
-18.563884	-22.997132	-23.881747
66.850366	-3.643662	-2.819318
78.808908	7.966141	9.615621
74.751749	-4.140573	-5.717813
58.176171	3.528298	2.449569
72.292518	-17.320367	-19.279837
110.169920	6.213154	4.113002
58.426598	0.589000	-0.924163
75.390697	-5.055517	-5.583667
62.996324	-5.382860	-7.242099
80.278049	2.867955	-3.706494
78.691397	8.144693	4.252112
58.476994	-0.141612	6.834858
59.432050	5.612736	4.809912
71.048788	10.582044	9.274093
62.176950	-17.044681	-17.895032
69.463697	-0.226526	-0.300103
55.921602	4.154518	2.805178
40.179647	-13.794114	30.517215
68.981295	-0.044160	-1.773020
84.941541	1.050666	-2.751331
95.508146	31.136600	51.721513
62.006050	-3.921396	-2.490437
56.744992	-6.819380	-5.987984
77.383606	-8.742502	-10.031123
65.705158	-11.921914	-10.013096
74.845032	14.022094	10.424016
78.531885	9.442051	4.206541
31.679076	46.837759	45.157390
83.097422	-22.823304	62.050274
73.811841	-0.533490	-3.783796
58.904708	-12.442746	-7.787298
66.506203	-31.914919	3.395980
111.867455	-218.302535	-190.976569
68.844180	-7.060564	-6.440545
68.421834	16.394003	13.371718
70.631207	7.559009	5.863701
65.690789	-8.446352	-8.886980
68.561370	8.282632	0.543997
68.230457	25.767828	16.521963
63.046492	15.693203	12.972814
44.690597	-10.981262	-12.152528
78.391099	8.361651	4.798850
122.714699	64.849005	62.652269
67.500153	-7.681121	-8.020464
91.807048	-21.075773	-27.326208
59.768881	-0.062136	1.033555
77.242807	-6.026377	-6.816621
72.598844	-7.814270	-5.479301
67.930593	-12.145054	-8.463542
59.656250	3.503704	2.064018
98.703662	-18.124690	-20.496175
80.010044	4.150857	-1.078492
66.982442	-8.596388	-7.246257
77.089787	9.132655	6.825101
159.039635	-42.045018	-42.893153
52.344665	-2.180045	4.653038
54.226795	3.862266	2.343048
79.834335	-1.535531	-2.226381
67.131865	-3.950246	-0.938615
62.984458	3.059046	-0.528893
186.558821	-34.014277	-35.622298
57.258510	-1.165502	-0.589678
109.141521	7.357748	5.922154
50.779393	13.545655	7.911538
61.155054	6.143711	6.577875
67.154916	-11.341067	-10.521949
60.821254	-0.450242	-0.292812
73.203476	-4.843628	-7.113362
24.592718	179.422080	149.803166
72.081915	14.313823	15.612655
-422.311034	-185.107716	375.961604
163.902442	6.503069	4.442870
64.204241	6.332208	4.084363
94.233991	44.673731	41.790175
58.198188	-2.079225	0.062453
54.383133	-7.713534	-13.427236
75.022554	0.974930	-2.861567
61.123300	13.024529	8.143398
68.215117	-1.042128	-1.677954
62.702660	9.901447	5.290720
59.876323	23.129815	19.484624
88.930750	-8.935104	-9.750024
60.205970	-6.318472	-6.509013
58.738118	-11.726818	-6.273810
72.916746	-6.242737	-5.745425
73.971787	-2.611614	-3.710749
68.572870	-9.602620	-8.712723
64.509726	6.421738	3.281699
194.084063	-586.272176	-586.355738
73.678493	-8.544532	-9.531883
62.897937	13.621608	3.662744
75.020933	-8.406793	-9.542482
-234.909198	-181.546635	-182.205389
55.085582	3.646659	5.227620
28.266287	57.071187	13.840988
71.535344	1.159417	-1.196600
61.316824	24.886439	22.899166
93.500941	6.428495	7.016387
66.683017	-12.887540	-10.038788
56.788048	9.489562	8.493872
-2684.249226	3773.046802	3773.040489
71.942117	-1.791544	-1.804986
16.228738	-5.953144	-7.092104
76.287430	-5.505322	-6.577856
72.979894	6.305713	5.112907
41.354522	24.862446	24.688240
-286.344351	24.800230	-136.499579
-347.112325	-42.429200	-49.324472
71.153104	0.895982	0.299408
76.496315	-4.864117	-6.055065
68.247188	22.836466	18.033301
89.299928	27.951902	37.714595
35.485712	-11.964608	-12.062733
66.339570	-2.956316	-0.748595
65.231103	-3.993720	0.332355
57.942696	0.385818	2.662615
72.411213	2.586140	1.828299
60.497490	-11.870158	-7.723939
98.439037	18.521216	-21.855142
52.547364	-9.390831	-6.545158
80.174259	11.046494	-3.285191
86.594225	6.252319	3.922647
83.049355	-1.923984	-4.742963
69.926031	21.933574	20.091295
67.778707	-6.601817	-6.350010
76.539211	-1.510215	-2.092618
72.429751	-1.462354	-1.602989
74.231934	-36.558333	-34.367020
72.222046	-2.785242	-3.109489
142.290464	1.453685	0.594521
79.119300	-6.406665	-6.483605
64.982954	-0.460372	0.736111
64.754639	3.302963	2.998112
50.888383	-29.660384	-28.454805
285.718452	-319.972329	-343.907875
55.604462	3.944982	2.030842
66.837067	5.769603	3.883222
76.241156	6.252782	5.360413
59.101332	19.404503	16.531960
63.139364	-24.495353	-10.418536
73.300966	-0.381711	3.052426
75.216248	14.145364	9.918990
76.177398	15.627516	7.051712
41.880764	26.905471	24.549751
46.037075	17.001186	15.046097
46.199382	1.599843	-6.328017
79.096197	-4.254249	-2.022113
11.135367	14.412652	13.358429
65.396902	3.520589	0.179851
78.909608	-2.548825	-2.628425
43.825072	2.064205	1.642356
33.274616	1.170292	2.988575
64.543681	-1.911560	-2.531014
66.268879	-8.924990	-5.478291
351.179611	-149.696546	-153.189841
78.245161	20.279680	21.845143
77.917086	-8.887523	-10.837055
77.701232	7.788780	5.590470
67.331875	12.422130	5.953996
48.499154	3.937490	3.350092
72.569681	-1.035409	-1.154795
244.170724	-24.882233	-26.446620
61.129539	1.209761	-4.223839
51.238632	-3.697514	3.590229
-72.436389	106.844291	15.705831
-83.338601	92.594571	-0.187147
-79.732529	95.097094	-18.840741
-93.832911	100.759261	-4.632061
-89.321972	106.471444	-6.318940
-84.318876	97.428316	-5.451337
-87.405524	98.294722	-13.069515
-93.890572	103.623677	-7.741633
-90.540600	105.581600	-6.264305
-87.362271	110.191823	-4.965507
-86.142525	101.975344	-8.812830
-85.000165	99.584536	-3.185770
-130.140189	86.019954	-43.738352
-85.131780	97.537804	-3.908905
-90.461649	113.932798	-3.586434
-83.817696	87.579115	-13.185115
-76.754125	97.149529	-19.029207
-81.984672	101.751349	-17.218120
-69.726405	98.661416	-1.081740
-92.013018	110.235079	-5.614878
-86.760039	102.623380	-3.632809
-88.139012	94.763779	-16.657168
-84.257100	102.903990	-11.889346
-75.072120	99.933156	-0.785140
-84.810522	100.868025	-6.162281
-90.146069	99.906109	-4.674821
-129.973220	85.995264	-61.240886
-89.255740	113.158841	-3.290361
-88.867382	95.667308	-71.227911
-84.480297	101.408125	-4.509903
-86.905427	102.816995	-3.455904
-47.781013	198.926843	-209.849915
-86.167898	100.514875	-6.788501
-76.142857	104.920188	-5.237992
-89.580000	114.894278	-4.195542
-87.794806	105.650900	-2.570972
-85.397871	96.226603	-20.673408
-85.500363	99.605703	-6.512249
-66.040975	101.748490	1.875914
-84.792618	90.181697	-15.816381
175.394635	577.286448	277.652005
-71.938277	87.735073	-28.622719
-78.879504	98.448938	-6.003281
-90.580234	102.583175	-2.956387
-86.252323	101.492240	-5.181953
-85.878814	98.822619	-8.097390
-72.712240	149.816882	48.007313
-86.177863	94.402992	-13.572518
-82.016919	102.806829	-6.627393
97.131781	-170.792169	-261.039320
-86.640590	94.354629	-13.928590
-123.595620	142.985102	-2.208916
-87.370585	109.210181	-3.926050
-63.546424	97.945472	-15.033514
-86.860962	92.253822	-22.495808
-91.676325	100.821501	-17.691830
-89.707591	98.665847	-1.434505
-83.805713	84.815805	-9.752919
-91.049317	100.203728	-16.475644
-88.428702	99.960814	7.464813
-79.864140	101.688093	-2.128433
-93.052112	107.195511	-6.444790
-83.474043	95.696357	-8.269015
-87.029965	99.156925	-7.145957
-98.435469	103.891589	-63.949290
-92.790578	98.473152	-10.212615
-85.745762	97.035939	-6.156560
-75.544480	97.309410	-0.691792
-87.128477	98.989557	-7.786592
-83.891437	93.926243	-15.968717
-86.160147	89.468457	-41.716420
-87.031269	107.037479	-3.784349
-83.669407	88.247907	-12.984982
-90.327652	109.307581	-5.723266
-86.018893	94.298497	-11.250965
-85.599873	103.439821	-3.266949
-93.357840	105.102785	-5.236390
-87.756011	93.589681	-12.799428
-6.637788	66.276367	-24.447001
-88.823714	104.663699	-3.914890
-78.053276	105.010639	-7.341242
-85.976779	93.323887	-10.952739
-85.115736	102.137101	-3.406890
-87.579826	97.868806	-3.063825
-94.126651	105.373998	-4.176544
-103.830499	101.539334	-6.411965
-82.485188	93.801910	-8.923580
-79.913026	104.685435	0.743546
-89.067463	105.236556	-6.018653
-68.141796	95.319013	-16.771378
-86.258635	101.113531	-5.812444
-83.629048	94.677861	-15.893446
-85.227661	99.863216	-6.809414
-156.928796	105.897353	-182.918639
-99.715301	94.482005	-21.354139
-88.064645	105.580330	-1.790897
-81.179800	99.287245	-10.758852
-84.297915	89.544395	-18.636725
-85.550630	102.868216	-1.361741
-69.015028	101.064044	-2.181580
-90.388957	100.821784	-7.828312
-51.332222	173.224261	29.077796
-88.809669	105.940805	-5.939718
-85.492547	97.429415	-4.810147
-89.439999	122.703587	-11.184903
-79.973948	92.443338	-14.191930
-80.389743	104.519612	-4.945817
-86.048469	100.586869	-5.328594
-88.513749	106.278226	-3.324325
-83.679078	100.028550	-5.900714
-79.170378	103.069159	-7.734039
-81.263842	87.749730	-14.757557
-76.021397	96.287627	-7.687413
-87.588018	106.408621	-3.242098
-90.540191	107.854053	-4.360927
-90.137842	112.356658	-6.881120
-85.079472	113.346465	-2.443398
-90.376647	98.431526	-5.934754
-66.248865	74.098849	-25.570552
-84.538207	94.652662	-18.089454
-92.104192	108.536859	-3.594212
-82.406898	91.458034	-17.433029
-91.887846	108.112194	-6.967387
-82.518360	109.721496	-9.573398
-87.139957	93.245438	-15.002863
-88.779222	106.729326	-4.710841
-94.211529	114.417148	-8.451314
-85.266655	93.156994	-18.543683
-86.819596	100.277750	-5.242433
-97.976046	98.181473	-11.654587
-88.491091	102.346252	-4.101658
-95.232761	107.006023	-0.745496
-78.299177	94.062075	-17.270219
-144.049578	178.811204	-341.418218
-85.792858	91.223095	-14.469034
-81.841835	92.650113	-3.952446
-86.348411	72.924121	-14.782530
-86.708718	117.056135	-13.520692
-85.545071	97.848345	-14.887427
-82.825867	117.210414	-1.372887
-90.199736	105.681949	-4.726453
-86.018065	94.706243	-19.024309
-84.831125	91.522496	-8.488087
-120.728419	69.256560	-34.594477
-80.003634	94.797138	-19.645513
-75.558826	63.660112	-40.062246
-82.527167	103.946760	-1.371471
-91.347769	102.831829	-3.276670
69.555607	51.966326	-5.001564
-89.173709	100.893706	-12.676003
-85.460259	95.680309	-12.047244
-79.092014	103.956031	-16.237033
-79.796405	70.763093	-41.524361
-82.077206	103.685342	0.429519
-83.374542	105.888885	-2.139710
-88.997953	99.723950	-7.461678
-81.285327	99.378305	-12.991634
-91.157015	109.817522	-4.485850
-90.416424	104.662306	-5.728895
-86.122227	97.370355	-5.204151
-85.121221	96.376506	-17.252766
-87.690683	111.225033	-1.597805
-93.832358	106.611924	-5.878820
-80.009067	94.763545	-11.412041
-87.956677	104.776350	-3.323622
-84.319653	35.086955	10.441867
-87.612782	107.247154	-2.228324
-83.922542	99.102458	-2.037793
379.192532	373.192692	-3865.826769
-81.046884	99.501078	-5.054540
-88.136493	94.057524	2.230186
-114.456015	87.872657	-14.768908
-83.501670	94.943614	-20.023858
-81.958309	89.198227	-12.962719
-85.293355	99.349889	-4.370826
-89.209581	98.621611	-12.400418
-88.528745	101.634959	-2.347091
-86.947201	111.238413	-2.190811
-88.512706	96.936527	-7.922076
-86.741283	101.113467	-3.983064
-82.527047	116.231018	6.599768
-87.045842	101.457989	-5.021365
-88.948528	103.088173	-7.091090
-89.149089	106.375773	-3.988468
-85.369138	104.592566	-1.260585
-84.422614	92.012606	-16.795548
-84.626449	95.867122	-8.751614
-88.588221	101.820339	-13.637060
-81.837128	92.319889	-10.306960
-85.158074	96.575680	8.922932
-77.801896	92.390752	-9.799683
-85.326669	98.920646	-6.288108
-88.558871	100.590978	-4.668206
-72.577497	104.535600	3.356417
-91.047126	99.961187	-2.941771
-75.824648	98.344086	-15.896668
-92.143030	107.403458	-13.084782
-57.345402	114.075984	-34.925913
-89.182826	108.182667	-5.684975
-82.173452	104.330526	-1.433496
-88.463049	99.069901	-4.049570
-81.199687	103.730600	-6.039357
-87.248848	95.649061	-5.664405
-87.358135	110.257457	-4.363496
