239.212889	-12.256994	-11.866490
234.259599	0.954773	-6.543672
226.818446	14.349798	4.158492
224.363063	-11.595135	-7.011975
861.444527	-204.147808	-207.633012
212.617989	10.422378	-0.133863
209.258735	30.096324	16.947605
223.923376	21.701696	29.460288
259.609592	-1.715109	-11.712056
223.528159	-12.072453	-7.039437
233.240459	-19.639482	-28.545426
83.995516	100.123507	-35.882234
251.791612	2.436470	-6.503924
266.131876	127.335354	130.095431
239.563505	0.107741	0.071328
222.099380	10.531921	12.140139
213.257345	7.665040	4.356576
245.562748	40.310175	30.548917
190.007459	37.991889	25.848861
-3980.977380	27490.542350	27490.523137
219.957139	-6.582856	-6.302342
233.681680	19.559125	9.134690
230.494790	11.847892	8.428913
222.794562	37.195874	15.148524
194.108284	34.195653	26.702902
181.377348	-93.004581	-98.915795
393.324775	202.039451	195.475808
256.357927	47.437328	45.876051
247.054535	69.935174	53.585708
422.300745	-59.525069	-80.302178
224.885452	-0.113230	1.002180
233.004917	-12.961810	-8.476773
48.204977	775.470617	772.911569
254.488041	-34.309622	-34.509714
160.147568	-14.890884	12.767506
234.119945	-5.289936	-9.749818
164.825918	2.456262	7.361478
263.997314	-50.177814	-28.172108
191.633696	10.763691	-55.954129
-66.307665	-73.673227	-77.091249
227.586638	-30.809837	-25.685962
255.294152	25.561422	21.558511
245.783984	-27.411258	-26.512867
203.093381	7.325345	7.214063
249.407322	-52.950706	-59.176781
368.827980	13.495869	9.941805
190.618873	-9.754935	-4.176395
238.820446	-15.847348	-16.505063
223.699256	-18.250797	-14.877988
267.710226	4.595850	-15.151492
274.395856	52.683857	17.767371
204.809751	3.489446	4.717240
186.960455	20.761505	19.117621
245.340775	38.191231	32.660727
200.140222	-51.263263	-54.185277
220.490873	-7.230762	-1.639338
186.646168	12.602621	10.260163
117.683847	-54.842170	112.995923
229.315174	-22.889354	-13.248057
273.759157	0.769337	-14.727800
323.921197	111.875012	185.633900
221.443077	-2.484650	-0.335841
201.274341	-25.524398	-20.172396
249.602381	-16.358806	-19.788292
223.052480	-34.919802	-26.723900
243.535877	51.749828	36.829294
252.966015	20.574173	19.384803
108.963466	166.455917	159.978638
288.182591	-86.258815	251.452831
241.453096	-20.171683	-26.343888
195.949255	-41.269200	-17.579167
220.925595	-113.948489	9.728518
383.284343	-788.890360	-691.321040
225.307696	-30.605293	-19.891878
236.854279	50.538561	38.320291
250.232332	33.033120	-0.665772
227.051578	-26.652257	-23.035003
229.766311	17.911270	3.977028
229.820580	102.197189	71.320268
206.395749	59.259795	46.489148
154.482668	-40.393379	-44.198280
258.986617	40.486262	4.488363
417.965861	230.390228	222.863231
226.356599	-24.920303	-25.442443
318.192694	-77.186811	-100.536619
201.183858	7.504918	5.306669
252.523288	-15.883204	-16.183444
241.665199	-21.194966	-24.127778
224.655369	-33.425544	-28.382510
206.920538	8.726767	6.708835
333.997556	-58.980883	-67.635930
265.798148	17.250699	-4.137896
228.769218	-27.991487	-23.854884
253.327888	31.951538	23.302273
530.565585	-139.025499	-142.025475
176.969767	-7.310097	14.792936
181.390127	13.475065	14.111847
252.986431	4.009250	-6.648505
221.509650	-7.575433	-4.828668
219.579078	11.633478	1.846906
624.723778	-118.339525	-123.977031
200.681455	9.520262	8.422081
360.365334	32.521415	24.970223
164.880050	50.220736	29.349813
217.621925	18.850948	11.549621
216.449039	-19.800117	-40.635845
218.520151	-0.669880	1.282843
242.092584	-22.510417	-24.949959
72.689791	633.729469	528.435049
244.879907	55.369258	59.051819
-1497.040586	-654.576310	1317.554553
542.477748	21.029230	13.823243
217.320202	0.623852	2.930192
314.001182	160.543393	150.185456
209.029143	5.429917	3.223390
178.334916	-34.285004	-45.960617
253.247975	-0.764279	-4.774451
208.150889	42.391485	24.155437
239.176193	-6.055158	-4.052401
207.474235	27.143780	12.883450
202.624508	91.642763	79.282915
293.384829	-18.295078	-21.554600
208.521235	-29.372980	-22.670984
197.711358	-36.208969	-20.841057
243.664514	-24.917352	-18.672261
234.434333	-4.321544	-1.371396
228.497810	-27.658622	-24.627000
203.472885	33.465929	16.390107
650.397442	-1982.971969	-1983.258492
255.230194	-30.206507	-30.713512
207.302666	41.481553	17.760955
249.501776	-30.496494	-34.111110
-792.508294	-621.444115	-623.700884
193.935229	15.382821	11.388865
71.723770	212.536922	50.065046
234.794109	-3.726130	-4.200795
210.274131	89.282938	82.409196
310.944275	29.058533	29.681324
226.756798	-25.335648	-24.536170
190.328507	36.783345	32.707809
-9021.728002	12684.476152	12684.454871
235.920474	-9.112631	-0.957805
55.673768	-19.378166	-23.757457
237.769041	-13.701366	-16.746778
233.606767	28.021771	20.973385
135.563518	84.573422	80.160380
-1052.244431	95.243980	-485.864319
-1191.795304	-146.110591	-169.553422
233.460745	2.582891	2.388819
250.460407	-13.929045	-15.434149
232.342526	88.563328	72.045256
314.011383	113.718449	149.231710
104.548607	-45.494421	-49.073930
232.427051	-14.842642	-13.519583
221.387391	-4.540647	-4.143554
198.600938	7.641523	6.554402
238.308581	0.736478	1.416217
192.851957	-43.512551	-19.482300
344.001563	65.818056	-85.209085
183.905518	-34.935459	-24.929582
286.041514	48.216674	-14.525377
286.357470	28.551111	21.409436
290.548533	-11.065040	-20.102366
227.500008	76.949807	70.657835
228.365496	-14.508971	-10.107731
243.984805	3.280371	-7.266845
235.719006	-7.404350	-3.106538
249.374207	-131.368239	-125.498312
232.314422	3.570499	2.084028
477.752491	13.615951	10.540363
263.933280	-27.837830	-26.405253
211.294910	-12.939294	-4.857994
215.091991	11.804394	6.220733
157.556017	-103.260360	-99.364577
968.780811	-1102.847138	-1184.917539
193.619646	7.523606	12.346276
243.909081	24.087972	23.519997
260.445454	27.246877	16.937550
200.263947	62.741351	52.116563
207.406074	-83.641085	-35.603918
232.862132	-0.568889	-3.767234
243.573472	51.748564	35.040158
245.061023	51.390324	31.445318
141.373555	80.954778	75.889595
154.548286	53.691752	45.931319
146.573852	-1.644640	-21.029761
269.322534	-12.663037	-17.189785
35.486477	56.486010	52.331995
221.003790	14.451468	11.724107
270.737219	-15.339074	-15.893416
158.223880	11.191917	9.842145
112.196120	2.179839	7.903911
220.648788	1.350564	2.585817
231.019015	-23.600624	-24.298541
1185.040046	-511.281605	-523.190798
256.517761	71.639795	78.270494
244.847558	-26.106937	-24.704859
264.156382	31.366829	13.844804
226.070696	50.207779	21.996749
167.412233	20.150039	18.722500
249.962807	-0.520869	-3.658413
824.985361	-79.177928	-84.550139
202.731208	-4.114264	-20.626411
177.354750	-14.992114	10.673011
-272.118464	365.906180	50.863940
-317.141994	322.925382	-9.045989
-336.947632	358.925247	-67.659086
-322.759187	343.427765	-20.942598
-329.917214	345.802118	-18.711327
-294.370577	331.855167	-13.599690
-325.064708	338.916341	-33.336961
-321.599780	343.419233	-19.234210
-332.788416	348.284272	-17.107538
-332.229224	357.089313	-19.672639
-332.278741	354.448658	-23.438397
-326.234192	344.120808	-24.415910
-468.279089	282.224746	-151.048495
-321.604375	343.565415	-19.360691
-329.141228	376.453473	-13.968904
-314.566449	306.084216	-53.394567
-299.595172	321.595621	-69.395754
-318.683570	339.330489	-52.677354
-284.115513	328.996207	-14.028345
-337.772254	367.470213	-21.556869
-341.779430	350.091552	-31.454673
-318.549378	318.654686	-49.825161
-323.298763	344.960710	-15.013811
-285.817961	341.652607	-5.402718
-301.786290	321.016389	-16.147061
-341.518721	346.362291	-21.309114
-472.126288	287.856500	-204.691591
-338.714352	378.096070	-18.018136
-330.890609	317.568621	-286.306909
-327.507692	342.948671	-26.399733
-335.011361	359.823839	-17.696210
-181.447519	671.687055	-724.026666
-333.345736	353.495350	-21.284841
-300.337487	347.187624	-18.768941
-334.459156	380.514590	-18.244485
-339.116489	354.838841	-17.810168
-313.501298	319.543643	-68.406132
-335.386859	360.863866	-12.545726
-260.597506	349.132932	13.097848
-314.023469	312.772557	-60.403162
562.197325	1950.846961	940.063386
-274.985798	290.055327	-101.988966
-306.337385	326.164236	-12.537268
-330.625400	356.734286	-19.289417
-320.430535	352.950663	-17.588199
-326.146006	361.216169	-20.222029
-275.035056	505.628237	168.047318
-327.995855	319.198535	-48.805923
-329.635767	345.682513	-23.955949
298.742407	-571.597264	-871.397565
-324.628780	318.156266	-41.123188
-450.290854	472.281394	-13.336263
-326.302671	359.239931	-21.104812
-254.463124	331.113206	-42.161041
-323.904127	312.531822	-77.119575
-332.759309	340.364987	-56.501701
-328.869976	343.732106	-21.435280
-305.933255	306.946588	-25.592561
-334.674192	340.938060	-57.668845
-346.257089	342.475813	38.174841
-297.807302	338.267053	-12.423460
-336.003180	353.269344	-20.939986
-324.392510	351.845393	-19.566740
-326.300244	357.022391	-12.824936
-358.394651	339.836044	-223.039471
-337.958468	342.317478	-31.356897
-325.790596	366.374964	-20.569598
-308.841451	339.331340	-7.696780
-330.763349	356.684705	-17.840653
-321.788884	323.305371	-45.917655
-322.651471	294.089787	-143.278490
-326.912071	349.991588	-23.624006
-321.195708	310.941345	-46.794405
-333.972974	355.357983	-19.013806
-331.206770	322.790694	-46.025715
-326.753633	349.850450	-18.782368
-331.438161	350.936124	-21.778241
-330.010531	321.781721	-48.853359
-59.550014	222.512820	-77.557744
-333.942784	350.006749	-18.063445
-314.168201	342.159262	-22.330527
-330.597522	324.825367	-44.269444
-329.281730	351.286334	-16.768739
-329.605855	335.375617	-13.811442
-328.667326	352.881994	-16.308169
-372.893240	341.411121	-13.392352
-330.304148	350.408544	-24.471131
-310.853232	336.529254	-1.736290
-331.752891	341.723948	-27.155248
-254.857847	319.029575	-60.120376
-324.211428	346.237250	-19.963512
-323.173860	322.441546	-51.020277
-326.100482	344.292217	-16.520111
-581.334585	357.414341	-663.701652
-368.965781	310.598863	-73.574157
-323.422854	350.402112	-25.575578
-329.428287	331.321537	-24.942848
-312.046265	306.016680	-62.702205
-320.293392	346.888506	-20.328867
-277.194980	335.913819	-8.399374
-335.134674	357.142344	-17.351527
-206.703354	591.200660	105.694176
-340.205780	343.380656	-18.203740
-329.382947	351.869015	-21.946561
-329.664387	404.705030	-28.525474
-315.941581	316.864362	-51.070120
-311.043041	338.148688	-18.980432
-325.172921	347.349746	-19.057894
-315.740739	349.505245	-11.421320
-333.570201	342.258682	-24.693459
-321.436916	346.554352	-17.638122
-306.003538	298.638821	-52.591706
-314.971647	332.817138	-18.485049
-329.675253	343.486099	-26.739953
-324.870654	348.056314	-17.253942
-333.729047	361.671040	-22.282551
-329.940398	381.284101	-21.325252
-319.630587	356.438642	-22.045169
-254.825121	249.213165	-83.920073
-324.430689	320.294930	-47.592329
-332.594263	354.287417	-18.960175
-312.351504	312.249186	-52.492024
-329.889968	346.055998	-27.627465
-313.197484	361.024908	-23.259518
-329.818718	321.022229	-49.940341
-332.469443	348.509485	-20.592489
-335.072147	366.081710	-20.888927
-308.371770	303.297766	-57.019020
-328.795796	355.053695	-11.414550
-340.630636	325.426170	-33.746399
-325.605271	334.427680	-21.708717
-341.538980	351.211845	-23.204344
-313.388597	312.704656	-53.000094
-512.107397	600.017692	-1154.593484
-320.978094	321.619008	-48.662900
-317.517310	316.711657	-30.410945
-319.896149	249.301775	-45.265511
-321.090417	377.482041	-48.510584
-316.675705	327.267485	-48.755464
-317.272423	397.842524	-4.144396
-332.416330	351.914288	-20.744163
-320.237627	317.871238	-47.093486
-321.187460	322.389218	-39.227314
-436.762709	220.539403	-126.466427
-338.239768	357.231525	-65.905705
-277.288159	212.783479	-131.784253
-326.533665	354.645284	-18.727334
-323.457380	346.080840	-25.724093
231.452617	163.736556	-15.010680
-328.434475	344.597914	-14.218093
-330.154734	326.617038	-50.827919
-297.469346	344.141207	-46.138937
-294.623943	233.784643	-144.624910
-328.569505	346.153487	-21.471145
-328.159612	345.168265	-21.387522
-337.518484	361.485312	-17.385215
-304.817784	330.706424	-36.597886
-330.413909	347.079937	-21.714481
-323.623969	342.181321	-27.029260
-329.123965	350.947088	-21.318616
-314.233591	312.469387	-54.248407
-334.156404	350.821144	-20.477867
-325.588871	355.555962	-19.140577
-292.038602	329.304416	-32.419176
-334.844731	344.818002	-20.592921
-310.707434	105.852754	37.757346
-326.630176	354.601254	-12.313971
-326.193372	344.180972	-24.879754
1257.379959	1255.476377	-13084.137965
-329.614161	334.738235	-30.166969
-323.976643	325.997153	-9.836266
-417.692528	288.387077	-51.666747
-315.758720	323.053379	-65.491907
-312.602883	306.246659	-53.272494
-322.326639	348.335803	-24.153871
-323.541499	335.731782	-37.831464
-327.515914	346.770496	-24.384275
-327.926376	351.880932	-17.843761
-333.369932	351.906108	-14.229114
-332.642086	359.704871	-20.743994
-308.903196	398.972403	23.694386
-331.466914	364.366131	-17.601685
-329.443763	349.421327	-24.636940
-346.878004	358.805219	-12.146541
-333.068362	360.621674	-16.885779
-312.648890	307.831760	-61.852608
-324.649215	341.441511	-26.412463
-323.532759	332.047556	-36.780552
-323.883310	320.213912	-45.055761
-326.718411	321.499466	14.560546
-305.090993	331.228010	-25.905544
-333.526580	361.126316	-16.986258
-331.207874	347.262646	-23.619312
-284.188235	354.410268	12.193030
-337.057549	352.764924	-15.251618
-295.477430	331.278233	-52.316549
-336.641663	364.057202	-33.451936
-207.141240	395.792974	-129.852136
-323.292097	297.269777	-73.245059
-329.525985	344.588749	-21.527547
-329.117972	360.265880	-15.930021
-309.612173	338.594724	-16.257009
-327.829486	349.965475	-19.829853
-333.967952	353.494556	-16.819177
