-262471.277836	180156.012790	180156.012670
34756.055843	88527.698265	88527.698048
-342017.051130	-109855.616961	-109855.617070
-97326.225987	-195093.407961	-195093.408126
-185229.385194	106741.768595	106741.768454
532288.406976	261703.750695	261703.749981
-23063.372833	-592122.852621	-592122.852763
-454774.728816	-140109.242079	-140109.242169
-159016.768536	561440.157907	561440.157793
-204172.672930	313548.777860	313548.777734
-349450.458995	148421.350232	148421.350127
251451.359117	-20013.984402	-20013.984773
-145534.561080	46477.827702	46477.827548
-584814.525458	-163667.312980	-163667.313055
43670.416122	-113319.110378	-113319.110602
-80825.409323	-253171.189007	-253171.189173
-586001.234035	28742.421065	28742.420990
597271.012899	160083.209384	160083.208351
445930.545576	-424356.418670	-424356.419159
164499.262590	589989.669161	589989.668970
130779.086460	235447.221763	235447.221513
-174998.043425	36504.859950	36504.859804
72346.953453	-77706.420830	-77706.421070
-83972.917487	-478423.229833	-478423.229976
-1207.451253	519477.608802	519477.608649
-189226.784615	-589144.384572	-589144.384681
-170599.207704	-35580.948126	-35580.948273
566087.031095	-55986.866095	-55986.867139
-27267.149189	581557.876866	581557.876728
412576.490548	444752.732858	444752.732467
251374.140113	554940.098645	554940.098410
574827.973386	180954.416724	180954.415801
-550796.706864	52001.374912	52001.374834
490744.626057	-355810.730685	-355810.731307
538840.335098	-258098.365280	-258098.366117
-411733.759272	259560.257117	259560.257025
25898.434833	231042.518834	231042.518633
-385572.512909	71854.834550	71854.834449
413590.018020	297854.902475	297854.901999
243159.135523	385839.961225	385839.960942
81249.104462	611384.366481	611384.366321
16321.905608	400605.753506	400605.753330
-410343.958034	-239054.719889	-239054.719984
-122352.022780	-138424.178733	-138424.178893
-526633.003040	-311657.812814	-311657.812892
329182.029691	265022.081674	265022.081281
-16008.098486	-264646.520672	-264646.520860
130464.835188	5633.022794	5633.022520
280885.934923	513496.345035	513496.344771
470197.310056	-244707.608190	-244707.608854
583786.665579	67665.260595	67665.259526
301921.018995	138501.716086	138501.715683
275508.263761	531969.905674	531969.905419
483320.555669	308551.780354	308551.779780
-615485.503144	25409.222537	25409.222465
-289206.407875	-104807.915370	-104807.915489
-510382.043317	344387.968999	344387.968922
-32564.005090	-192518.291886	-192518.292073
-409231.692962	392624.348631	392624.348544
379564.740618	-260420.565625	-260420.566117
-130015.907017	585777.734543	585777.734426
549526.028282	-271587.701985	-271587.702842
209166.087710	-573350.268119	-573350.268343
-308485.014027	493783.628126	493783.628031
137758.922243	-434535.090398	-434535.090626
-186628.661634	525502.472199	525502.472086
-48753.701287	534897.516874	534897.516735
394194.430544	357310.080750	357310.080329
-200069.620928	-474944.264645	-474944.264763
-187874.420225	138239.646619	138239.646480
502545.518159	356152.977122	356152.976553
-213279.253421	-578175.886228	-578175.886334
395379.031123	-156481.275833	-156481.276385
94099.187120	-225254.021349	-225254.021591
289285.311005	-442115.259517	-442115.259834
-476558.100333	363612.345333	363612.345252
260944.140062	-205783.628585	-205783.628951
89182.191964	-488891.810559	-488891.810754
283566.259988	-368307.990925	-368307.991266
-343606.306926	-21156.906983	-21156.907091
-226245.509590	-573974.329970	-573974.330074
-55751.351621	-406409.113741	-406409.113900
-188962.639784	451161.523021	451161.522903
-69875.635826	24968.848483	24968.848305
-12626.397036	-565864.534445	-565864.534595
132455.579753	-239388.931078	-239388.931340
3219.989224	-617940.738066	-617940.738212
-335430.152520	179434.990569	179434.990462
-68176.212992	594889.979946	594889.979819
131197.267222	122228.942444	122228.942177
-164514.808814	-596234.994293	-596234.994406
425084.974417	-267798.585947	-267798.586509
-581122.620650	4039.604262	4039.604186
128714.203876	-184530.927538	-184530.927804
-385961.857152	-483573.376768	-483573.376856
82525.296621	-56153.338566	-56153.338812
535408.105484	-120597.060397	-120597.061312
-416656.973791	95576.116169	95576.116074
136719.013765	-356928.538895	-356928.539139
-370237.765097	495760.351767	495760.351680
-91972.858429	598208.837511	598208.837388
-494079.910863	349307.771052	349307.770973
-179962.448948	-591997.345777	-591997.345888
492528.492984	-275907.999873	-275908.000568
516972.362301	202237.589799	202237.589068
-403655.733541	322421.214923	322421.214832
-529213.120035	306334.984604	306334.984528
-604551.892046	-55779.508897	-55779.508969
-558638.752721	-93799.732126	-93799.732204
471724.099732	-358664.810517	-358664.811100
576486.601944	19926.384223	19926.383156
513125.004903	265930.448808	265930.448141
537399.743303	196716.704029	196716.703240
-463680.664436	396359.449252	396359.449171
204098.063787	481345.352229	481345.351995
266238.684340	946.879077	946.878692
549485.485270	-208192.067024	-208192.067942
138894.169114	588408.886008	588408.885826
-178079.267562	-485231.469382	-485231.469504
-437147.997297	-421014.802039	-421014.802123
328917.324772	522085.149045	522085.148756
-137779.790245	488360.462536	488360.462411
-453248.934961	246445.486664	246445.486577
315734.675561	-165793.863100	-165793.863533
144961.915826	600834.803593	600834.803411
530312.379868	-229402.849362	-229402.850198
-60317.821969	-615802.232395	-615802.232526
10883.871427	-275707.942700	-275707.942897
570033.907772	179260.187521	179260.186613
-171109.580249	40157.030374	40157.030227
205852.415696	-211701.237611	-211701.237927
-361933.620512	-411664.208119	-411664.208213
573806.425538	-217585.770610	-217585.771613
-589195.190421	-126301.322748	-126301.322822
-338499.131760	-387090.948912	-387090.949011
249428.405792	-505102.538470	-505102.538737
-177110.716790	275454.218638	275454.218504
-340624.224564	-493459.091915	-493459.092008
263608.525951	522725.704818	522725.704567
-224274.696240	498138.023925	498138.023817
151396.977502	298436.793527	298436.793276
92196.309930	-438078.655345	-438078.655552
-443950.885461	230621.947955	230621.947866
377106.870353	-425399.343927	-425399.344332
-489781.218268	272753.648350	272753.648268
332772.260870	-440905.215226	-440905.215580
-249049.741473	63108.143602	63108.143475
-264684.449592	534359.265647	534359.265548
542881.323683	-213685.839321	-213685.840211
-182555.482805	586983.544679	586983.544571
-390468.343806	-295676.245645	-295676.245740
571888.403711	-8885.010153	-8885.011213
534657.595522	131757.360709	131757.359873
-321287.538090	231313.793143	231313.793036
582088.575083	-187272.416458	-187272.417525
11104.875484	554479.573003	554479.572852
-296185.770687	-480944.271511	-480944.271612
248267.688530	538857.739264	538857.739025
-460131.916319	-405558.483892	-405558.483974
-240367.293507	-560761.885524	-560761.885628
472042.548147	-297926.692159	-297926.692791
-600720.704271	-147250.093521	-147250.093594
-413365.490589	228136.757832	228136.757739
-163779.034168	596243.163062	596243.162952
95608.619102	507075.120528	507075.120344
-44810.769889	46673.614954	46673.614768
558288.441825	-36847.759883	-36847.760892
331521.991853	-516289.799492	-516289.799809
243136.220186	479881.468213	479881.467958
-248242.281309	541856.136476	541856.136375
-378576.314550	439505.889095	439505.889006
-239889.864110	534718.188473	534718.188371
-204590.439810	-218871.565753	-218871.565887
-190268.772197	585491.708039	585491.707933
-271698.621518	555823.464588	555823.464492
487514.956162	-134792.670737	-134792.671497
366437.267110	67548.815780	67548.815279
55725.532818	-510037.439740	-510037.439919
82372.260104	148722.064661	148722.064425
-95327.132093	-422121.614345	-422121.614491
293666.717557	127474.895046	127474.894650
494397.624588	-301872.426089	-301872.426767
-291889.970332	-297842.584355	-297842.584467
-573653.038738	-158849.504045	-158849.504121
403533.371454	-449479.327235	-449479.327654
-86719.499620	-136346.463770	-136346.463941
35742.349377	604185.418034	604185.417884
231376.791100	-130554.664981	-130554.665330
28292.793216	363630.004023	363630.003837
-270978.820787	-548122.165630	-548122.165730
581055.691563	-211081.306340	-211081.307381
-415808.814189	-202076.483992	-202076.484087
-269105.013617	183850.811443	183850.811324
-40853.334124	580898.307953	580898.307818
-352113.689425	-178739.212709	-178739.212814
-496716.136099	306706.390873	306706.390793
-533362.898630	-312085.318216	-312085.318292
-358860.716587	121817.779168	121817.779063
-465007.740332	-332358.909163	-332358.909247
-127004.065213	215977.359244	215977.359093
43484.802420	616328.211508	616328.211358
-228422.289463	-438203.952501	-438203.952616
44298.976294	46055.144502	46055.144278
-457335.774234	261965.839347	261965.839260
1828071.068420	-379137.562107	-413165.961990
2188700.149998	-48474.648209	-82503.048142
2023461.574618	178393.835991	144365.436001
1483147.861917	536915.229656	502886.829848
1243828.736638	-341678.310384	-375706.709966
2050160.522203	-242791.425150	-276819.825064
1800448.690025	-421554.039299	-455582.439189
1923134.057342	-217871.732847	-251900.132742
2116167.278668	387255.892437	353227.491588
1377608.313623	-157944.913405	-191973.313071
1701442.617586	552961.353848	518932.953972
2161216.960396	163610.036110	129581.636072
1097231.511383	-240716.006447	-274744.405708
1435448.302768	-158392.152836	-192420.552561
1839510.072280	90593.680609	56565.280726
1682838.084923	644413.395835	610384.995953
1926128.472924	-318121.523848	-352149.923749
1881923.524756	569691.696907	535663.296990
1465186.826507	345827.356010	311798.956247
2140116.092091	218573.359802	184544.959460
1154156.990995	336468.751174	302440.351700
1035586.431282	-178278.485854	-212306.884872
1371599.938726	601822.007550	567793.607771
2055968.069211	-187819.846221	-221848.246143
1551595.794773	636234.169633	602205.769782
2051251.497807	-216462.298318	-250490.698327
2193516.059993	-90886.770230	-124915.170176
1244103.033272	526402.987489	492374.587811
1653309.659459	-583635.454333	-617663.854200
1713132.623411	629998.028825	595969.628880
1571731.850536	-456841.115139	-490869.514965
1625392.361007	-114593.294041	-148621.693851
1695658.493916	-177063.960072	-211092.359912
1017581.661234	-25468.634558	-59497.033475
2071836.249382	-360638.232399	-394666.632321
1815327.941635	-316325.555394	-350353.955278
1033088.984258	-95626.453273	-129654.852256
1542608.676051	333346.717823	299318.318019
1462680.203783	225591.628155	191563.228412
2224907.307606	-19963.993137	-53992.393097
1613909.528028	-574805.822303	-608834.222198
1627868.726021	-251196.185940	-285224.585762
1684651.202210	499056.057091	465027.657217
2227845.236516	-56644.595646	-90672.995689
1682480.502511	364013.820620	329985.420762
1926004.216835	-468410.089049	-502438.488958
1030029.645527	150204.498631	116176.099592
1882845.153651	-404973.821980	-439002.221895
1450819.110322	-134973.678105	-169002.077887
1536723.523732	640664.819781	606636.419284
1628980.391662	-378580.905044	-412609.304881
1813621.855116	-413384.750352	-447413.150773
1880383.163564	-470822.512469	-504850.912406
1411650.071322	-141941.634363	-175970.034211
1203458.828735	494341.846163	460313.446523
1561591.362238	-425159.617405	-459188.017254
1698462.815618	164880.214459	130851.814613
1185847.892526	-406768.791349	-440797.190902
1920946.309162	-300537.975253	-334566.375324
1252992.177711	511874.367805	477845.967868
1301770.600065	-89677.138124	-123705.537712
2155433.018236	-41467.297482	-75495.697497
1520539.924211	352064.109236	318035.709361
1580453.028932	-284505.596592	-318533.996409
2110699.616089	305949.207649	271920.800372
1021893.711519	-68759.359730	-102787.758717
1990739.050415	-137957.449790	-171985.849703
1755886.348444	-211366.133152	-245394.533020
1691425.943150	201369.983490	167341.583625
1078199.422661	-87111.681644	-121140.080829
1833835.445112	308515.377475	274486.977562
2159591.278880	324983.754587	285517.598762
1028900.066408	-160158.050602	-194186.449736
1841462.039815	-158038.539859	-192066.939743
1659094.747562	78155.360271	44126.960444
1455681.198071	-480057.918758	-514086.318548
1518510.950444	-382074.966956	-416103.366761
1081482.551800	-217681.391021	-251709.790291
2209209.697189	166583.212398	132554.812329
2201113.595831	212315.339490	178286.939210
1188343.384751	-112412.895378	-146441.294804
1304166.248954	165890.611670	131862.212064
1062643.950843	-160424.357624	-194452.756871
2220058.674011	147006.084930	112977.684804
1914060.126849	481088.034262	447059.634326
1411231.316674	129104.709961	95076.310262
1733398.588656	467048.679392	433020.279316
2159317.873986	322536.688990	270806.714789
1664673.249151	-351208.367731	-385236.767599
1040659.485192	146706.268030	112677.867273
1660937.610965	-117060.409734	-151088.809624
1763814.901351	384181.564424	350153.164530
1209984.598629	400882.671354	366854.271764
1977917.731382	248921.728927	214893.328889
1031270.501506	154529.478819	120501.067751
2149028.464483	326772.912493	292744.327069
1173007.240793	-69981.638410	-104010.037815
1944136.635086	-330517.790055	-364546.190161
1109314.014909	28447.097699	-5581.301550
1458174.566539	579850.754422	545822.354596
1963229.601320	-62247.699268	-96276.099175
1514501.733914	-547334.854363	-581363.254193
2191850.611206	179029.267855	145000.867494
1181606.904371	-55196.517300	-89224.916949
2221442.542309	51657.881160	17629.481200
1003292.485638	39261.507221	5233.108342
1926599.340923	569206.293126	535177.893168
1434603.506190	227309.552652	193281.152801
1169449.393336	369962.448759	335934.049204
1525199.792973	527615.320452	493586.920590
1033380.520090	178685.449726	144657.050518
2126719.886359	382796.941154	348768.538519
1950012.889432	-273784.803224	-307813.203177
2067621.077730	-331581.428588	-365609.828554
2188461.589438	252612.906357	218584.505048
1147418.721115	-136846.664951	-170875.064328
1289399.676019	-460989.209111	-495017.608797
1000480.099703	12950.321845	-21078.077077
1433157.265388	145993.229270	111964.829471
1666251.527842	360449.908911	326421.508499
1879559.318654	505604.118480	471575.718529
1419148.219333	-454060.246749	-488088.646535
1218101.197559	273776.511344	239748.111804
1137511.615703	-149571.166917	-183599.566579
1264385.943322	-333919.735777	-367948.135598
1140910.595311	-356208.893085	-390237.292542
2013847.101035	468713.514995	434685.115005
1158152.186793	-266517.622049	-300546.021482
2087739.995909	240803.284249	206774.883785
1415642.824129	474241.706822	440213.307048
2021845.519432	-391701.143973	-425729.543909
2142286.333462	356403.034893	322374.628797
2002253.878953	163132.720632	129104.320564
1431888.021919	439403.419328	405375.019536
1765535.536752	67219.865418	33191.465548
1724264.484680	577365.232229	543336.832292
2060537.872604	-34747.727868	-68776.127799
1257325.503190	-447761.622157	-481790.021867
1039702.247542	259060.338167	225031.939001
1727770.689539	-461436.879437	-495465.279319
1291870.680470	242547.866838	208519.467216
1684248.053957	603588.389678	569559.989732
1269434.758363	-474569.366454	-508597.766303
1112059.039410	-324916.893042	-358945.292435
1706409.478293	600736.995710	566708.595479
1607730.639682	633576.257885	599547.857980
1234939.647297	-433273.967554	-467302.367308
1308392.404383	-179161.751620	-213190.151240
1891881.860278	528262.356167	494233.956145
1702270.512510	443966.755014	409938.355100
1741508.993053	63423.790415	29395.390370
1900690.821369	172898.006510	138869.606582
1534445.528275	187627.294931	153598.895141
1996640.065025	-357398.315706	-391426.715668
1666726.745592	-194248.985051	-228277.384946
1900584.179595	-203091.078766	-237119.478765
1453715.562803	469978.397964	435949.998099
1730461.754521	466625.382759	432596.886972
1457061.990694	510521.284156	476492.884293
1814061.056060	446538.950416	412510.550489
1131800.184108	405555.783120	371527.383609
1248414.004530	-383335.780689	-417364.180344
1869779.209961	597907.339742	563878.939772
2035422.703409	327612.518385	293584.117881
1801188.820261	-75044.758325	-109073.158199
1942156.315436	541915.315078	507886.915070
2137873.016691	86995.098382	52966.698414
1406682.631891	160199.132285	126170.732472
1224355.623876	435769.124642	401740.724989
2175612.604764	220352.706995	186324.306378
1420803.592996	306188.957607	272160.557857
1459013.881428	416853.803252	382825.403419
2024005.317712	-427995.964380	-462024.364330
1478654.741854	453604.987100	419576.587181
1281677.762243	536924.410392	502896.010604
1728785.098153	568585.713509	534557.312339
2108887.949629	-148382.722516	-182411.122456
1938507.320934	-453213.641636	-487242.041746
2139507.730387	363952.255727	329923.849995
1377039.901385	-462935.887972	-496964.287763
1149728.403524	-191747.301201	-225775.700606
1813585.891663	552714.992319	518686.592376
1382078.715055	-531534.230731	-565562.630511
1998194.985185	320767.184000	286738.783762
1760679.627194	-252542.709808	-286571.109697
2064363.545811	-353291.542606	-387319.943944
1568058.275046	265458.723864	231430.324047
2000785.129748	-73781.703017	-107810.102980
1337027.621096	186421.322371	152392.922677
1293587.542381	-484179.440690	-518207.840615
1059668.047967	-236636.781373	-270665.180653
1088358.353022	-65547.823192	-99576.222489
1512065.246510	-565368.786590	-599397.186587
2212351.401818	134834.364581	100805.964120
1118209.250287	256621.794269	222593.394894
1453814.127884	-531502.944344	-565531.344181
2225516.891866	-54327.816910	-88356.258077
1447267.200414	-543530.555761	-577558.956044
1036321.480346	130605.327156	96576.927688
1941769.710365	-152358.705816	-186387.105753
1399689.000355	-123906.081859	-157934.481719
1419538.500521	-239723.054263	-273751.453987
1054553.376734	-174972.548117	-209000.947928
1560288.982543	-301006.456185	-335034.856090
