-303704.057882	-535275.936596	-535275.943423
-121716.628488	554791.684738	554791.675895
117715.915928	56930.479810	56930.459142
111161.865528	-462643.281723	-462643.297060
177966.027033	-532655.334006	-532655.350089
-203207.802032	287229.975232	287229.965756
431485.647390	-370576.150842	-370576.189646
542214.213209	166676.537859	166676.460367
500482.594628	314792.081202	314792.029657
-134262.221060	595111.049347	595111.041033
123584.556405	-570480.231042	-570480.244738
275446.573751	-17652.346261	-17652.378348
135013.850650	304108.549281	304108.530596
239314.847223	-35285.825871	-35285.854693
605650.052803	-126758.400496	-126758.508697
-534668.840704	-246351.547531	-246351.553158
-482062.070746	322440.573401	322440.567527
313936.605608	130082.326090	130082.291434
103013.696656	-544097.616193	-544097.629829
229339.434061	183417.721657	183417.695486
521509.799461	313914.119599	313914.063966
-257653.461272	554122.609963	554122.602845
616643.333267	27393.976850	27393.852821
-98290.887474	582267.350391	582267.341456
-244430.956514	-258787.277423	-258787.286442
-139617.965753	-329333.222815	-329333.233331
296834.753812	-336445.856540	-336445.884241
513569.416563	7102.012029	7101.936728
-122073.632640	-140574.026664	-140574.038560
-501178.273932	129938.423137	129938.417062
-130310.545016	434427.533452	434427.523711
-346663.060001	484723.269942	484723.263380
171778.286875	135909.023907	135909.000815
-248027.887273	532198.051299	532198.043935
-199154.682180	76796.284578	76796.274252
-113651.589473	360154.980010	360154.969357
31381.328930	515524.395166	515524.383098
-60623.982117	376232.844973	376232.833347
-289568.329604	-458163.646544	-458163.653953
-462785.957909	-108093.658016	-108093.664518
-145907.366013	450359.842384	450359.833034
31146.412133	443600.874118	443600.861071
-175197.433926	190509.671952	190509.661493
-171912.833686	-9966.943309	-9966.954278
-14565.586080	-472921.528928	-472921.540748
70367.909032	614533.432264	614533.420788
-267457.463752	-357753.519662	-357753.527882
502227.044809	35831.824319	35831.752819
568561.521287	-27556.892798	-27556.989110
26737.333459	-528538.749587	-528538.761610
407031.614058	123987.477927	123987.430595
-160796.283072	595579.229392	595579.221426
403180.003307	-462758.496885	-462758.527316
-11449.112317	204140.453507	204140.439043
-24335.660964	-208838.358704	-208838.372899
352632.089678	-384605.523635	-384605.553847
265734.256551	-137337.719388	-137337.749560
172615.276249	538142.898408	538142.882987
580797.712768	31171.609263	31171.506451
-456491.814564	415573.414421	415573.408606
-377769.364635	2905.034865	2905.027328
98737.344853	-591935.316758	-591935.329451
262834.793881	-557300.826125	-557300.844630
-422511.814986	-126018.166633	-126018.173555
28727.820432	35566.546566	35566.529819
-335092.644211	213353.222180	213353.214401
476976.448364	350282.828520	350282.783875
-472485.234051	-380175.566715	-380175.572559
400466.738039	-256773.877465	-256773.918840
270369.064177	-61818.413988	-61818.445414
601227.732456	27450.667968	27450.553761
-33152.429824	-571539.541576	-571539.551847
-286369.245836	-490814.305379	-490814.312646
-488652.901159	-370719.421805	-370719.427536
51615.734898	-230724.810227	-230724.826806
-406061.288857	409078.218667	409078.212367
513446.147066	-92881.683198	-92881.756175
437512.323800	242713.060390	242713.013814
381687.271014	-230276.283071	-230276.323164
-352174.611820	-459447.199946	-459447.206649
414499.488936	383822.499262	383822.464466
503378.731425	312493.210361	312493.158025
-12293.715905	-596871.471219	-596871.481559
8247.465289	107627.296753	107627.281020
-476432.437718	-79659.744542	-79659.750926
43238.893911	-616623.303146	-616623.314261
-440695.829952	26888.418229	26888.411448
445670.921621	326425.966453	326425.924340
466153.297818	314817.537050	314817.491151
-129444.157705	550173.643212	550173.634443
-582051.239515	-85097.855935	-85097.861353
-12138.000853	-608684.905359	-608684.915556
-240752.542880	-480889.877375	-480889.885258
530110.703227	-159287.248061	-159287.322216
476827.398075	-373634.860018	-373634.904498
77509.329694	-166561.593944	-166561.612145
617831.036637	-17359.837148	-17359.961196
22106.740945	417260.395714	417260.382551
-599087.463495	2455.608408	2455.603107
-499601.193564	-113715.818975	-113715.825102
-609678.164142	21586.627616	21586.622401
-475107.377926	20646.816103	20646.809687
-445679.961885	-2277.535709	-2277.542442
-598690.511874	-154437.941817	-154437.947049
267396.732321	-476703.178037	-476703.199254
-248523.580415	-11188.363573	-11188.373053
132971.832127	-442014.410836	-442014.427292
-297331.683338	241591.558951	241591.550744
78844.436430	513921.166074	513921.152844
-76341.889284	-90883.237955	-90883.251177
-543143.040370	-27514.448595	-27514.454364
186571.358606	520357.358845	520357.342583
-399800.372418	424137.668216	424137.661914
-155626.724055	95379.515819	95379.504626
558908.351994	265481.615020	265481.544438
19610.338928	926.397058	926.380613
-317330.974292	-482117.309388	-482117.316353
476434.398654	-81128.028158	-81128.091296
-457544.674452	-138757.908381	-138757.914905
-526611.093305	-214118.533677	-214118.539428
-108683.106838	-512584.028228	-512584.037809
305857.235737	-533730.145619	-533730.166767
-335142.403348	517006.524711	517006.518194
-493726.569701	-262392.258184	-262392.264141
-279448.237791	312774.906180	312774.898008
-189033.982167	-567737.517005	-567737.524950
83546.449683	-494476.574321	-494476.588283
155398.111651	-575784.044206	-575784.058663
487584.955851	320854.719938	320854.671150
4216.651513	469512.920045	469512.907987
68697.855629	-15082.276371	-15082.294825
76498.021484	498253.411201	498253.397784
568461.498917	-243519.390031	-243519.468097
-589021.773605	27748.458846	27748.453469
-278709.175584	377827.070544	377827.062673
-71990.835254	-592240.382262	-592240.391651
388477.937094	-51066.822026	-51066.868057
-121185.183859	591489.083618	591489.075094
392988.931271	-263799.200071	-263799.240130
497766.772594	-325353.448964	-325353.500944
510452.393395	-191345.488402	-191345.554510
484071.965462	33493.394587	33493.328292
-444846.833801	203895.638815	203895.632300
-59529.928644	-615572.968804	-615572.978140
-283140.484218	-288869.471097	-288869.479404
-351392.326945	-492000.910288	-492000.916846
-412020.318822	-33503.442284	-33503.449397
-376906.290790	-441775.043849	-441775.050375
356846.810447	184057.992431	184057.954348
-163549.626647	-529463.024266	-529463.032854
-19708.725310	4391.559987	4391.544937
359436.245827	446400.899128	446400.872128
-399045.662202	419823.826287	419823.819961
613978.367926	2100.975822	2100.853755
-305707.216769	30387.757269	30387.748737
540891.416951	-50776.084421	-50776.168432
-111742.599115	184787.637618	184787.625755
618040.493949	23210.305283	23210.180272
218719.986925	259659.797815	259659.773915
593382.560538	172561.430668	172561.333086
3027.646916	-175404.394118	-175404.409413
-321156.200041	-93622.139401	-93622.147665
274211.463185	-486190.610569	-486190.631814
207553.454828	-164078.191376	-164078.216668
-258035.879935	-508146.554505	-508146.562003
436754.618717	425346.933221	425346.898766
281257.515134	549412.842031	549412.823020
402502.820937	264440.906234	264440.865955
-379404.537211	45098.916566	45098.909068
-227380.207564	-288682.774410	-288682.783575
-331565.736608	506330.526866	506330.520258
569631.783788	240779.054005	240778.976519
-610286.783913	35360.550585	35360.545379
-411821.857767	385049.932001	385049.925668
38267.979331	-222757.770924	-222757.787086
181499.651345	426337.216504	426337.198302
-15170.541127	606765.075346	606765.065355
-310438.199510	46476.665764	46476.657314
374695.604801	-165693.405441	-165693.446937
352681.828117	-381534.009899	-381534.040262
248634.225826	-271089.314748	-271089.340854
-263391.699895	285861.008686	285861.000163
-347058.477051	247528.226440	247528.218917
481874.023449	184424.727504	184424.668459
415537.485666	-444328.497936	-444328.530488
-78827.889614	-578647.184620	-578647.194041
-522596.787586	-139087.530492	-139087.536380
356009.243937	-89030.112542	-89030.153289
-29512.677613	-347866.833744	-347866.846598
261757.733756	131215.415297	131215.385666
-356371.731145	491107.282270	491107.275835
-428174.564080	300693.129921	300693.123475
-409660.781556	-179060.551176	-179060.558163
584498.391351	99412.717093	99412.615422
-352194.284799	403408.029643	403408.022769
594059.621146	-153104.544978	-153104.644305
-554327.136515	-230699.959013	-230699.964502
143679.875093	332746.609090	332746.590541
608550.878968	-56508.916536	-56509.032665
-318394.292081	-90557.740153	-90557.748463
-455011.140138	137944.611090	137944.604565
-441113.214570	-7980.050972	-7980.057755
-179232.394444	288976.458286	288976.448396
50573.764918	423013.451329	423013.437476
902190.076576	240506.858261	102738.568468
2085573.128749	-58147.066712	-195915.461199
2021454.784737	-12747.246094	-150515.640023
1089063.225920	506530.864356	368762.500426
1759989.529079	-26089.076055	-163857.466568
1522771.783895	691362.437975	553594.048588
1377298.129763	652950.094788	515181.709346
1303107.973344	683557.121907	545788.737986
934942.062108	354701.559219	216933.239511
2095875.529179	343401.510542	205633.109888
1963162.261713	-111431.252553	-249199.646022
2022475.620258	422767.690615	284999.296362
920008.021546	-7988.268257	-145756.565992
1891894.789094	542843.756969	405075.363561
1630688.569889	-469536.196308	-607304.587339
1049502.886461	251817.141641	114048.799414
1839903.778859	-203954.679291	-341723.071583
1200530.264268	662887.743778	525119.364445
1897051.719631	218374.888200	80606.495694
1898220.105594	-282937.665812	-420706.059101
1846538.917116	-376866.254387	-514634.647533
1019948.401461	-73630.061290	-211398.399967
1890505.585230	-303666.755187	-441435.150102
1475202.376495	496200.794484	358432.408794
1125902.345220	417447.415081	279679.052122
1512684.540015	376867.971729	239099.586283
1301359.210236	410498.239930	272729.862973
1254605.980996	171384.614152	33616.244692
1712186.406279	707783.413880	570015.021504
1830294.890246	26274.577553	-111493.814053
1351834.282420	-429071.630925	-566840.015376
1692800.453785	52697.059070	-85071.330052
1158868.994498	-289550.702142	-427319.072876
1037487.950743	508401.786659	370633.428277
1341000.267042	339808.964445	202040.586579
2028896.094775	-199491.498239	-337259.892541
1134770.566675	281321.778472	143553.420213
1098035.424529	-46419.241437	-184187.593948
1841911.301699	-354148.249905	-491916.644282
1634680.734147	-415406.587908	-553174.978635
1506245.830612	740161.146489	602392.756631
1628237.531317	742946.568588	605178.176885
1029029.955101	-238489.511704	-376257.870882
957559.683691	100163.314544	-37604.993508
1090693.558374	-193953.360785	-331721.720061
2044462.375803	328771.451864	191003.057345
985585.932693	201780.211255	64011.888979
1862552.667304	-82176.811018	-219945.203312
2002007.074023	118960.125344	-18808.268308
2019216.100678	329837.803337	192069.406456
2037905.333837	463052.644016	325284.249302
1806634.732999	-243087.386499	-380855.778771
1117618.395658	-111059.675079	-248828.033475
1567697.336918	752360.070244	614591.678972
1259389.175028	431221.817023	293453.441751
906670.932365	15649.629884	-122118.658004
1569421.578116	-151246.162808	-289014.549818
1766879.478985	-386699.316234	-524467.708698
1002275.975094	470580.861193	332812.511497
2047666.583031	-143458.094601	-281226.489086
1975076.435840	-249106.970385	-386875.364505
1885105.280822	-326150.412241	-463918.807430
1740736.818341	-103508.013089	-241276.403606
908647.345146	132940.861842	-4827.420967
1238958.307317	189580.904889	51812.535044
1965173.850181	554429.435234	416661.040951
1319231.556659	-438227.305917	-575995.690557
1905512.027193	83619.245728	-54149.146916
1145380.869744	-142758.776377	-280527.139859
1081041.886327	567451.280718	429682.913581
1935307.359781	398374.885454	260606.491973
1918828.963928	221481.026361	83712.629489
1032757.631838	-146518.681276	-284287.028616
1596046.715687	-207915.614895	-345684.003091
1739050.891136	683791.774849	546023.381751
1998515.274112	224552.063365	86783.669523
1042486.897596	174712.776438	36944.438671
1758545.007698	-346928.888911	-484697.281285
1728805.432076	451449.419490	313681.028607
1507856.608647	-147698.276842	-285466.662272
1537923.618985	-464964.900206	-602733.289772
1631017.017623	-241761.508879	-379529.898275
1210564.843307	-111550.922020	-249319.290727
1894187.105031	437912.072965	300143.679726
1179831.005650	161873.470548	24105.108740
1181194.194537	-158997.961354	-296766.329555
1638833.316888	-146901.585793	-284669.974705
1874698.857183	-216046.556888	-353814.950688
1040598.479061	-210354.428795	-348122.783274
2092594.700311	-71727.585381	-209495.985250
1849051.759347	364062.874963	226294.482611
1591539.614545	-401283.677038	-539052.067329
1558488.372017	732345.523113	594577.130352
944733.269225	155592.642897	17824.338895
1974313.678177	132491.167356	-5277.227281
1013100.089272	250240.021343	112471.686817
992245.372477	-99730.490713	-237498.825547
988750.242905	143306.908494	5538.586771
2127727.510910	141359.722929	3591.328116
2071270.056719	297585.414910	159817.019833
1724360.541476	624728.550529	486960.158475
2080431.123208	229381.892319	91613.497673
1074212.277359	-152238.731962	-290007.087585
1194857.427391	-53490.997326	-191259.362955
1899603.445093	-190577.153177	-328345.547042
1458200.415390	-349046.499761	-486814.886005
2066866.796224	411231.506734	273463.111487
1443879.810237	-87214.745240	-224983.127668
2012504.244779	12933.311875	-124835.082869
1896709.362323	603156.086528	465387.692651
1639504.105967	734007.097150	596238.696012
1839765.817342	198348.469470	60580.077450
1754364.374251	416888.978202	279120.586776
1880058.698121	-140223.457343	-277991.850347
1930766.936302	57136.105269	-80632.288285
1287654.724756	307229.099204	169460.725083
1114616.092913	597584.064090	459815.692274
1848134.110198	285012.986086	147244.593906
2112805.076838	38339.337781	-99429.057019
1788211.689740	-358763.394058	-496531.788630
1720908.722553	-313108.010809	-450876.402431
1663639.502179	733781.899650	596013.503307
2094209.908013	345900.488122	208131.560237
1870125.117420	-364051.124063	-501819.521047
2029771.885770	216827.623828	79059.228161
1538613.751715	57088.874937	-80679.510128
1455713.414510	-260915.881730	-398684.266684
1679768.208641	-35985.743573	-173754.132797
1846924.025702	45402.429167	-92365.964283
1825812.497470	-134751.369085	-272519.761559
1144247.126320	-221016.278437	-358784.645316
1905364.624112	-328448.781483	-466217.181624
1160783.847347	540095.694311	402327.322049
1592857.078649	-422590.102428	-560358.494846
1725393.133337	-45382.527788	-183150.918880
1040949.264599	528048.639156	390280.276584
1881062.258904	-314309.319996	-452077.732169
1321233.994769	-256989.783001	-394758.162660
1596157.898817	-464211.522369	-601979.914475
1036530.129575	-203855.900681	-341624.296762
911247.629898	982.910839	-136785.650203
1087693.123452	-304027.391952	-441795.782730
1403930.876791	397912.341146	260143.959206
932937.062823	232177.750312	94409.444677
1832949.516058	-389324.270579	-527092.668914
1363776.398657	-99177.605790	-236945.984763
1737488.033496	532116.697712	394348.306113
1005333.309252	130915.515199	-6852.814688
1329822.121885	533565.522614	395797.141304
1650398.001392	-465059.969868	-602828.366764
910619.023367	402.697294	-137368.503134
2099521.203276	235341.323285	97572.923490
993040.940228	160778.939058	23010.611784
2009342.015710	497525.227782	359756.833003
1286503.959250	700833.759391	563065.373803
1489658.522248	182571.230130	44802.846743
1976836.728712	43336.357893	-94432.036402
2085863.295738	69818.097908	-67950.297060
1430880.776967	-474639.273429	-612407.660983
1033036.263292	-238533.229919	-376302.083669
1657611.757236	-208.921289	-137977.310236
1723762.048544	160028.858769	22260.468941
1478089.692958	153195.941673	15427.558244
1702564.107474	-131798.481754	-269566.872230
1584582.678364	693764.003663	555995.612391
973162.174365	-145994.292296	-283762.627199
1858454.214043	563662.893584	425894.499654
1238050.247871	-116156.765505	-253925.138763
914917.319383	162943.354522	25175.063837
1814199.619654	545658.883029	407890.489819
1491271.502406	366347.936717	228579.549437
904862.322928	253284.218752	115515.917563
1563756.363521	-197578.461996	-335346.850645
907345.679048	208671.576671	70903.286436
2010828.375078	155206.649211	17438.254454
1399677.142974	742751.546728	604983.158890
1085953.987727	-302533.328020	-440302.751310
1148185.676005	-300007.162008	-437775.540218
2063313.753766	361068.602582	223300.205743
2117624.307062	90923.466860	-46844.928724
1330272.369969	-385642.550925	-523410.934093
1748344.359911	-40375.564926	-178143.962418
973569.731923	-95767.470500	-233535.805806
1452796.002662	451425.660435	313657.275736
1957405.542148	561002.840681	423234.421448
1872211.686437	-329847.101306	-467615.517461
1331025.369915	317137.917296	179369.538652
1855626.793695	256021.547548	118253.154468
1900199.539659	23882.579743	-113885.813702
1518257.254197	-410724.726157	-548493.115106
1060657.502392	-195539.885733	-333308.247614
1361857.537416	419606.839277	281838.458286
1966445.170342	531329.616280	393561.219938
944250.822530	-24720.655180	-162488.967776
924688.436341	320625.039899	182856.727925
2122946.685005	122646.144593	-15122.253160
1335735.845458	176551.131638	38782.755754
1006506.226434	-133882.812673	-271651.156720
1643879.604124	381570.927170	243802.538166
2060083.062227	423702.383310	285933.980840
1940108.973464	406192.400050	268423.981035
1412799.917711	-165895.895478	-303664.277720
894763.448406	158434.685519	20666.404052
1719007.660846	-209146.322279	-346914.713201
