1028.064009	-55.800743	-49.905433
999.798871	-13.871804	-6.994086
975.097710	63.247719	19.123020
957.246760	-43.722589	-35.390128
3701.696311	-876.622602	-891.559202
899.604524	44.350342	12.497636
893.177900	124.062111	65.228975
961.851375	94.190312	129.620096
1120.084945	-5.075541	-52.026981
959.731634	-53.884815	-37.599138
989.458812	-94.873636	-120.496235
365.025516	426.620536	-155.330836
1088.779223	8.452269	-29.573288
1141.665798	547.462894	559.386121
1025.974570	4.566403	2.885507
954.279110	45.073625	57.341168
918.693388	33.180860	24.481157
1054.913059	178.536729	136.555572
816.304754	167.658526	112.094744
-17108.437831	118139.434099	118139.351542
940.335251	-39.280181	-20.001400
995.773937	74.422540	46.754074
995.544902	73.073681	46.916692
962.961707	157.460067	68.023115
833.499815	146.588873	115.567606
781.036589	-398.472911	-423.985232
1690.652355	864.975682	836.905583
1104.685051	202.613267	199.452014
1063.180467	301.829335	231.225436
1810.208666	-255.806305	-344.503456
995.523894	-14.876499	-13.721537
999.474348	-55.223227	-37.825762
208.842024	3329.169720	3318.220765
1101.898094	-152.179956	-152.558957
687.326382	-66.650467	57.399870
1004.314297	-26.260657	-42.058578
706.200919	11.827377	30.943603
1132.745610	-216.492772	-118.652098
829.190188	47.082363	-231.525438
-283.892405	-317.778058	-332.288429
984.538354	-129.084227	-111.661553
1102.241055	109.483786	99.902569
1059.282915	-116.167453	-111.147492
856.880861	28.507536	26.338464
1070.347339	-230.244005	-257.370783
1586.129918	60.100430	43.820057
817.504357	-39.769827	-18.937959
1034.987124	-70.200585	-74.745462
952.963230	-79.192412	-69.278446
1154.079446	23.292552	-66.116811
1155.109157	198.321858	80.982335
875.765597	9.677181	30.277123
804.872215	90.520383	83.665909
1052.556308	162.278684	142.120310
862.184733	-223.185454	-235.974403
947.299278	-33.022606	-9.940242
798.731593	56.412011	42.431765
510.684302	-233.364280	482.816780
983.054959	-97.351863	-51.955853
1183.731928	4.645464	-62.076750
1391.341814	478.705508	794.516043
941.480263	-12.610056	-6.635585
858.716280	-109.303692	-87.413139
1080.213230	-74.176432	-93.051329
952.915780	-157.529074	-119.805298
1056.971510	224.012571	160.666829
1090.393254	90.672684	81.148528
467.477049	712.774356	685.232802
1235.883496	-367.939240	1068.030734
1036.285511	-79.072104	-108.491439
842.143921	-179.784029	-85.132868
950.204566	-488.530403	42.499094
1645.009868	-3373.879170	-2956.271311
970.377936	-127.522364	-103.762896
1014.858848	220.183707	168.319442
1070.936365	140.755145	5.073610
979.647314	-119.922864	-100.118412
988.956410	84.818070	13.993003
987.600167	435.970945	302.144134
888.374942	253.766103	199.803552
661.601621	-173.071649	-189.522060
1110.779592	163.848294	42.462952
1794.676263	986.494839	954.197589
970.596943	-122.983087	-104.897018
1364.887091	-330.109403	-429.853744
857.693187	38.049843	28.217976
1087.831374	-65.811751	-66.738518
1041.949129	-101.422277	-88.203101
968.757328	-153.368943	-126.798739
897.249284	44.053540	14.304022
1435.206853	-254.308972	-291.302387
1145.937092	74.972381	-17.940572
993.285660	-120.645889	-103.238679
1095.101854	138.566040	96.145053
2281.390668	-598.197943	-611.039469
758.292017	-31.975875	65.421248
775.123204	58.273470	59.942945
1098.299362	18.788074	-27.431262
949.789090	-27.038168	-12.891045
940.800936	53.647441	2.726007
2685.536572	-507.397989	-531.551839
862.078885	32.424618	25.702754
1551.150966	137.653690	106.009345
709.036414	215.388534	125.629713
930.321323	84.112188	56.176186
941.479036	-96.311530	-153.888664
929.873513	-4.705640	6.762664
1042.690428	-94.836973	-113.823126
315.362023	2714.365397	2263.575728
1051.916973	236.351534	253.696416
-6410.477529	-2803.415485	5646.183801
2333.974039	90.624367	59.745168
932.035077	9.564415	16.182880
1350.377178	687.051856	642.691065
891.529153	16.689986	11.308201
766.505123	-145.357228	-198.632255
1087.983551	-3.350590	-25.929632
893.159589	185.185599	106.781779
1034.625102	-23.335688	-15.393462
892.198572	125.345268	63.100700
869.384238	390.433283	336.851169
1264.594996	-82.972567	-96.590627
892.081134	-125.221713	-98.739535
849.933468	-157.879786	-93.728954
1042.397321	-104.297602	-86.363081
1016.349179	-21.335717	-9.183040
969.352442	-118.739897	-100.414038
877.787190	145.832765	71.116245
2795.674528	-8518.162410	-8519.391882
1086.283283	-132.137303	-142.611228
891.373064	183.200371	73.991211
1086.013056	-131.886255	-143.164391
-3404.951943	-2667.334404	-2677.017093
828.724394	67.229816	53.097584
315.115945	907.360159	214.143039
1016.416350	-27.594759	-19.649624
902.690863	382.593216	353.793305
1338.502170	122.871178	126.163514
968.569339	-126.141611	-108.593453
815.788528	157.481705	142.625360
-38771.161266	54510.951454	54510.860019
1002.214184	-15.170468	-7.110572
238.544543	-83.558973	-102.183169
1028.534809	-56.835670	-74.376030
1007.350105	117.811154	91.915669
582.206947	363.498858	346.383656
-4495.344410	405.771686	-2079.969057
-5114.312720	-626.879226	-727.540408
1003.605102	21.054844	9.804416
1087.462377	-65.655939	-72.184967
997.909443	378.196695	306.829413
1345.536049	482.940181	634.865691
453.125565	-194.198858	-208.599805
998.255933	-68.053273	-55.822448
956.756761	-30.255607	-13.398330
855.049467	34.654881	29.201208
1032.622738	8.483798	13.531978
836.970733	-181.907368	-86.123008
1474.801453	281.996056	-362.974676
785.801950	-150.115853	-106.940019
1225.576344	205.070085	-62.044734
1234.015031	120.873846	90.096849
1247.832604	-46.196840	-85.698193
979.858139	329.798548	303.742173
977.897536	-66.456659	-49.886010
1053.680975	14.845100	-30.858798
1014.389439	-24.450226	-20.196154
1071.801917	-562.338453	-536.635938
1005.755992	15.209380	13.111866
2053.511059	55.913902	42.764664
1138.809616	-119.540200	-113.155091
904.926554	-55.978194	-17.698335
922.532858	54.264538	31.301774
680.810625	-443.109339	-426.243458
4160.845331	-4731.365642	-5083.582608
825.980987	32.092587	53.784518
1044.757539	105.032086	100.546742
1121.713987	113.669806	73.662815
859.266759	271.477724	226.157581
892.522265	-360.377068	-153.172729
1009.216195	-2.635134	-6.538144
1052.186649	223.293737	152.279970
1057.443142	224.081525	130.735436
608.016820	351.000351	327.742294
663.331738	232.280950	199.361850
631.133580	-4.951537	-91.070333
1161.349766	-52.614056	-71.227038
152.831581	240.385422	222.775014
949.585264	65.472680	47.972907
1164.392227	-68.137210	-65.688717
674.289132	47.199822	41.059171
481.184825	9.843386	34.674600
947.547785	6.062403	7.983013
989.106220	-101.145534	-99.236493
5091.351573	-2194.829361	-2245.958555
1104.946039	307.370487	335.922336
1063.947179	-117.815547	-114.006378
1139.212130	134.119273	59.970902
971.525818	215.993330	94.214747
715.862766	85.388464	79.034299
1077.675880	-2.752129	-12.598545
3544.159652	-341.600708	-364.651084
869.457090	-14.488662	-89.620913
758.830405	-65.717358	46.551066
-1160.212744	1570.808968	220.342169
-1350.277546	1378.610172	-31.951506
-1408.414429	1504.352793	-291.650587
-1379.144151	1475.017147	-99.618180
-1413.612386	1507.715132	-80.975519
-1260.197254	1421.926257	-64.185557
-1386.260231	1455.328092	-154.297655
-1370.392960	1466.850784	-93.188344
-1399.906928	1495.345192	-80.741163
-1418.897971	1543.514599	-88.212517
-1399.709401	1490.778795	-80.162431
-1395.254002	1479.471902	-117.807201
-2003.540891	1214.846150	-648.120033
-1361.810149	1461.463009	-68.608314
-1406.504897	1627.050703	-55.066582
-1339.350557	1310.307649	-225.550422
-1271.941323	1383.369629	-300.032035
-1354.816089	1461.766984	-232.922523
-1202.391762	1412.911754	-56.292675
-1449.537375	1591.288206	-97.819746
-1435.591743	1515.610004	-96.908099
-1360.433110	1369.445122	-214.886302
-1391.963486	1466.701247	-89.709153
-1214.307223	1466.871392	-19.850137
-1288.209854	1379.581189	-69.879589
-1401.328842	1503.626760	-82.695298
-2018.662241	1237.384168	-880.216262
-1448.860609	1632.144978	-73.343302
-1412.451557	1365.937397	-1216.709706
-1387.414010	1456.759010	-98.912102
-1439.415727	1538.777052	-68.339238
-773.571159	2885.693160	-3105.985573
-1398.032228	1508.612707	-78.112615
-1269.866447	1496.316181	-79.787339
-1428.467549	1645.394207	-77.484252
-1454.327335	1536.611497	-72.297898
-1339.112328	1373.229738	-301.920564
-1406.862593	1556.467006	-57.805818
-1106.475597	1498.508825	55.374374
-1343.367700	1337.466173	-262.579618
2424.185840	8380.679588	4037.908403
-1171.192223	1247.385467	-437.602569
-1299.175675	1398.850226	-51.342521
-1428.177163	1533.270021	-97.495045
-1396.710872	1496.784815	-80.452755
-1398.512059	1505.980960	-77.371930
-1172.835947	2172.475141	720.358625
-1409.846282	1369.621664	-200.051285
-1398.469536	1480.265016	-101.552711
1292.105301	-2457.192415	-3746.645115
-1388.360804	1359.064130	-174.756427
-1925.047426	2032.403524	-55.523921
-1386.875537	1562.356540	-94.162705
-1079.342807	1422.381625	-184.013427
-1383.669031	1340.776670	-335.267759
-1426.981488	1461.247300	-245.216225
-1418.028835	1458.598318	-83.081914
-1305.753370	1307.989984	-110.944577
-1431.230121	1467.348817	-255.512409
-1474.345591	1469.685225	162.849539
-1264.567969	1454.618607	-48.690864
-1433.347763	1536.999820	-86.455612
-1364.805158	1503.362831	-94.475423
-1396.572466	1503.887276	-74.371741
-1532.109811	1463.277595	-956.445993
-1453.317426	1465.714862	-141.326724
-1379.780447	1561.196248	-93.826946
-1305.852739	1452.588536	-26.120510
-1388.029863	1523.709242	-78.600729
-1377.144715	1375.603249	-215.557088
-1376.827621	1265.581568	-615.685864
-1400.080968	1476.401685	-90.774919
-1369.916682	1324.688974	-199.096687
-1448.508200	1540.707893	-81.836486
-1412.350125	1369.696661	-201.684323
-1406.981319	1497.268587	-69.630172
-1437.461890	1504.108858	-100.433338
-1410.688731	1378.536088	-210.179564
-244.769330	956.327091	-334.729974
-1414.448748	1523.471055	-72.809707
-1323.942337	1474.795389	-102.103082
-1414.312630	1391.099095	-185.852478
-1394.989426	1504.146782	-78.888019
-1409.777209	1429.610429	-49.581356
-1396.904727	1535.798106	-75.872699
-1599.051421	1466.837727	-59.376679
-1389.390872	1472.216877	-94.562909
-1319.884055	1450.034689	1.069662
-1400.573529	1496.664855	-76.031709
-1085.802827	1370.974812	-258.121241
-1363.513420	1481.919562	-84.172038
-1374.527340	1385.294383	-219.271254
-1398.458007	1474.328757	-82.539529
-2482.287767	1535.559525	-2837.761588
-1577.257779	1336.136881	-317.004089
-1391.335226	1507.928093	-74.523755
-1400.643914	1412.732178	-112.979682
-1332.165717	1306.231770	-275.357013
-1403.169014	1500.806974	-81.713800
-1173.737571	1444.790611	-34.703544
-1450.943305	1527.822984	-81.584773
-878.101756	2538.171633	451.919378
-1399.569486	1497.260092	-78.234500
-1388.479736	1486.972580	-87.813725
-1408.289135	1744.553464	-125.890970
-1343.235981	1357.457340	-222.883175
-1312.589049	1465.165689	-76.964935
-1389.089118	1478.795296	-106.835899
-1399.786725	1529.566155	-71.094516
-1428.725030	1458.036543	-113.172992
-1350.128975	1494.368785	-78.010899
-1301.882584	1276.946494	-225.801559
-1329.440218	1425.140951	-79.969256
-1407.096584	1496.270201	-85.415407
-1401.857791	1500.453374	-83.343603
-1435.581801	1570.870759	-100.949973
-1402.451303	1645.670667	-88.147674
-1398.150279	1505.333239	-78.516688
-1085.090695	1070.351234	-361.582492
-1377.533259	1369.073115	-214.036375
-1440.935140	1540.530782	-89.553601
-1330.817434	1344.958762	-226.830345
-1395.687951	1501.692526	-76.160586
-1328.707792	1560.438251	-105.457241
-1407.156460	1376.772030	-218.003919
-1414.291060	1525.213678	-70.983817
-1433.789550	1589.819730	-93.854817
-1314.767708	1301.378477	-249.245009
-1395.954198	1497.020779	-78.054514
-1466.526040	1396.486563	-148.089118
-1417.662937	1458.642688	-85.952081
-1394.806215	1498.877405	-82.860706
-1322.064680	1341.864804	-231.936695
-2192.484040	2578.887016	-4959.807490
-1376.146794	1379.853656	-219.646579
-1349.997514	1353.205503	-123.661016
-1366.003518	1068.680077	-195.994300
-1370.499157	1630.344999	-210.308117
-1348.566795	1409.800067	-214.176595
-1350.972296	1711.843903	-16.717333
-1431.928200	1531.048153	-77.817974
-1355.827960	1369.137979	-209.511292
-1367.939110	1375.564836	-162.652487
-1868.037040	951.179965	-540.637697
-1406.747289	1507.131866	-292.057267
-1184.584210	914.371640	-567.480798
-1373.529458	1533.498918	-66.998494
-1371.349922	1487.339822	-116.222585
995.422086	707.325942	-65.136154
-1395.315445	1472.040791	-86.112898
-1410.201599	1404.985656	-221.410095
-1265.159795	1482.421525	-203.757600
-1258.284522	1005.592990	-620.476685
-1408.451023	1501.178169	-76.982963
-1417.514324	1498.632676	-80.232188
-1392.123929	1506.075443	-79.359971
-1295.258500	1421.622491	-162.315382
-1410.498674	1518.669962	-76.697465
-1402.257818	1473.487745	-93.532379
-1404.890666	1513.144187	-77.169618
-1336.449197	1342.690364	-237.844149
-1427.688993	1543.886289	-86.986484
-1417.474412	1539.941496	-78.603125
-1242.571694	1410.380683	-142.398426
-1407.405610	1495.976815	-84.758912
-1327.187060	458.282993	161.544717
-1401.206841	1504.239356	-71.499322
-1382.503717	1461.686144	-100.717875
5408.712386	5395.098214	-56202.378795
-1395.916259	1426.944598	-128.300066
-1385.114672	1392.099193	-31.603064
-1786.133882	1240.986236	-221.610402
-1345.262594	1388.240033	-286.441456
-1333.242634	1303.179875	-226.733701
-1374.126488	1464.156548	-101.343953
-1383.886531	1434.148316	-172.160530
-1399.156315	1502.859509	-75.865494
-1422.712805	1533.759954	-82.643079
-1402.688178	1515.491540	-71.119714
-1420.112028	1534.006937	-75.990533
-1317.634771	1713.716047	102.924414
-1393.025555	1566.525562	-79.373059
-1387.331119	1487.519564	-79.440712
-1457.273672	1524.937374	-50.736645
-1423.855513	1532.192525	-84.806260
-1332.254548	1321.136578	-271.815186
-1377.350182	1455.554856	-125.213063
-1385.569906	1436.186379	-167.836620
-1374.211865	1368.064151	-188.845552
-1392.237188	1380.712570	70.857127
-1292.631512	1413.540417	-114.116627
-1419.545270	1546.698426	-73.971956
-1419.157241	1461.983716	-86.604066
-1207.122035	1523.027025	54.362412
-1395.929415	1505.616126	-73.931919
-1253.606084	1423.574767	-227.628392
-1442.121943	1568.331546	-153.749326
-885.573400	1697.464170	-554.663055
-1384.934286	1324.693197	-259.993572
-1411.750394	1501.938625	-86.728048
-1406.993515	1536.018741	-73.788136
-1314.318781	1467.974148	-77.084761
-1388.574372	1467.913968	-92.080728
-1427.784433	1526.929843	-76.882944
