-303703.686260	-535275.377885	-535275.386076
-121721.428194	554789.119159	554789.108500
117715.866824	56930.432778	56930.407820
111162.043205	-462643.200900	-462643.219328
177965.750692	-532655.328468	-532655.347779
-203206.902049	287230.035634	287230.024216
431485.701198	-370576.071625	-370576.118373
542214.242711	166676.551951	166676.457401
500501.313244	314776.753772	314776.691039
-134259.536752	595109.599227	595109.589206
123584.611492	-570480.085232	-570480.101669
275446.409699	-17652.620584	-17652.659386
135013.984465	304108.754790	304108.732208
239315.401858	-35285.849965	-35285.884794
605649.654881	-126758.500556	-126758.632081
-534668.768494	-246350.885360	-246350.892117
-482061.544415	322440.525709	322440.518643
313936.507815	130082.366039	130082.324051
103013.842996	-544097.751665	-544097.768034
229339.554389	183417.589361	183417.557692
521505.322958	313913.976854	313913.909103
-257653.110644	554121.942810	554121.934237
616643.629157	27381.733030	27381.581598
-98292.388539	582267.325237	582267.314466
-244430.884438	-258787.548255	-258787.559097
-139617.958534	-329333.157434	-329333.170074
296834.923884	-336445.827397	-336445.860759
513569.615307	7102.321298	7102.229745
-122073.487932	-140573.946084	-140573.960402
-501177.710385	129938.351270	129938.343963
-130310.923605	434427.949610	434427.937867
-346665.326250	484725.397124	484725.389224
171778.469127	135909.003829	135908.975915
-248027.993787	532198.277301	532198.268431
-199154.487740	76796.302592	76796.290156
-113651.428357	360155.024194	360155.011350
31381.737697	515524.047212	515524.032648
-60624.095658	376232.845486	376232.831462
-289568.463255	-458164.165740	-458164.174634
-462786.151881	-108093.763277	-108093.771092
-145906.768120	450359.264981	450359.253710
31146.436892	443600.453880	443600.438132
-175197.272925	190509.660797	190509.648195
-171912.926963	-9966.903400	-9966.916609
-14565.443151	-472921.621698	-472921.635893
70367.767341	614533.155687	614533.141838
-267457.346068	-357753.435746	-357753.445620
502225.571245	35831.226114	35831.139165
568561.673295	-27556.788530	-27556.905747
26737.465197	-528538.745646	-528538.760079
407031.637002	123987.495665	123987.438201
-160794.609897	595578.742106	595578.732506
403180.151646	-462757.784296	-462757.820886
-11449.142365	204140.392304	204140.374852
-24335.260729	-208838.203559	-208838.220647
352632.515366	-384583.539534	-384583.575904
265734.302854	-137337.665937	-137337.702369
172615.485097	538142.199498	538142.180866
580799.927688	31170.900993	31170.775636
-456490.693358	415573.243957	415573.236959
-377769.678543	2905.070756	2905.061689
98737.494705	-591934.735843	-591934.751073
262834.705499	-557300.471486	-557300.493700
-422512.468597	-126018.074021	-126018.082342
28727.800095	35566.281113	35566.260910
-335092.422159	213353.513934	213353.504568
476976.377387	350281.806702	350281.752428
-472486.120161	-380174.805937	-380174.812953
400464.002053	-256775.976269	-256776.026211
270369.079166	-61818.191104	-61818.229086
601230.921355	27449.936556	27449.797204
-33152.533548	-571539.934116	-571539.946441
-286369.275590	-490814.043937	-490814.052658
-488651.476119	-370720.001660	-370720.008541
51614.021229	-230723.645890	-230723.665852
-406059.718852	409080.215003	409080.207420
513445.960018	-92881.385751	-92881.474300
437512.266150	242713.202706	242713.146096
381687.524118	-230276.575225	-230276.623633
-352174.235677	-459447.260626	-459447.268671
414499.702785	383822.278924	383822.236698
503358.090655	312510.383731	312510.320033
-12294.070291	-596872.734906	-596872.747312
8247.521659	107627.211689	107627.192708
-476432.167923	-79660.079650	-79660.087324
43238.612084	-616622.817120	-616622.830452
-440695.983090	26887.743178	26887.735023
445672.634765	326425.411040	326425.359872
466154.931204	314818.238998	314818.183195
-129439.118048	550176.821035	550176.810464
-582050.655971	-85097.823286	-85097.829796
-12138.263868	-608682.809680	-608682.821912
-240753.150643	-480890.078493	-480890.087956
530110.714706	-159287.197722	-159287.287603
476826.901039	-373634.646998	-373634.700599
77509.220709	-166561.655185	-166561.677117
617830.294646	-17359.007669	-17359.158950
22107.507502	417260.890335	417260.874448
-599087.138714	2456.527462	2456.521091
-499600.409504	-113715.830586	-113715.837951
-609676.250536	21587.612019	21587.605751
-475106.275852	20646.472936	20646.465221
-445675.983323	-2281.956546	-2281.964643
-598689.933464	-154437.832213	-154437.838498
267397.997010	-476704.984993	-476705.010489
-248523.632853	-11188.280472	-11188.291883
132971.522680	-442014.762272	-442014.782049
-297331.846498	241591.592878	241591.582996
78843.955939	513920.039296	513920.023324
-76341.852613	-90883.239089	-90883.255013
-543142.702881	-27514.368826	-27514.375760
186570.807163	520357.680388	520357.660735
-399798.401025	424124.733255	424124.725669
-155626.897177	95379.404260	95379.390775
558908.086287	265481.337253	265481.251115
19610.228878	926.572816	926.552984
-317330.488383	-482117.237668	-482117.246027
476434.904138	-81128.001727	-81128.078291
-457544.472222	-138757.340375	-138757.348215
-526611.208091	-214118.816671	-214118.823579
-108683.109997	-512584.104373	-512584.115874
305856.832434	-533729.937432	-533729.962828
-335141.707748	517004.027592	517004.019744
-493726.741010	-262391.914749	-262391.921903
-279447.934303	312774.588664	312774.578821
-189033.695598	-567737.157892	-567737.167424
83546.565792	-494476.550228	-494476.566996
155397.198416	-575783.607998	-575783.625348
487587.470647	320852.575143	320852.515794
4217.031597	469512.660154	469512.645603
68697.622726	-15082.109343	-15082.131605
76497.824784	498254.211710	498254.195511
568461.309562	-243519.189971	-243519.284462
-589023.682689	27748.022377	27748.015914
-278709.211136	377826.994123	377826.984643
-71990.527162	-592239.356489	-592239.367754
388477.995263	-51066.906294	-51066.962039
-121187.828975	591489.137970	591489.127696
392991.444452	-263796.523221	-263796.571566
497766.524318	-325353.407285	-325353.470006
510452.479963	-191345.188528	-191345.268564
484074.327027	33493.404529	33493.323957
-444846.522019	203895.561939	203895.554099
-59529.517428	-615572.017759	-615572.028959
-283140.038349	-288869.357380	-288869.367362
-351391.297396	-492000.380599	-492000.388469
-412020.528942	-33503.057575	-33503.066130
-376905.476336	-441775.364493	-441775.372327
356846.891374	184057.900973	184057.854782
-163549.467334	-529462.963105	-529462.973411
-19708.104535	4391.591152	4391.573008
359436.306361	446400.675857	446400.643140
-399048.455893	419833.745644	419833.738029
613977.940447	2101.535948	2101.387032
-305707.583625	30388.499757	30388.489489
540891.711797	-50775.815509	-50775.917614
-111742.701335	184787.622377	184787.608076
618033.829199	23221.905341	23221.752721
218720.016273	259659.723443	259659.694526
593382.131153	172561.347529	172561.228148
3027.760848	-175404.555963	-175404.574383
-321143.870948	-93608.233582	-93608.243521
274210.071121	-486188.743452	-486188.768981
207553.624126	-164078.085925	-164078.116435
-258036.207619	-508145.949938	-508145.958937
436754.460151	425346.582690	425346.540876
281257.329588	549412.639872	549412.616876
402503.287372	264440.782009	264440.733102
-379404.475340	45098.568036	45098.559014
-227380.428756	-288682.570180	-288682.581196
-331566.812141	506331.608202	506331.600246
569631.366334	240779.308502	240779.213861
-610285.184732	35358.648594	35358.642336
-411821.361021	385050.650558	385050.642936
38269.537798	-222758.558057	-222758.577517
181499.512597	426337.154503	426337.132499
-15170.653929	606764.781326	606764.769276
-310438.074931	46475.686061	46475.675892
374695.662459	-165693.350873	-165693.401026
352681.542429	-381555.762588	-381555.799141
248634.362247	-271089.256498	-271089.287957
-263391.628050	285861.146496	285861.136230
-347057.967508	247528.053726	247528.044670
481874.127469	184424.703759	184424.631887
415536.964773	-444328.759436	-444328.798591
-78826.713515	-578648.157665	-578648.168969
-522596.118133	-139087.174719	-139087.181793
356009.354565	-89029.981878	-89030.031170
-29512.664550	-347866.782020	-347866.797474
261757.976601	131215.454540	131215.418673
-356368.118965	491105.722489	491105.714741
-428174.348267	300693.165145	300693.157388
-409660.879451	-179060.266809	-179060.275207
584498.273031	99412.523476	99412.399281
-352194.788110	403408.100281	403408.092004
594059.404574	-153104.114919	-153104.235522
-554325.879683	-230700.000737	-230700.007329
143679.800152	332746.309512	332746.287092
608550.438379	-56508.493804	-56508.635243
-318406.839474	-90571.440866	-90571.450861
-455011.167025	137944.490083	137944.482234
-441116.662085	-7975.240500	-7975.248658
-179233.632798	288976.354365	288976.342446
50572.675691	423013.666656	423013.649932
893791.212265	248907.650542	102739.384394
2077173.258324	-49748.001694	-195916.395066
2013054.439768	-4346.830119	-150515.222813
1080662.889711	514930.897169	368762.540594
1751588.572696	-17689.991795	-163858.380371
1514372.061069	699762.569413	553594.182146
1368898.064966	661350.054484	515181.671961
1294707.632228	691957.400878	545789.020180
926542.071764	363101.182671	216932.879855
2087458.840729	351825.053607	205656.652241
1954761.967518	-103031.243198	-249199.635338
2014076.077956	431167.560716	284999.167619
911604.995960	414.983175	-145753.291830
1883494.682944	551243.831394	405075.439308
1622289.347881	-461135.373473	-607303.762663
1041102.214594	260216.918973	114048.588911
1831504.122716	-195554.801648	-341723.192367
1192130.384216	671287.593156	525119.217970
1888652.903951	226775.074721	80606.683731
1889819.439762	-274538.502163	-420706.894083
1838138.297573	-368465.724016	-514634.115762
1011548.126265	-65230.413968	-211398.739329
1882104.164924	-295268.468799	-441436.862549
1466802.251672	504600.574199	358432.191401
1117502.358909	425847.362804	279679.007461
1504283.609496	385267.570064	239099.187577
1292959.237140	418898.228131	272729.855880
1246205.483332	179785.050032	33616.686933
1703786.182395	716183.177193	570014.786339
1821895.316303	34674.919315	-111493.470578
1343433.867585	-420671.520550	-566839.901767
1684400.501589	61096.887101	-85071.499794
1150467.533214	-281151.602391	-427319.966934
1029088.356920	516802.204875	370633.855021
1332599.986591	348208.567696	202040.194368
2020495.658249	-191091.388988	-337259.782129
1126370.426843	289721.642256	143553.292699
1089635.287514	-38019.434704	-184187.777033
1833511.966615	-345748.475385	-491916.868504
1626280.071250	-407006.593053	-553174.981865
1497846.305400	748560.876034	602392.488208
1619839.126503	751344.980158	605176.590115
1020665.786461	-230089.137640	-376257.488466
949159.699809	108563.712230	-37604.575752
1082292.422520	-185553.267906	-331721.618466
2036061.699660	337171.617107	191003.223712
977185.691691	210179.939376	64011.633707
1854152.460963	-73776.882896	-219945.273613
1993606.495485	127360.449796	-18807.942569
2010817.329304	338237.802398	192069.406362
2029504.959007	471452.313727	325283.920090
1798234.878128	-234687.276150	-380855.666823
1109218.317304	-102659.931239	-248828.280736
1559297.244200	760759.208934	614590.819432
1250989.432200	439621.608440	293453.238246
898271.885448	24047.282136	-122120.980609
1561021.609929	-142846.280874	-289014.665205
1758479.855442	-378298.689958	-524467.080865
993876.240147	478980.898624	332812.559293
2039266.177059	-135058.024822	-281226.418174
1966675.912454	-240706.887891	-386875.280798
1876702.689396	-317749.557187	-463917.951250
1732336.681432	-95107.996089	-241276.384657
900247.865202	141341.553174	-4826.703905
1230558.528181	197980.406898	51812.043471
1956770.634158	562831.228968	416662.835839
1310832.177471	-429826.922242	-575995.303596
1897112.206117	92018.938874	-54149.452269
1136980.770665	-134358.781119	-280527.136796
1072642.049135	575851.055028	429682.694559
1926909.168491	406777.829425	260609.437265
1910427.634237	229880.816740	83712.420813
1024357.475740	-138118.500559	-284286.836502
1587646.387095	-199515.387954	-345683.773711
1730650.442685	692191.818128	546023.426451
1990115.691390	232951.866231	86783.473647
1034086.161979	183112.655191	36944.330684
1750145.702325	-338529.008377	-484697.399154
1720405.562631	459849.238046	313680.849002
1499456.810491	-139298.310018	-285466.692416
1529523.966551	-456564.543744	-602732.931152
1622616.956795	-233361.256427	-379529.643620
1202165.264398	-103151.128781	-249319.490858
1885787.295734	446311.854941	300143.463078
1171431.043619	170273.536958	24105.183186
1172793.630807	-150597.676637	-296766.038029
1630433.327435	-138501.600361	-284669.986972
1866298.426422	-207646.266673	-353814.659127
1032196.579321	-201949.992244	-348118.336841
2084193.751798	-63326.444797	-209494.844233
1840651.870918	372462.861672	226294.470872
1583139.840601	-392884.271683	-539052.659933
1550088.635866	740745.737182	594577.346032
936332.925134	163992.690580	17824.407438
1965914.224172	140891.009948	-5277.383503
1004700.292562	258639.746905	112471.426318
983844.151831	-91330.258082	-237498.578641
980350.659339	151707.233063	5538.928284
2119326.856750	149758.996768	3590.603006
2062869.622089	305985.685524	159817.291488
1715960.505935	633128.512416	486960.121962
2072031.890575	237782.269045	91613.875496
1065811.905972	-143838.821713	-290007.167700
1186457.232502	-45091.195419	-191259.553755
1891202.848733	-182177.294466	-328345.687011
1449800.478723	-340646.431480	-486814.814869
2058465.486952	419632.566841	273464.172597
1435479.753315	-78814.839309	-224983.218084
2004103.990344	21333.211750	-124835.181853
1888309.221743	611555.669924	465387.277284
1631103.436088	742408.076799	596239.676130
1831366.097186	206748.556087	60580.165710
1745964.327748	425289.044409	279120.654740
1871658.334356	-131823.476259	-277991.867805
1922366.778542	65536.100554	-80632.291639
1279255.070142	315629.195518	169460.826742
1106216.030143	605983.716081	459815.349980
1839734.280312	293412.642854	147244.252271
2104404.503108	46739.603292	-99428.790444
1779811.643833	-350363.225265	-496531.618553
1712508.991931	-304708.048285	-450876.438155
1655237.832282	742181.745084	596013.349792
2085824.547615	354276.902647	208107.904298
1861723.567246	-355650.552678	-501818.948758
2021371.351108	225227.765307	79059.370646
1530213.797819	65488.840710	-80679.541278
1447313.452351	-252515.776108	-398684.157934
1671368.685994	-27585.718996	-173754.105995
1838523.934790	53801.982056	-92366.409932
1817412.577166	-126351.362966	-272519.753854
1135846.708702	-212616.032550	-358784.392358
1896961.164975	-320047.949594	-466216.349247
1152383.650220	548495.583809	402327.217191
1584457.353443	-414189.619719	-560358.010382
1716994.218589	-36982.143823	-183150.533002
1032549.504474	536447.884673	390279.529925
1872663.644309	-305910.547892	-452078.961066
1312833.959854	-248589.666578	-394758.041977
1587758.423644	-455811.133491	-601979.523842
1028133.922010	-195459.835482	-341628.226821
902740.668924	9282.110244	-136886.634674
1079253.986623	-295593.153560	-441761.545540
1395530.650816	406312.364909	260143.986660
924536.291453	240577.600669	94409.315369
1824550.172092	-380922.745473	-527091.143053
1355376.411263	-90777.643026	-236946.017599
1729088.175823	540516.615173	394348.225271
996932.032369	139316.464468	-6851.849997
1321422.105504	541965.385647	395797.008123
1641996.106231	-456659.909169	-602828.304982
902328.547622	8903.053644	-137268.868557
2091119.285876	243740.873373	97572.474014
984640.431289	169178.135329	23009.824066
2000941.714877	505925.025251	359756.631551
1278104.445401	709233.136772	563064.754201
1481258.359917	190970.960191	44802.580219
1968436.390280	51736.370662	-94432.022405
2077463.255152	78218.218856	-67950.175052
1422480.854201	-466239.011861	-612407.396826
1024601.506353	-230131.978357	-376300.889012
1649212.052875	8190.888364	-137977.498275
1715362.126656	168428.803218	22260.415470
1469689.730300	161596.151794	15427.771822
1694164.143747	-123398.379942	-269566.768416
1576182.558983	702164.207564	555995.818094
964763.190580	-137593.937187	-283762.257818
1850054.345811	572062.561693	425894.169037
1229649.140998	-107756.656143	-253925.023571
906516.886740	171342.745056	25174.478377
1805799.867693	554058.845876	407890.454076
1482872.139803	374748.338462	228579.953975
896462.519256	261682.326372	115514.047053
1555356.923530	-189178.423740	-335346.809934
898946.204491	217071.715008	70903.448604
2002428.006988	163606.413545	17438.019927
1391277.229515	751151.337411	604982.952012
1077593.879072	-294166.971591	-440336.541219
1139786.460844	-291605.755429	-437774.128353
2054913.909783	369468.060400	223299.664375
2109223.667210	99323.557418	-46844.837203
1321872.483661	-377242.569747	-523410.949377
1739943.728437	-31975.097806	-178143.494223
965171.865003	-87367.886560	-233536.207080
1444395.904655	459825.557137	313657.175565
1949008.120557	569399.937199	423231.515981
1863815.488173	-321445.393578	-467613.811233
1322625.207738	325538.253277	179369.879157
1847226.929005	264421.595437	118253.203838
1891799.416386	32282.829519	-113885.562522
1509857.560364	-402324.670813	-548493.057440
1052256.866327	-187140.326385	-333308.679495
1353457.549148	428006.615883	281838.238819
1958044.852044	539730.057168	393561.661728
935850.136145	-16320.086715	-162488.379771
916288.562468	329024.936143	182856.642845
2114546.321172	131046.511460	-15121.885607
1327335.634219	184951.131760	38782.760888
998106.584810	-125482.973846	-271651.305445
1635479.592319	389970.908550	243802.521783
2051682.866032	432101.034431	285932.632058
1931707.146246	414589.444762	268421.023845
1404399.971937	-157495.810416	-303664.188945
886365.651875	166834.786916	20666.531953
1710607.649629	-200746.249667	-346914.638697
