-0.019199	0.010360	0.010359
0.000064	-0.000387	-0.000389
0.000794	0.000009	0.000009
0.000638	0.000213	0.000212
-0.000062	0.000222	0.000221
-0.004468	0.000446	0.000440
0.000110	0.000527	0.000526
0.000367	-0.000047	-0.000048
-0.000497	0.001041	0.001040
0.000197	-0.000474	-0.000475
0.000511	-0.000109	-0.000110
0.000554	0.000928	0.000924
-0.003370	-0.000958	-0.000959
0.008093	0.005615	0.005615
0.000360	0.000330	0.000328
0.000718	0.000368	0.000366
-0.000483	-0.000940	-0.000941
-0.002395	0.001211	0.001202
-0.001044	0.000412	0.000408
-0.005088	0.000396	0.000394
-0.000104	-0.000071	-0.000073
0.026211	0.023791	0.023790
0.000357	0.000824	0.000822
-0.000192	0.000332	0.000331
-0.000525	0.000913	0.000912
0.015028	-0.003472	-0.003472
0.000269	0.000335	0.000334
-0.000817	0.001556	0.001546
-0.009693	-0.000987	-0.000988
-0.000479	-0.000275	-0.000278
-0.000019	-0.004105	-0.004107
-0.053980	-0.019252	-0.019260
-0.000162	-0.000674	-0.000675
-0.004818	0.000234	0.000228
0.000373	-0.000783	-0.000790
-0.001721	-0.001021	-0.001022
0.000150	-0.000166	-0.000168
0.000155	0.000745	0.000744
0.000316	-0.000093	-0.000097
-0.000063	0.000024	0.000022
-0.001469	-0.000940	-0.000942
0.000146	-0.000334	-0.000335
0.000407	0.000435	0.000434
0.001681	-0.000046	-0.000048
-0.036263	-0.002288	-0.002288
0.000218	-0.000051	-0.000054
0.001397	-0.000204	-0.000206
-0.000163	-0.000096	-0.000098
-0.004235	0.003397	0.003395
0.001107	-0.000664	-0.000669
-0.000316	-0.000225	-0.000234
-0.002555	-0.003578	-0.003581
-0.005898	-0.004052	-0.004054
-0.000189	-0.000456	-0.000461
0.003476	-0.000198	-0.000199
-0.000303	0.000002	0.000001
0.006836	0.000884	0.000883
-0.000243	0.000019	0.000018
-0.000353	-0.000365	-0.000366
0.001434	0.000061	0.000057
-0.000980	-0.000518	-0.000519
-0.003371	0.003154	0.003147
-0.000082	0.000630	0.000628
0.000962	0.000200	0.000199
-0.000811	0.000116	0.000114
-0.000668	0.000337	0.000336
0.000619	0.000595	0.000594
0.000067	-0.000376	-0.000379
0.001912	-0.000677	-0.000678
-0.000173	-0.000653	-0.000654
-0.000543	-0.000644	-0.000649
-0.005274	0.002411	0.002410
0.000133	-0.000209	-0.000213
0.000955	0.000046	0.000043
0.001075	0.000349	0.000346
-0.001160	-0.001799	-0.001800
-0.000309	0.000198	0.000195
-0.000577	0.000216	0.000215
0.000219	0.000063	0.000060
0.000452	0.000068	0.000067
0.007400	-0.000551	-0.000552
-0.000619	-0.000262	-0.000264
0.000160	0.000633	0.000632
0.000365	0.000713	0.000712
-0.000464	-0.000540	-0.000542
-0.000599	0.000709	0.000706
-0.001083	0.001240	0.001239
0.000509	-0.000387	-0.000388
-0.001248	-0.001348	-0.001349
-0.000476	0.000011	0.000009
-0.008648	0.003171	0.003170
0.000968	0.000282	0.000277
-0.000049	0.001300	0.001299
0.000074	-0.000316	-0.000318
0.001562	0.000374	0.000373
-0.000507	-0.001118	-0.001120
-0.000616	-0.000416	-0.000424
0.001503	-0.000111	-0.000112
0.000065	0.000104	0.000102
0.001352	-0.000446	-0.000446
0.002337	-0.001807	-0.001808
-0.002492	-0.001004	-0.001005
-0.011034	0.004474	0.004473
-0.000109	-0.000320	-0.000326
0.004048	-0.001165	-0.001171
-0.000462	-0.000370	-0.000371
0.003535	0.000119	0.000118
0.001004	-0.000087	-0.000088
-0.000005	-0.000400	-0.000401
0.004193	0.001423	0.001418
-0.000317	-0.000726	-0.000736
0.003686	-0.001130	-0.001136
-0.001828	0.000013	0.000006
0.000877	-0.001264	-0.001264
0.001395	0.000338	0.000336
-0.000781	-0.001001	-0.001005
-0.007846	-0.010575	-0.010583
0.003481	0.003005	0.003004
-0.002011	0.001099	0.001098
-0.000139	0.001110	0.001110
-0.002513	-0.000307	-0.000309
-0.000503	0.000438	0.000437
0.002039	0.000937	0.000936
0.000029	-0.000138	-0.000142
-0.000208	-0.005121	-0.005123
0.002675	0.001682	0.001675
0.000689	0.001037	0.001036
-0.001395	0.000991	0.000989
0.052452	0.018601	0.018593
-0.022318	-0.022439	-0.022440
0.000214	0.000226	0.000223
0.000677	0.000557	0.000556
0.002580	0.007979	0.007970
0.000682	-0.001492	-0.001492
-0.000307	-0.000503	-0.000504
0.000158	0.000531	0.000529
-0.000207	-0.000030	-0.000031
0.000761	0.000685	0.000684
0.004794	0.002552	0.002550
0.000411	0.001102	0.001101
-0.000073	-0.000195	-0.000197
0.000764	0.000055	0.000053
0.001381	0.002853	0.002853
-0.000012	-0.000280	-0.000284
0.002592	-0.000043	-0.000044
-0.000041	0.000518	0.000515
0.000816	0.000110	0.000109
0.007385	0.002348	0.002347
0.011939	0.006870	0.006863
-0.021731	-0.005236	-0.005236
0.000239	0.000184	0.000184
-0.000401	-0.000201	-0.000210
0.000399	0.000495	0.000487
-0.000137	-0.000503	-0.000504
-0.002101	-0.002550	-0.002559
-0.001155	0.000066	0.000064
-0.000001	0.000033	0.000032
0.003648	-0.000429	-0.000431
0.002116	-0.000470	-0.000471
0.002721	-0.001613	-0.001614
0.003806	0.000923	0.000918
0.004138	-0.000483	-0.000483
-0.001955	0.001232	0.001231
-0.002325	-0.003686	-0.003687
-0.000152	0.000180	0.000178
-0.000640	-0.000570	-0.000571
0.000779	-0.000807	-0.000816
-0.000360	0.000764	0.000762
-0.000765	0.000860	0.000858
0.002762	-0.006865	-0.006866
0.000419	-0.000297	-0.000298
-0.008121	0.005242	0.005242
0.000412	0.000176	0.000175
0.028689	0.004156	0.004155
0.003725	-0.003036	-0.003037
0.000624	-0.000221	-0.000227
-0.000146	0.000020	0.000016
0.000471	0.000735	0.000733
0.000231	-0.000364	-0.000366
0.000707	0.000143	0.000142
0.002596	0.003293	0.003289
-0.003218	0.002186	0.002180
0.000031	0.000126	0.000125
-0.009457	-0.002333	-0.002333
-0.000782	0.001271	0.001267
-0.000988	-0.000257	-0.000259
0.002071	0.002195	0.002193
0.000068	-0.000210	-0.000213
-0.000075	0.000349	0.000347
0.002476	-0.000267	-0.000268
-0.011816	-0.006202	-0.006211
0.000637	-0.000132	-0.000133
0.018454	-0.010670	-0.010671
0.007872	0.000375	0.000373
-0.000041	0.000066	0.000065
-0.000258	-0.000146	-0.000147
0.038420	0.002488	0.002487
0.000567	0.000771	0.000770
0.000272	0.000306	0.000305
-0.000231	-0.000138	-0.000140
-0.001203	-0.004257	-0.004258
0.000389	-0.000428	-0.000429
-0.000216	0.000199	0.000197
0.001174	-0.002406	-0.002407
-84.000013	83.999631	-0.000368
-83.999514	83.999978	-0.000022
-84.001206	83.999291	-0.000709
-83.999743	83.999029	-0.000969
-83.997401	84.000797	0.000801
-84.000891	84.001058	0.001058
-83.995556	84.003201	0.003202
-84.001408	84.000804	0.000805
-83.989802	83.994135	-0.005876
-83.998665	84.000790	0.000793
-83.998454	84.001130	0.001131
-83.998163	84.000830	0.000829
-84.001227	84.001510	0.001517
-84.001554	84.001780	0.001782
-84.000483	83.999974	-0.000025
-83.999162	83.998033	-0.001966
-83.998694	84.000765	0.000766
-84.000066	83.999509	-0.000490
-83.999390	83.999915	-0.000083
-83.998549	84.000035	0.000030
-83.999448	84.000307	0.000312
-83.994329	84.003049	0.003058
-83.999534	83.999315	-0.000684
-84.000849	83.999413	-0.000586
-84.005318	84.001085	0.001086
-84.000773	83.999994	-0.000005
-84.000420	84.001189	0.001190
-83.997581	83.997353	-0.002644
-84.001316	84.000764	0.000765
-84.001884	83.998366	-0.001634
-84.000508	84.000879	0.000881
-83.998682	83.999674	-0.000324
-84.000860	83.999389	-0.000609
-83.999497	83.999778	-0.000212
-84.007750	84.006831	0.006831
-83.999822	84.000072	0.000073
-83.998685	84.000693	0.000702
-84.001233	84.000726	0.000728
-84.002187	83.999998	0.000000
-84.001351	83.998782	-0.001217
-83.999602	84.000392	0.000393
-84.000163	83.999977	-0.000022
-83.999310	83.999660	-0.000339
-84.063142	84.061094	0.061094
-84.005692	83.998919	-0.001080
-83.999842	84.002438	0.002439
-83.979183	84.025851	0.025859
-84.000705	84.000340	0.000341
-84.002520	83.998980	-0.001018
-83.993436	83.997455	-0.002548
-83.999926	84.000482	0.000484
-84.003731	83.998210	-0.001792
-83.999288	84.001011	0.001012
-83.999955	84.000339	0.000341
-83.998691	83.999883	-0.000114
-84.000076	83.999921	-0.000078
-84.000247	84.000346	0.000347
-83.998841	84.000386	0.000390
-83.998952	83.998246	-0.001754
-84.000955	84.002013	0.002014
-84.000240	83.999708	-0.000288
-83.998442	83.999599	-0.000401
-83.999734	83.999164	-0.000835
-84.000864	83.999286	-0.000713
-83.998879	84.000613	0.000510
-83.998475	83.999316	-0.000674
-84.000768	83.999800	-0.000199
-84.000316	83.999847	-0.000152
-84.000158	83.999571	-0.000428
-84.000102	84.000751	0.000758
-84.000194	84.000036	0.000037
-102.633077	102.421542	-1.110460
-83.995796	83.997872	-0.002120
-83.999921	83.999770	-0.000229
-83.999739	84.000061	0.000063
-84.000684	84.000280	0.000282
-83.999743	83.999989	-0.000009
-84.000128	83.999466	-0.000527
-84.002951	84.000062	0.000061
-84.003584	83.999966	-0.000038
-84.001168	83.999946	-0.000049
-83.998988	84.000498	0.000501
-84.002724	83.997301	-0.002692
-84.004288	83.998847	-0.001154
-84.001117	84.000568	0.000568
-83.999144	84.001720	0.001723
-84.182888	83.973435	-0.026567
-103.595528	93.643358	-53.791922
-84.000548	83.999949	-0.000050
-84.017120	84.006304	0.006304
-84.001284	83.999778	-0.000221
-84.000568	84.000183	0.000184
-84.000138	83.999990	-0.000007
-83.999742	83.999958	-0.000043
-84.003037	83.965015	-0.035041
-83.992864	83.997411	-0.005049
-83.999290	84.001545	0.001551
-84.002244	84.001868	0.001868
-84.000328	83.999690	-0.000304
-83.999590	83.999151	-0.000848
-83.999156	83.999513	-0.000486
-84.001073	83.998896	-0.001103
-83.999510	83.998581	-0.001422
-84.001794	83.997324	-0.002672
-84.000838	84.000059	0.000059
-83.999641	83.998929	-0.001061
-84.001727	83.998687	-0.001313
-83.997958	83.999698	-0.000300
-83.999772	83.999847	-0.000149
-84.001207	83.999747	-0.000252
-83.999788	83.997357	-0.002636
-84.008988	84.001345	0.001322
-84.000898	83.999482	-0.000517
-84.001396	83.998185	-0.001814
-84.001428	83.999017	-0.001001
-84.002144	83.997728	-0.002267
-84.002327	83.998871	-0.001126
-83.999280	84.000298	0.000307
-84.002446	84.000129	0.000131
-83.994459	84.001354	0.001352
-83.999535	84.000729	0.000729
-84.000502	83.999623	-0.000375
-83.999862	83.999865	-0.000131
-83.998572	84.002432	0.002436
-84.003038	83.998841	-0.001157
-83.999574	84.000612	0.000617
-84.000779	83.999745	-0.000255
-84.000451	84.000449	0.000454
-83.999503	83.999896	-0.000110
-83.997831	83.999331	-0.000667
-84.000625	84.000765	0.000766
-84.004567	84.008828	0.008752
-83.998755	84.001123	0.001123
-83.998432	84.000433	0.000435
-84.002803	83.999689	-0.000310
-83.998265	83.993591	-0.006408
-84.000248	83.999763	-0.000237
-83.999538	84.000109	0.000111
-83.999430	83.999627	-0.000366
-83.999964	84.000619	0.000620
-83.999850	83.999807	-0.000190
-83.995806	83.999178	-0.000821
-83.996553	84.001787	0.001789
-83.999167	84.000180	0.000186
-84.002649	83.999369	-0.000631
-84.000070	83.999307	-0.000692
-83.998040	83.999522	-0.000475
-83.999782	84.000318	0.000321
-84.000643	83.999310	-0.000690
-83.998876	84.000900	0.000901
-83.997460	84.000555	0.000555
-83.999885	84.000010	0.000011
-84.000498	84.000180	0.000182
-84.000144	84.000246	0.000246
-83.999060	84.000457	0.000458
-83.998809	83.999252	-0.000747
-84.000089	83.999066	-0.000933
-83.817952	84.026591	0.026077
-83.999364	83.999523	-0.000476
-84.000724	84.000145	0.000145
-83.998939	83.999467	-0.000528
-84.000202	84.000256	0.000259
-84.000174	83.998345	-0.001655
-84.000535	83.999557	-0.000450
-84.000098	83.999810	-0.000189
-84.002151	84.000038	0.000039
-84.000029	84.000302	0.000302
-83.998920	83.999098	-0.000900
-84.000027	83.999478	-0.000519
-83.999795	83.999231	-0.000775
-83.999557	84.000011	0.000013
-84.000343	84.000921	0.000922
-84.000954	84.001119	0.001119
-84.002070	84.000314	0.000315
-84.001132	83.998782	-0.001216
-84.004990	84.006114	0.006108
-84.000931	84.000043	0.000043
-84.002182	83.999034	-0.000966
-83.998312	83.990777	-0.009280
-83.999405	84.000262	0.000264
-84.000917	84.000575	0.000580
-84.000141	83.999694	-0.000305
-83.999213	84.000791	0.000793
-83.998694	83.999959	-0.000044
-84.000123	84.000416	0.000417
-83.995237	83.995319	-0.004688
-84.000384	84.000068	0.000069
-84.000991	84.000120	0.000121
-84.000155	83.999604	-0.000393
-84.001916	84.002703	0.002704
-83.997432	84.001432	0.001438
-84.000729	83.998523	-0.001470
-84.000275	84.002671	0.002671
-83.999366	84.004247	0.004244
-83.999928	83.999856	-0.000139
-84.001677	83.997226	-0.002773
-83.941387	83.939841	-0.060378
-83.997900	84.004122	0.004121
-83.999942	84.004734	0.004740
-83.999835	83.999881	-0.000118
-83.998868	83.997786	-0.002212
-84.000101	84.000346	0.000348
-84.003282	84.002216	0.002220
-83.998680	84.001060	0.001061
