-262471.930396	180156.364903	180156.364747
34756.058001	88527.685112	88527.684832
-342017.024134	-109855.616640	-109855.616779
-97326.204320	-195093.400720	-195093.400932
-185229.387313	106741.776134	106741.775952
532288.255111	261703.765852	261703.764931
-23063.369111	-592122.834705	-592122.834888
-454774.716354	-140109.243680	-140109.243796
-159016.785422	561440.193289	561440.193143
-204172.666228	313548.761758	313548.761596
-349450.441625	148421.346534	148421.346399
251451.377934	-20013.952872	-20013.953350
-145534.675641	46477.795142	46477.794945
-584814.250393	-163667.122113	-163667.122208
43670.428361	-113319.099175	-113319.099464
-80825.384930	-253171.176510	-253171.176724
-586001.250457	28742.389098	28742.389002
597270.931465	160083.250539	160083.249205
445930.510086	-424356.404668	-424356.405297
164499.089656	589989.682606	589989.682360
130779.082911	235447.219342	235447.219020
-174997.152587	36505.668531	36505.668344
72346.965590	-77706.392809	-77706.393118
-83972.924011	-478423.218548	-478423.218732
-1207.469100	519477.639839	519477.639642
-189226.273834	-589144.502568	-589144.502708
-170599.198577	-35580.936744	-35580.936933
566087.003305	-55986.813227	-55986.814575
-27267.478668	581557.843334	581557.843157
412576.474246	444752.723525	444752.723020
251374.139476	554939.959121	554939.958818
574826.138901	180953.762441	180953.761250
-550796.712356	52001.351997	52001.351896
490744.462286	-355810.722749	-355810.723550
538840.347754	-258098.391885	-258098.392964
-411733.817783	259560.222400	259560.222281
25898.439913	231042.513183	231042.512924
-385572.507642	71854.859866	71854.859736
413590.028762	297854.899303	297854.898689
243159.133371	385839.962040	385839.961676
81249.054529	611384.334526	611384.334320
16321.910561	400605.742155	400605.741929
-410343.944194	-239054.705099	-239054.705221
-122351.965640	-138424.180311	-138424.180516
-526634.235529	-311657.890561	-311657.890660
329182.037101	265022.079955	265022.079449
-16008.051020	-264646.527611	-264646.527853
130464.829635	5633.019530	5633.019178
280885.790957	513496.460493	513496.460153
470197.347688	-244707.630752	-244707.631608
583786.654830	67665.252951	67665.251571
301920.932153	138501.594473	138501.593954
275508.063296	531969.767950	531969.767622
483320.549232	308551.764862	308551.764121
-615485.384994	25409.215796	25409.215704
-289206.418183	-104807.915302	-104807.915455
-510381.810973	344387.999035	344387.998936
-32564.013343	-192518.291226	-192518.291467
-409231.704972	392624.336229	392624.336116
379564.789367	-260420.563542	-260420.564175
-130015.940319	585777.716945	585777.716795
549525.913683	-271587.594775	-271587.595880
209166.084911	-573350.246710	-573350.246998
-308484.981346	493783.634911	493783.634788
137758.894663	-434535.086472	-434535.086766
-186628.684331	525502.483668	525502.483523
-48753.680235	534897.537115	534897.536936
394194.432812	357310.067977	357310.067435
-200069.555948	-474944.287651	-474944.287802
-187874.426097	138239.624429	138239.624250
502545.499677	356152.955224	356152.954491
-213279.432677	-578175.804292	-578175.804428
395379.035651	-156481.282929	-156481.283640
94099.219582	-225254.019805	-225254.020116
289285.347551	-442115.247668	-442115.248076
-476558.139771	363612.284168	363612.284065
260944.129543	-205783.621861	-205783.622331
89182.172342	-488891.803210	-488891.803461
283566.267445	-368307.988797	-368307.989236
-343606.291568	-21156.904663	-21156.904803
-226245.258055	-573974.348706	-573974.348841
-55751.372665	-406409.122653	-406409.122858
-188962.634359	451161.544540	451161.544387
-69875.623409	24968.872724	24968.872496
-12626.412799	-565864.552818	-565864.553010
132455.559379	-239388.906997	-239388.907334
3219.952428	-617940.695922	-617940.696109
-335430.135236	179434.977415	179434.977277
-68176.255413	594889.934129	594889.933965
131197.251022	122228.942829	122228.942486
-164515.102769	-596234.886506	-596234.886651
425085.007300	-267798.576358	-267798.577081
-581122.622306	4039.648452	4039.648355
128714.206404	-184530.938282	-184530.938625
-385961.804053	-483573.364057	-483573.364170
82525.279395	-56153.376570	-56153.376887
535408.084550	-120597.074535	-120597.075715
-416656.922717	95576.112400	95576.112276
136719.015978	-356928.535375	-356928.535689
-370237.719138	495760.336618	495760.336506
-91972.778985	598208.776092	598208.775935
-494079.995561	349307.736917	349307.736815
-179962.824000	-591997.193712	-591997.193854
492528.489274	-275908.010761	-275908.011655
516972.499898	202237.550214	202237.549271
-403655.749256	322421.202343	322421.202226
-529212.999869	306334.988648	306334.988550
-604551.857933	-55779.511859	-55779.511953
-558638.752886	-93799.745730	-93799.745830
471724.242239	-358664.762169	-358664.762919
576486.591138	19926.359527	19926.358149
513125.130190	265930.410408	265930.409548
537399.681145	196716.704474	196716.703456
-463680.634630	396359.406303	396359.406200
204098.111209	481345.363709	481345.363407
266238.657800	946.845033	946.844537
549485.218571	-208192.426459	-208192.427642
138894.287435	588408.988162	588408.987928
-178079.335920	-485231.432043	-485231.432199
-437148.002034	-421014.764303	-421014.764411
328917.239353	522085.138617	522085.138244
-137779.807338	488360.477438	488360.477277
-453248.865642	246445.518502	246445.518390
315734.676527	-165793.867810	-165793.868368
144961.908740	600834.629515	600834.629281
530312.470785	-229402.792204	-229402.793281
-60317.798537	-615802.197140	-615802.197308
10883.824008	-275707.909032	-275707.909285
570035.690295	179260.819646	179260.818474
-171110.338763	40156.267735	40156.267547
205852.422959	-211701.229948	-211701.230356
-361933.597510	-411664.189179	-411664.189300
573806.513206	-217585.499430	-217585.500724
-589195.167231	-126301.373456	-126301.373551
-338499.142197	-387090.966021	-387090.966149
249428.411160	-505102.520419	-505102.520763
-177110.723845	275454.217614	275454.217441
-340624.198684	-493459.068647	-493459.068766
263608.688883	522725.791567	522725.791243
-224274.682270	498138.061367	498138.061228
151396.975024	298436.786912	298436.786590
92196.335896	-438078.653483	-438078.653748
-443950.838537	230622.044939	230622.044825
377106.869942	-425399.353463	-425399.353984
-489781.130180	272753.646872	272753.646767
332772.259471	-440905.197623	-440905.198078
-249049.713740	63108.147356	63108.147193
-264684.198583	534359.345464	534359.345337
542881.729469	-213685.605812	-213685.606959
-182556.221402	586983.366730	586983.366592
-390468.335694	-295676.239379	-295676.239502
571888.390058	-8885.016989	-8885.018356
534657.609087	131757.377523	131757.376444
-321287.542759	231313.776031	231313.775892
582088.503646	-187272.503136	-187272.504512
11104.836230	554479.575238	554479.575043
-296185.770714	-480944.270381	-480944.270510
248267.812538	538857.724672	538857.724364
-460131.844408	-405558.499876	-405558.499982
-240367.201029	-560761.940367	-560761.940500
472042.677520	-297926.660792	-297926.661606
-600720.563629	-147250.109924	-147250.110017
-413365.557034	228136.799692	228136.799573
-163779.113198	596243.037776	596243.037635
95608.613944	507075.126646	507075.126409
-44810.791654	46673.595585	46673.595346
558288.468302	-36847.787336	-36847.788638
331521.979621	-516289.773513	-516289.773921
243136.194171	479881.497456	479881.497128
-248242.187419	541855.903145	541855.903015
-378576.300313	439505.879004	439505.878889
-239890.140140	534718.366662	534718.366530
-204590.425796	-218871.559760	-218871.559932
-190267.797109	585491.849280	585491.849143
-271698.494916	555823.361381	555823.361257
487514.977375	-134792.678240	-134792.679219
366437.262136	67548.816464	67548.815818
55725.548835	-510037.414767	-510037.414997
82372.267954	148722.052302	148722.051998
-95327.108047	-422121.609492	-422121.609680
293666.805777	127475.006966	127475.006456
494397.515212	-301872.351803	-301872.352675
-291889.969276	-297842.580088	-297842.580232
-573653.360187	-158849.583330	-158849.583426
403533.344871	-449479.284035	-449479.284574
-86719.533195	-136346.472518	-136346.472738
35742.419761	604185.492628	604185.492435
231376.793412	-130554.672126	-130554.672575
28292.790657	363630.015876	363630.015637
-270978.736642	-548122.174704	-548122.174832
581055.289918	-211081.517154	-211081.518496
-415808.792551	-202076.488491	-202076.488613
-269104.386374	183850.448797	183850.448644
-40853.066548	580898.320683	580898.320510
-352113.690830	-178739.210481	-178739.210617
-496716.144859	306706.385906	306706.385803
-533361.592824	-312085.233662	-312085.233760
-358860.697317	121817.805373	121817.805239
-465007.731079	-332358.898764	-332358.898873
-127004.073058	215977.354538	215977.354343
43484.761522	616328.066827	616328.066634
-228422.276240	-438203.967045	-438203.967194
44298.968949	46055.151279	46055.150991
-457335.734325	261965.757553	261965.757443
1825131.067988	-376197.574650	-413165.974499
2185760.166509	-45534.648960	-82503.048876
2020521.533634	181333.811897	144365.411897
1480207.870659	539855.196656	502886.796902
1240888.824997	-338738.283292	-375706.682754
2047220.491913	-239851.389196	-276819.789086
1797508.841086	-418613.930511	-455582.330369
1920194.009502	-214931.705506	-251900.105372
2113227.625305	390195.693075	353227.291861
1374668.358997	-155004.886548	-191973.286118
1698502.670125	555901.392267	518932.992425
2158277.022845	166550.064319	129581.664253
1094291.469678	-237775.955105	-274744.354151
1432508.249951	-155452.092342	-192420.491987
1836570.055880	93533.679733	56565.279881
1679898.113399	647353.328986	610384.929138
1923188.517332	-315181.497836	-352149.897708
1878983.522505	572631.680222	535663.280328
1462246.847234	348767.353131	311798.953435
2137176.141430	221513.360967	184544.960466
1151217.009762	339408.761618	302440.362294
1032646.624056	-175338.382205	-212306.780937
1368659.954582	604761.984254	567793.584538
2053028.040355	-184879.866168	-221848.266067
1548655.614005	639174.206508	602205.806699
2048311.471522	-213522.298509	-250490.698510
2190576.045731	-87946.729799	-124915.129729
1241163.115500	529342.897526	492374.497940
1650369.614716	-580695.428356	-617663.828185
1710192.559363	632937.973278	595969.573355
1568791.833285	-453901.085244	-490869.485020
1622452.405812	-111653.305105	-148621.704861
1692718.464686	-174123.980833	-211092.380627
1014641.678350	-22528.642096	-59497.040698
2068895.985956	-357698.000227	-394666.400127
1812387.947673	-313385.552934	-350353.952785
1030149.028960	-92686.429720	-129654.828409
1539668.634144	336286.742514	299318.342766
1459740.129462	228531.628096	191563.228427
2221967.261694	-17024.034521	-53992.434468
1610969.541559	-571865.808982	-608834.208844
1624928.720471	-248256.186731	-285224.586501
1681711.225665	501996.045521	465027.645682
2224903.091157	-53702.519905	-90670.919959
1679540.309054	366953.783881	329985.384063
1923064.222214	-465470.006174	-502438.406056
1027090.353087	153145.377203	116176.978441
1879905.129695	-402033.810424	-439002.210312
1447879.024656	-132033.712785	-169002.112498
1533783.746828	643604.733263	606636.332693
1626040.394185	-375640.888651	-412609.288440
1810681.728291	-410444.811202	-447413.211686
1877443.187772	-467882.478099	-504850.878015
1408710.072861	-139001.622822	-175970.022609
1200518.873221	497281.842197	460313.442661
1558651.359645	-422219.620094	-459188.019897
1695522.807210	167820.226224	130851.826421
1182907.931940	-403828.778221	-440797.177644
1918006.344785	-297598.034883	-334566.434956
1250052.145265	514814.436218	477846.036327
1298830.591918	-86737.148041	-123705.547510
2152493.071186	-38527.311110	-75495.711121
1517599.933265	355004.080811	318035.680980
1577512.999568	-281565.620869	-318534.020632
2107759.654072	308889.228375	271920.817795
1018953.763369	-65819.382957	-102787.781644
1987799.024300	-135017.456593	-171985.856481
1752946.337704	-208426.138363	-245394.538192
1688485.937787	204309.968906	167341.569080
1075259.419188	-84171.656117	-121140.055062
1830895.438517	311455.378705	274486.978812
2155999.131892	328568.508291	285478.732718
1025960.209319	-157218.122930	-194186.521794
1838522.042508	-155098.547664	-192066.947514
1656154.756423	81095.362349	44126.962571
1452741.174828	-477117.909234	-514086.308962
1515570.959167	-379134.967315	-416103.367064
1078542.547476	-214741.409160	-251709.808211
2206269.596886	169523.214496	132554.814393
2198173.474027	215255.338338	178286.937933
1185403.345042	-109472.897197	-146441.296456
1301226.283359	168830.628596	131862.229103
1059703.858256	-157484.449374	-194452.848388
2217118.528273	149946.045750	112977.645589
1911120.088895	484028.053566	447059.653645
1408291.345769	132044.768442	95076.368830
1730452.378393	469987.777305	433019.377187
2155692.033008	325814.205345	268923.988065
1661733.230531	-348268.369470	-385236.769297
1037718.903298	149646.482316	112678.081524
1657997.567309	-114120.417287	-151088.817139
1760874.882050	387121.570645	350153.170779
1207044.593952	403822.671012	366854.271540
1974977.740140	251861.727494	214893.327425
1028330.398315	157468.289797	120499.876835
2146088.706019	329712.822968	292744.158543
1170067.264919	-67041.585876	-104009.985107
1941196.558803	-327577.726545	-364546.126660
1106374.003768	31387.087158	-5581.311873
1455234.580464	582790.725551	545822.325776
1960289.630026	-59307.715814	-96276.115695
1511561.697429	-544394.891894	-581363.291676
2188910.627857	181969.219608	145000.819152
1178666.843413	-52256.608244	-89225.007765
2218502.513817	54597.883161	17629.483210
1000352.497839	42201.470841	5233.072288
1923659.282209	572146.248491	535177.848546
1431663.575601	230249.542397	193281.142602
1166509.401093	372902.443559	335934.044136
1522259.751962	530555.311849	493586.912031
1030440.527316	181625.359881	144656.960917
2123779.580861	385736.986875	348768.583481
1947072.858918	-270844.820833	-307813.220767
2064681.030293	-328641.490267	-365609.890218
2185521.540914	255552.872927	218584.471046
1144478.648245	-133906.742184	-170875.141377
1286459.596928	-458049.247471	-495017.647066
997540.124204	15890.331970	-21078.066630
1430217.182268	148933.233669	111964.833937
1663311.716167	363389.954925	326421.554452
1876619.334452	508544.143263	471575.743325
1416208.202261	-451120.259578	-488088.659301
1215161.202241	276716.506746	239748.107337
1134571.664254	-146631.084259	-183599.483786
1261445.840066	-330979.775167	-367948.174914
1137970.609807	-353268.872273	-390237.271571
2010907.074553	471653.506338	434685.106342
1155212.171465	-263577.606781	-300546.006048
2084800.012812	243743.280703	206774.880029
1412702.897849	477181.684072	440213.284364
2018905.498175	-388761.117966	-425729.517882
2139346.178285	359343.334915	322374.926345
1999313.921276	166072.758811	129104.358725
1428948.075207	442343.434051	405375.034321
1762595.441462	70159.854859	33191.455026
1721324.543651	580305.014383	543336.614468
2057597.864185	-31807.735938	-68776.135850
1254385.518908	-444821.618462	-481790.018083
1036762.266932	262000.325497	225031.926573
1724830.690772	-458496.858388	-495465.258235
1288930.685573	245487.860268	208519.460755
1681308.196517	606528.361748	569559.961824
1266494.875523	-471629.305710	-508597.705496
1109119.067727	-321976.886911	-358945.286125
1703469.388270	603676.974278	566708.574017
1604790.637301	636516.234347	599547.834473
1231999.713908	-430333.983804	-467302.383472
1305452.411805	-176221.740810	-213190.140319
1888941.838411	531202.332718	494233.932698
1699330.550701	446906.785602	409938.385715
1738569.079393	66363.809269	29395.409230
1897750.825280	175838.006858	138869.606947
1531505.511351	190567.301054	153598.901325
1993700.060123	-354458.307347	-391426.707292
1663786.777541	-191308.969530	-228277.369388
1897644.220064	-200151.104183	-237119.504171
1450775.559788	472918.366216	435949.966398
1727527.936207	469566.285675	432597.772431
1454122.012305	513461.267932	476492.868115
1811121.031465	449478.955335	412510.555429
1128860.220188	408495.765021	371527.365653
1245473.997662	-380395.771993	-417364.171544
1866839.204052	600847.283481	563878.883525
2032482.685233	330552.503310	293584.102580
1798248.816936	-72104.764773	-109073.164611
1939216.242312	544855.316385	507886.916379
2134933.015718	89935.108654	52966.708691
1403742.668618	163139.101611	126170.701864
1221415.622950	438709.106897	401740.707347
2172672.611752	223292.680867	186324.280032
1417863.608056	309128.957985	272160.558308
1456073.869787	419793.834556	382825.434775
2021065.285289	-425055.926351	-462024.326283
1475714.671495	456544.997773	419576.597890
1278737.723762	539864.368994	502895.969275
1725844.928548	571525.921334	534557.519964
2105947.917983	-145442.721058	-182411.120979
1935567.246774	-450273.674466	-487242.074587
2136567.787819	366891.942198	329923.534611
1374099.921606	-459995.879054	-496964.278779
1146788.372368	-188807.281659	-225775.680887
1810645.886881	555654.981925	518686.582000
1379138.741801	-528594.203846	-565562.603560
1995255.029567	323707.182604	286738.782265
1757739.623022	-249602.695661	-286571.095515
2061423.707711	-350351.701721	-387320.103291
1565118.261996	268398.726166	231430.326402
1997845.096053	-70841.698935	-107810.098883
1334087.615819	189361.308903	152392.909303
1290647.477250	-481239.348822	-518207.748700
1056728.135254	-233696.732709	-270665.131766
1085418.328257	-62607.873388	-99576.272468
1509125.237179	-562428.695818	-599397.095796
2209411.423381	137774.508940	100806.108388
1115269.252728	259561.789380	222593.390186
1450874.070887	-528563.038636	-565531.438422
2222578.883272	-51389.860858	-88358.309477
1444327.271804	-540590.415655	-577558.815967
1033381.482330	133545.488074	96577.088806
1938829.715959	-149418.709863	-186387.109779
1396749.038832	-120966.157107	-157934.556908
1416598.497089	-236783.042506	-273751.442150
1051613.265174	-172032.472786	-209000.872463
1557349.027397	-298066.420170	-335034.820036
