239.117905	-12.225915	-11.890570
233.727859	-1.104746	-2.402074
226.812774	14.302930	4.181570
224.450699	-11.721248	-6.938059
861.443901	-204.147559	-207.632807
209.480987	10.321882	1.352040
208.144642	31.615156	14.487302
223.927052	21.693089	29.393242
259.522652	-1.718821	-11.676642
223.559490	-11.811679	-6.961943
233.232489	-19.725736	-28.363426
84.000010	100.120116	-35.880144
251.754207	2.320188	-6.408872
266.130137	127.330734	130.090184
239.445055	0.054048	0.080650
222.083757	10.567737	12.020234
213.258403	7.681704	4.293585
245.538082	40.234984	30.552471
190.060647	37.930493	25.852143
-3980.977380	27490.542350	27490.523137
220.221707	-6.394469	-6.184950
230.265010	13.190506	6.583106
234.240861	17.453183	9.547040
222.791133	37.141293	15.143583
194.114779	34.198756	26.679174
181.378753	-92.997950	-98.907954
393.323244	202.038325	195.474549
256.325938	47.425787	45.841184
247.043933	69.908922	53.571603
422.296174	-59.523515	-80.300378
218.484394	-4.108165	-40.134519
232.984116	-12.894495	-8.520142
48.204914	775.470347	772.911192
254.413549	-34.220909	-34.441001
160.184174	-14.872464	12.757433
234.130375	-5.329287	-9.569333
164.864283	2.463875	7.365605
263.968147	-50.133718	-28.164314
191.648615	10.753324	-55.925791
-66.305900	-73.671660	-77.090509
227.358596	-30.528083	-25.389334
255.249853	25.567091	21.489167
246.291005	-27.519540	-26.814379
203.538196	8.300426	7.403235
249.398804	-52.929493	-59.150898
368.816657	13.497082	9.942203
190.676818	-9.730997	-4.164057
238.724296	-15.759865	-16.478014
223.799898	-18.218738	-14.832413
267.658450	4.556825	-15.120390
274.357840	52.647185	17.760942
204.850500	3.617055	4.643407
187.007663	20.731455	19.077009
245.340049	38.255340	32.600420
200.150887	-51.242915	-54.160782
220.846675	-6.746486	-2.026765
186.719833	12.587829	10.282398
117.687866	-54.838673	112.990496
229.331781	-22.763132	-13.301610
273.682618	0.762014	-14.717911
323.918555	111.873832	185.629196
221.545384	-2.568334	-0.322401
201.333570	-25.518060	-20.158879
249.517460	-16.347786	-19.696357
223.178269	-34.773451	-26.692184
243.388314	51.689997	36.563956
252.944906	20.603456	19.374049
108.964450	166.453890	159.975775
288.181634	-86.257449	251.449941
241.449709	-20.273672	-26.239154
195.275699	-41.475122	-17.712573
220.925688	-113.933842	9.725258
383.284254	-788.890091	-691.320853
225.230654	-28.794298	-20.726025
236.884915	50.509911	38.282408
250.211958	32.987763	-0.640340
226.670492	-26.767523	-23.309696
229.728497	17.794142	4.030064
229.818714	102.173418	71.313394
206.397565	59.242737	46.476682
154.501504	-40.383793	-44.187739
258.960432	40.435125	4.506598
417.964120	230.388736	222.861605
226.279044	-26.140993	-25.384987
318.187237	-77.181810	-100.530033
200.765894	5.964853	5.384642
252.376151	-15.852121	-16.988600
241.790967	-23.164101	-23.153608
224.624259	-33.289423	-28.248496
209.746257	8.685663	5.568750
333.988369	-58.976216	-67.631226
265.746165	17.218672	-4.131633
228.430579	-27.930952	-23.857513
253.306329	31.896893	23.274023
530.563977	-139.024578	-142.024673
177.006287	-7.300238	14.764594
181.473547	13.467741	14.085040
252.809401	3.835708	-6.659681
221.707260	-8.121968	-4.689907
219.578114	11.545940	1.921935
624.722288	-118.339060	-123.976642
199.792630	9.560739	8.770484
360.354938	32.518124	24.967055
164.902019	50.203836	29.344499
217.655216	18.769220	11.488836
216.497305	-19.805302	-40.540047
218.672886	-0.598687	1.246773
242.048869	-22.474681	-24.792165
72.689613	633.729017	528.434478
244.873651	55.359572	59.019315
-1497.040512	-654.576265	1317.554482
542.474812	21.029155	13.823078
217.391093	0.571304	2.811222
313.998783	160.539686	150.182627
209.087062	5.496114	3.278661
178.356905	-34.275037	-45.936930
253.139269	-0.593103	-4.767617
208.159949	42.340625	24.109371
238.883675	-6.009535	-4.072550
208.746336	25.719529	15.139436
202.645218	91.627803	79.278464
293.341682	-18.274056	-21.542745
208.562244	-29.338018	-22.643723
197.726181	-36.220041	-20.809190
243.628468	-22.762958	-19.767554
234.199755	-4.279690	-1.706845
228.992022	-28.379664	-25.264545
203.535555	33.386672	16.370844
650.397430	-1982.971927	-1983.258453
250.106842	-29.872942	-36.532374
207.316269	41.411885	17.776303
253.934981	-33.200523	-30.205251
-792.508123	-621.443911	-623.700736
193.976948	15.326683	11.358443
71.724523	212.534490	50.064303
233.668364	-2.022874	-4.280189
210.266398	89.275331	82.387572
310.922394	29.054712	29.673488
227.713039	-24.796339	-22.989650
190.366919	36.763847	32.640475
-9021.728001	12684.476151	12684.454870
246.529146	-3.779265	-11.488088
55.680661	-19.376520	-23.756377
237.765780	-13.818367	-16.658148
233.601932	27.985005	20.936985
135.585677	84.560716	80.142959
-1052.244036	95.244057	-485.864104
-1191.794958	-146.110451	-169.553381
233.607380	2.069770	2.540970
250.444601	-13.953571	-14.677507
232.335341	88.546438	72.032900
314.008128	113.716520	149.228021
104.558090	-45.489969	-49.069718
232.394644	-14.767967	-13.455804
220.806471	-4.399120	-4.096768
199.825198	8.012009	5.967570
238.104594	0.650171	1.196261
193.575372	-43.190766	-19.375441
343.995313	65.814593	-85.204140
183.951466	-34.918224	-24.914568
286.019593	48.197828	-14.514500
286.321879	28.544118	21.398541
290.507378	-11.071301	-20.095677
227.502500	76.946096	70.642704
228.429141	-14.440351	-10.077190
243.939720	3.189971	-7.208359
236.665367	-8.598915	-2.667380
249.372925	-131.362850	-125.493475
232.196431	3.856465	1.738870
477.748723	13.615990	10.540174
263.863083	-27.806897	-26.385951
211.400192	-12.869277	-4.864725
215.110273	11.703564	6.161106
157.561309	-103.253296	-99.358802
968.780746	-1102.847053	-1184.917457
193.701390	7.558573	12.284040
243.888072	24.081352	23.475398
260.386157	27.250513	16.933527
200.282693	62.719187	52.092323
207.410459	-83.617543	-35.597700
232.750342	-0.869285	-3.789628
243.690285	51.724365	35.188992
245.032426	51.337887	31.511806
141.365592	80.956287	75.893928
154.565185	53.682285	45.920105
146.598127	-1.644624	-21.019438
269.271004	-12.725171	-17.150542
35.490934	56.485454	52.330375
220.999028	14.378347	11.671781
270.658318	-15.239907	-15.919501
158.269308	11.182910	9.840717
112.211899	2.180689	7.902662
220.564708	1.289168	2.558188
230.972204	-23.732974	-24.318040
1185.039834	-511.281490	-523.190698
256.506735	71.630441	78.252643
244.143280	-25.796570	-24.252865
264.085105	31.334264	13.854708
226.073482	50.158344	21.992008
167.454018	20.134901	18.707504
249.931948	-0.499898	-3.789612
824.984507	-79.177807	-84.550070
202.782285	-4.125961	-20.575141
177.387737	-14.953347	10.666643
-272.131228	365.899997	50.843022
-317.177682	323.047018	-9.134655
-335.671706	361.069012	-67.781459
-323.558063	343.378164	-20.447194
-327.877472	344.863119	-18.472460
-294.490331	331.907254	-13.628417
-325.080915	338.924783	-33.115164
-322.499177	343.795034	-19.466907
-333.219997	353.262972	-10.562831
-332.614005	356.030945	-18.875813
-332.180814	359.074185	-23.252967
-326.115766	344.191473	-23.506479
-468.273987	282.226143	-151.045101
-321.944155	343.874438	-19.671272
-329.161163	376.299216	-14.053792
-314.408448	306.043155	-53.433349
-299.653296	321.599170	-69.329806
-318.724192	339.284497	-52.567893
-284.195396	329.030803	-14.045470
-337.529029	367.202833	-21.485893
-341.143855	350.093995	-30.999339
-318.476989	318.734281	-49.438265
-322.635641	346.786278	-15.742487
-285.893075	341.642616	-5.450828
-301.874175	321.130581	-16.171081
-339.740903	342.439900	-17.485970
-472.122950	287.857183	-204.687799
-338.607025	377.956449	-18.051666
-330.890218	317.568686	-286.302615
-327.312248	344.267100	-26.208065
-334.436886	359.393084	-18.372277
-181.447519	671.686731	-724.026146
-344.050409	348.263693	-27.041237
-300.494464	347.138833	-18.780090
-334.429275	380.338849	-18.254017
-338.310056	354.633873	-18.189653
-313.534722	319.570740	-68.265542
-335.453589	360.333641	-12.981557
-260.632093	349.128766	13.077495
-314.003198	312.789294	-60.265082
562.197291	1950.846866	940.063334
-274.997757	290.065540	-101.971116
-306.411160	326.247617	-12.623360
-330.300164	356.528391	-18.250635
-324.351480	356.302137	-15.728006
-341.071644	368.228274	-23.440971
-275.035362	505.625653	168.044407
-329.891820	319.500060	-50.222766
-329.279179	345.723114	-22.904489
298.742338	-571.597061	-871.397285
-324.560572	318.325646	-41.219690
-450.285514	472.276036	-13.336797
-326.112005	358.763630	-20.873162
-254.501486	331.114298	-42.155096
-323.884784	312.559856	-77.036855
-332.754916	340.413514	-56.520348
-328.317293	344.829349	-24.578357
-305.974949	307.033987	-25.615575
-334.574931	340.848337	-57.449359
-346.241293	342.478556	38.129784
-297.934378	338.268208	-12.485552
-335.104677	352.911192	-20.559910
-325.064605	351.604171	-19.311696
-332.140685	359.299242	-17.508268
-358.393024	339.835411	-223.033334
-337.745684	342.382468	-31.189155
-326.439643	366.088463	-20.433402
-308.957132	339.364886	-7.811725
-331.767680	355.737031	-17.747707
-321.576546	323.442556	-46.172146
-322.650475	294.094442	-143.263299
-326.709204	349.787698	-23.669377
-321.170305	311.109942	-46.816147
-333.148378	354.846880	-18.992343
-328.556981	323.201369	-44.494564
-325.126452	351.083366	-21.442503
-330.813690	351.176322	-21.356132
-329.748642	321.602080	-48.838309
-59.551271	222.512884	-77.556841
-331.280149	356.415050	-14.654570
-314.438815	342.168862	-22.224440
-330.466695	324.810316	-44.314586
-334.068765	349.808483	-14.292547
-329.527948	335.622512	-14.012213
-329.429159	351.794495	-16.243856
-372.820473	341.419558	-13.407122
-330.780375	349.997505	-23.546378
-310.915553	336.566682	-1.893217
-331.780885	351.118977	-33.901593
-254.889062	319.037667	-60.105288
-324.918396	346.357185	-20.089405
-323.435380	321.434855	-50.844086
-325.463510	344.882069	-17.983717
-581.334221	357.414258	-663.701012
-368.935429	310.613672	-73.549643
-327.746906	347.696442	-27.940594
-329.368608	331.608839	-24.951269
-312.067180	306.206923	-62.560502
-327.763820	353.372621	-29.040304
-277.274949	335.918044	-8.423217
-334.328199	357.340611	-17.298696
-206.704132	591.198079	105.693006
-327.439969	341.910568	-19.661947
-330.427615	352.387396	-21.240082
-329.661325	404.644719	-28.515615
-316.019455	316.876125	-51.026877
-312.422060	340.137397	-19.041860
-325.456898	347.402766	-18.091016
-316.380670	348.871550	-12.190160
-333.232286	342.528468	-24.442985
-322.004261	346.480149	-17.787491
-306.071129	298.749833	-52.589266
-315.099177	332.972339	-18.529150
-329.063044	341.214642	-19.194373
-330.891095	359.796843	-17.330987
-333.573257	361.346529	-22.089029
-329.982937	381.127101	-21.299531
-327.021005	358.145253	-33.688324
-254.833397	249.223972	-83.914263
-324.305429	321.038144	-47.689243
-331.686997	353.717297	-18.381904
-312.397263	312.255240	-52.671825
-336.211997	349.677256	-30.116302
-313.378110	360.873898	-23.209455
-329.803590	321.120344	-49.465453
-337.474762	343.766273	-26.867579
-335.057172	365.745840	-20.874711
-308.473530	303.411663	-56.955495
-333.719616	359.092125	-14.667566
-340.506428	325.513640	-33.720909
-327.480350	337.917218	-19.359063
-345.489648	352.113173	-19.044751
-313.768039	312.814988	-52.904626
-512.107309	600.017602	-1154.593207
-320.957886	321.602595	-47.914601
-317.552323	316.832883	-30.447562
-319.895292	249.328291	-45.263133
-321.104752	377.412343	-48.451668
-316.775398	327.200903	-48.673327
-317.287570	397.782107	-4.167836
-330.958139	351.567208	-21.152777
-320.697300	317.958210	-47.430983
-321.243455	322.465513	-39.299601
-436.758213	220.543634	-126.463254
-339.989285	355.114771	-65.660884
-277.290562	212.791015	-131.779325
-327.097454	354.225482	-19.023149
-323.894049	345.982953	-25.181077
231.451633	163.728874	-15.008977
-328.772078	345.580314	-14.770287
-330.053107	326.531664	-50.686968
-297.549521	344.109582	-46.082190
-294.624188	233.790210	-144.616878
-325.188961	346.285445	-22.993420
-325.798667	345.879506	-21.614193
-342.838765	359.173959	-15.779171
-304.924591	330.732091	-36.546006
-329.772769	346.290717	-21.607493
-322.162196	343.528799	-25.839445
-327.899762	348.877427	-21.293618
-314.169442	312.561673	-54.004046
-333.658478	349.568093	-20.058844
-325.991714	354.358718	-19.197635
-292.143596	329.333860	-32.398971
-330.323788	348.580037	-24.837995
-310.706788	105.856548	37.756049
-323.477867	354.117615	-18.185511
-326.622687	344.864345	-24.311736
1257.379959	1255.476377	-13084.137962
-329.585540	334.959533	-30.028313
-323.958712	326.133000	-9.947330
-417.676264	288.395224	-51.663620
-315.768549	323.007071	-65.407897
-312.772521	306.567538	-53.257939
-323.187032	348.914739	-23.612461
-323.856954	336.145692	-36.915793
-322.322229	346.831818	-30.246479
-328.767191	350.888304	-18.728862
-333.439176	350.169516	-16.096563
-332.478680	359.250123	-21.696638
-308.912234	398.943855	23.667244
-331.603432	363.840936	-17.723809
-330.864072	350.397458	-25.324938
-346.479368	358.787953	-12.501707
-331.776631	361.476325	-14.410882
-312.702237	307.833818	-61.730818
-324.826384	341.699238	-26.047900
-323.270975	331.773473	-37.489562
-323.921888	320.311437	-45.145464
-326.712474	321.539691	14.489320
-305.208125	331.298043	-25.888678
-333.415891	359.761857	-17.683135
-327.637204	342.906212	-24.071836
-284.228911	354.394960	12.150925
-334.483848	345.814117	-21.702183
-295.556779	331.278448	-52.265890
-336.557423	363.928840	-33.280804
-207.147038	395.789264	-129.846555
-323.221221	297.361784	-73.151521
-327.228084	344.042309	-19.485140
-329.243816	359.106163	-16.219292
-308.410789	335.945314	-16.375500
-329.170242	351.248821	-19.700398
-333.274710	354.173241	-17.375160
