-0.021189	0.011433	0.011432
0.000071	-0.000427	-0.000429
0.000877	0.000011	0.000009
0.000704	0.000235	0.000234
-0.000068	0.000245	0.000243
-0.004929	0.000492	0.000485
0.000121	0.000582	0.000580
0.000405	-0.000052	-0.000053
-0.000548	0.001149	0.001147
0.000218	-0.000523	-0.000524
0.000564	-0.000120	-0.000121
0.000612	0.001024	0.001020
-0.003719	-0.001057	-0.001058
0.008930	0.006197	0.006196
0.000398	0.000364	0.000362
0.000792	0.000406	0.000404
-0.000533	-0.001038	-0.001038
-0.002641	0.001337	0.001325
-0.001152	0.000455	0.000450
-0.005614	0.000436	0.000434
-0.000115	-0.000078	-0.000081
0.028934	0.026262	0.026260
0.000395	0.000910	0.000907
-0.000212	0.000367	0.000365
-0.000579	0.001008	0.001006
0.016584	-0.003831	-0.003832
0.000297	0.000370	0.000368
-0.000900	0.001717	0.001706
-0.010696	-0.001089	-0.001090
-0.000528	-0.000303	-0.000307
-0.000020	-0.004529	-0.004532
-0.059603	-0.021258	-0.021268
-0.000178	-0.000744	-0.000745
-0.005316	0.000259	0.000252
0.000412	-0.000863	-0.000872
-0.001899	-0.001127	-0.001128
0.000165	-0.000183	-0.000185
0.000171	0.000822	0.000821
0.000350	-0.000103	-0.000108
-0.000069	0.000027	0.000024
-0.001621	-0.001037	-0.001039
0.000161	-0.000368	-0.000370
0.000449	0.000480	0.000479
0.001855	-0.000051	-0.000053
-0.040029	-0.002525	-0.002526
0.000241	-0.000056	-0.000060
0.001541	-0.000225	-0.000227
-0.000180	-0.000106	-0.000109
-0.004673	0.003748	0.003745
0.001223	-0.000732	-0.000739
-0.000347	-0.000247	-0.000259
-0.002818	-0.003948	-0.003952
-0.006507	-0.004471	-0.004474
-0.000208	-0.000503	-0.000509
0.003836	-0.000219	-0.000220
-0.000334	0.000002	0.000001
0.007543	0.000975	0.000974
-0.000268	0.000022	0.000020
-0.000390	-0.000403	-0.000404
0.001583	0.000068	0.000063
-0.001081	-0.000571	-0.000573
-0.003719	0.003482	0.003472
-0.000091	0.000695	0.000693
0.001061	0.000220	0.000219
-0.000895	0.000128	0.000125
-0.000737	0.000372	0.000371
0.000684	0.000657	0.000656
0.000075	-0.000415	-0.000419
0.002110	-0.000747	-0.000748
-0.000190	-0.000720	-0.000722
-0.000599	-0.000711	-0.000717
-0.005819	0.002660	0.002659
0.000148	-0.000230	-0.000236
0.001054	0.000050	0.000048
0.001187	0.000385	0.000382
-0.001280	-0.001986	-0.001986
-0.000341	0.000219	0.000215
-0.000637	0.000239	0.000237
0.000243	0.000070	0.000066
0.000499	0.000075	0.000074
0.008166	-0.000608	-0.000609
-0.000683	-0.000289	-0.000291
0.000176	0.000699	0.000697
0.000403	0.000787	0.000785
-0.000512	-0.000596	-0.000598
-0.000661	0.000782	0.000779
-0.001194	0.001368	0.001367
0.000561	-0.000427	-0.000428
-0.001377	-0.001487	-0.001489
-0.000525	0.000013	0.000010
-0.009543	0.003499	0.003498
0.001068	0.000312	0.000306
-0.000054	0.001435	0.001434
0.000083	-0.000348	-0.000351
0.001724	0.000413	0.000412
-0.000559	-0.001233	-0.001236
-0.000678	-0.000458	-0.000468
0.001658	-0.000122	-0.000123
0.000072	0.000115	0.000112
0.001492	-0.000492	-0.000493
0.002579	-0.001994	-0.001995
-0.002749	-0.001108	-0.001109
-0.012177	0.004937	0.004936
-0.000119	-0.000352	-0.000360
0.004468	-0.001285	-0.001293
-0.000510	-0.000408	-0.000409
0.003901	0.000131	0.000131
0.001108	-0.000096	-0.000097
-0.000005	-0.000442	-0.000442
0.004627	0.001570	0.001564
-0.000349	-0.000801	-0.000812
0.004069	-0.001246	-0.001254
-0.002016	0.000015	0.000006
0.000968	-0.001394	-0.001395
0.001540	0.000373	0.000370
-0.000861	-0.001105	-0.001109
-0.008658	-0.011668	-0.011678
0.003842	0.003316	0.003314
-0.002219	0.001212	0.001211
-0.000154	0.001225	0.001224
-0.002772	-0.000339	-0.000342
-0.000555	0.000484	0.000482
0.002251	0.001034	0.001033
0.000032	-0.000152	-0.000157
-0.000230	-0.005651	-0.005653
0.002953	0.001857	0.001848
0.000761	0.001145	0.001143
-0.001539	0.001093	0.001091
0.057920	0.020539	0.020530
-0.024637	-0.024770	-0.024772
0.000236	0.000249	0.000246
0.000747	0.000615	0.000614
0.002848	0.008805	0.008795
0.000753	-0.001646	-0.001647
-0.000339	-0.000555	-0.000556
0.000174	0.000586	0.000584
-0.000229	-0.000033	-0.000035
0.000840	0.000756	0.000755
0.005290	0.002816	0.002814
0.000454	0.001216	0.001214
-0.000080	-0.000215	-0.000217
0.000843	0.000061	0.000059
0.001524	0.003149	0.003148
-0.000013	-0.000309	-0.000313
0.002860	-0.000048	-0.000049
-0.000045	0.000572	0.000568
0.000901	0.000122	0.000121
0.008149	0.002591	0.002590
0.013176	0.007583	0.007573
-0.023984	-0.005778	-0.005779
0.000264	0.000204	0.000203
-0.000441	-0.000221	-0.000232
0.000442	0.000546	0.000537
-0.000151	-0.000555	-0.000557
-0.002317	-0.002812	-0.002824
-0.001274	0.000073	0.000071
-0.000001	0.000037	0.000036
0.004026	-0.000474	-0.000476
0.002335	-0.000519	-0.000520
0.003002	-0.001780	-0.001781
0.004201	0.001019	0.001012
0.004566	-0.000532	-0.000533
-0.002157	0.001359	0.001358
-0.002565	-0.004067	-0.004068
-0.000167	0.000199	0.000197
-0.000706	-0.000629	-0.000631
0.000861	-0.000890	-0.000901
-0.000397	0.000844	0.000841
-0.000844	0.000949	0.000947
0.003049	-0.007575	-0.007576
0.000462	-0.000328	-0.000329
-0.008961	0.005785	0.005784
0.000455	0.000195	0.000193
0.031662	0.004587	0.004585
0.004110	-0.003350	-0.003351
0.000690	-0.000243	-0.000251
-0.000160	0.000023	0.000017
0.000520	0.000811	0.000809
0.000255	-0.000401	-0.000404
0.000781	0.000158	0.000156
0.002865	0.003634	0.003629
-0.003550	0.002413	0.002405
0.000034	0.000139	0.000138
-0.010436	-0.002574	-0.002575
-0.000863	0.001403	0.001399
-0.001090	-0.000284	-0.000286
0.002285	0.002422	0.002420
0.000076	-0.000232	-0.000235
-0.000083	0.000385	0.000383
0.002732	-0.000294	-0.000295
-0.013038	-0.006843	-0.006854
0.000703	-0.000146	-0.000147
0.020367	-0.011775	-0.011776
0.008687	0.000413	0.000412
-0.000045	0.000072	0.000071
-0.000284	-0.000161	-0.000162
0.042409	0.002746	0.002745
0.000626	0.000851	0.000850
0.000301	0.000338	0.000337
-0.000254	-0.000153	-0.000154
-0.001327	-0.004697	-0.004698
0.000429	-0.000472	-0.000473
-0.000238	0.000220	0.000218
0.001296	-0.002655	-0.002656
-84.000014	83.999593	-0.000406
-83.999464	83.999976	-0.000024
-84.001331	83.999218	-0.000782
-83.999716	83.998928	-0.001070
-83.997133	84.000879	0.000884
-84.000984	84.001167	0.001168
-83.995096	84.003532	0.003533
-84.001553	84.000887	0.000889
-83.988748	83.993529	-0.006486
-83.998528	84.000872	0.000875
-83.998295	84.001247	0.001248
-83.997973	84.000916	0.000915
-84.001356	84.001666	0.001674
-84.001715	84.001964	0.001967
-84.000533	83.999971	-0.000027
-83.999076	83.997830	-0.002169
-83.998559	84.000844	0.000845
-84.000073	83.999458	-0.000541
-83.999327	83.999906	-0.000091
-83.998399	84.000039	0.000032
-83.999391	84.000338	0.000344
-83.993744	84.003364	0.003375
-83.999485	83.999243	-0.000754
-84.000937	83.999352	-0.000647
-84.005869	84.001197	0.001198
-84.000854	83.999994	-0.000006
-84.000463	84.001312	0.001313
-83.997331	83.997079	-0.002918
-84.001453	84.000843	0.000845
-84.002079	83.998197	-0.001803
-84.000560	84.000970	0.000972
-83.998546	83.999641	-0.000357
-84.000949	83.999326	-0.000672
-83.999446	83.999754	-0.000234
-84.008552	84.007537	0.007538
-83.999804	84.000080	0.000081
-83.998551	84.000764	0.000775
-84.001361	84.000801	0.000803
-84.002413	83.999998	0.000000
-84.001491	83.998657	-0.001343
-83.999561	84.000432	0.000434
-84.000181	83.999974	-0.000024
-83.999239	83.999624	-0.000375
-84.069785	84.067524	0.067523
-84.006281	83.998807	-0.001191
-83.999826	84.002690	0.002691
-83.977027	84.028538	0.028549
-84.000778	84.000375	0.000376
-84.002782	83.998874	-0.001123
-83.992757	83.997191	-0.002811
-83.999919	84.000532	0.000534
-84.004118	83.998025	-0.001977
-83.999214	84.001116	0.001117
-83.999951	84.000374	0.000377
-83.998556	83.999871	-0.000125
-84.000085	83.999913	-0.000086
-84.000273	84.000382	0.000383
-83.998722	84.000426	0.000431
-83.998844	83.998064	-0.001936
-84.001054	84.002220	0.002222
-84.000265	83.999678	-0.000318
-83.998281	83.999558	-0.000442
-83.999706	83.999077	-0.000921
-84.000954	83.999212	-0.000786
-83.998752	84.000690	0.000551
-83.998319	83.999245	-0.000744
-84.000848	83.999779	-0.000220
-84.000349	83.999831	-0.000168
-84.000174	83.999526	-0.000472
-84.000114	84.000828	0.000837
-84.000214	84.000040	0.000040
-102.634232	102.421543	-1.110242
-83.995363	83.997651	-0.002339
-83.999913	83.999747	-0.000252
-83.999713	84.000067	0.000069
-84.000755	84.000309	0.000311
-83.999717	83.999988	-0.000010
-84.000142	83.999411	-0.000581
-84.003257	84.000068	0.000067
-84.003955	83.999963	-0.000042
-84.001290	83.999940	-0.000053
-83.998884	84.000549	0.000553
-84.003008	83.997021	-0.002970
-84.004731	83.998728	-0.001273
-84.001232	84.000627	0.000627
-83.999056	84.001898	0.001901
-84.202598	83.970573	-0.029429
-103.595764	93.643444	-53.791098
-84.000605	83.999943	-0.000055
-84.018893	84.006957	0.006957
-84.001418	83.999755	-0.000244
-84.000627	84.000202	0.000203
-84.000152	83.999988	-0.000007
-83.999715	83.999954	-0.000048
-84.003355	83.961380	-0.038681
-83.991980	83.997353	-0.005961
-83.999218	84.001705	0.001711
-84.002477	84.002062	0.002062
-84.000363	83.999657	-0.000335
-83.999548	83.999062	-0.000936
-83.999068	83.999463	-0.000536
-84.001185	83.998782	-0.001217
-83.999460	83.998434	-0.001570
-84.001980	83.997047	-0.002948
-84.000925	84.000065	0.000065
-83.999606	83.998818	-0.001170
-84.001906	83.998551	-0.001449
-83.997747	83.999667	-0.000331
-83.999749	83.999830	-0.000165
-84.001332	83.999720	-0.000278
-83.999767	83.997082	-0.002909
-84.009920	84.001486	0.001458
-84.000991	83.999428	-0.000571
-84.001540	83.997998	-0.002002
-84.001578	83.998917	-0.001107
-84.002367	83.997492	-0.002501
-84.002568	83.998755	-0.001242
-83.999206	84.000328	0.000340
-84.002699	84.000142	0.000145
-83.993886	84.001494	0.001492
-83.999487	84.000804	0.000805
-84.000555	83.999583	-0.000414
-83.999849	83.999850	-0.000145
-83.998425	84.002683	0.002688
-84.003353	83.998721	-0.001276
-83.999531	84.000675	0.000681
-84.000860	83.999719	-0.000281
-84.000499	84.000495	0.000502
-83.999451	83.999887	-0.000122
-83.997607	83.999261	-0.000736
-84.000690	84.000844	0.000845
-84.005048	84.009749	0.009650
-83.998626	84.001240	0.001239
-83.998270	84.000478	0.000480
-84.003094	83.999657	-0.000342
-83.998086	83.992927	-0.007072
-84.000274	83.999738	-0.000261
-83.999491	84.000120	0.000123
-83.999372	83.999588	-0.000403
-83.999960	84.000683	0.000685
-83.999835	83.999786	-0.000210
-83.995372	83.999093	-0.000906
-83.996197	84.001972	0.001974
-83.999082	84.000199	0.000205
-84.002923	83.999304	-0.000697
-84.000077	83.999236	-0.000763
-83.997839	83.999472	-0.000524
-83.999760	84.000351	0.000355
-84.000710	83.999239	-0.000761
-83.998760	84.000993	0.000994
-83.997197	84.000612	0.000612
-83.999873	84.000011	0.000012
-84.000550	84.000198	0.000201
-84.000159	84.000271	0.000272
-83.998963	84.000504	0.000505
-83.998687	83.999175	-0.000825
-84.000098	83.998969	-0.001029
-83.798324	84.029460	0.028889
-83.999299	83.999473	-0.000525
-84.000799	84.000160	0.000160
-83.998829	83.999412	-0.000583
-84.000224	84.000282	0.000286
-84.000192	83.998173	-0.001826
-84.000589	83.999511	-0.000498
-84.000108	83.999791	-0.000208
-84.002374	84.000042	0.000042
-84.000032	84.000333	0.000334
-83.998808	83.999004	-0.000994
-84.000030	83.999423	-0.000573
-83.999774	83.999153	-0.000856
-83.999511	84.000012	0.000015
-84.000378	84.001016	0.001018
-84.001053	84.001235	0.001235
-84.002284	84.000346	0.000348
-84.001249	83.998656	-0.001342
-84.005506	84.006747	0.006741
-84.001028	84.000047	0.000048
-84.002408	83.998934	-0.001066
-83.998142	83.989826	-0.010245
-83.999344	84.000289	0.000292
-84.001013	84.000634	0.000641
-84.000155	83.999662	-0.000337
-83.999132	84.000873	0.000875
-83.998559	83.999955	-0.000049
-84.000136	84.000459	0.000460
-83.994744	83.994834	-0.005173
-84.000424	84.000074	0.000076
-84.001094	84.000132	0.000133
-84.000172	83.999562	-0.000434
-84.002115	84.002982	0.002984
-83.997168	84.001579	0.001588
-84.000806	83.998370	-0.001622
-84.000303	84.002947	0.002948
-83.999300	84.004686	0.004683
-83.999922	83.999840	-0.000153
-84.001851	83.996939	-0.003059
-83.935213	83.933507	-0.066735
-83.997683	84.004548	0.004548
-83.999937	84.005223	0.005231
-83.999819	83.999869	-0.000131
-83.998752	83.997557	-0.002441
-84.000112	84.000381	0.000384
-84.003624	84.002445	0.002450
-83.998544	84.001169	0.001171
