0.004268	0.006417	0.006399
-0.055219	-0.029528	-0.029553
-0.000551	-0.000533	-0.000592
0.002043	0.000935	0.000894
-0.003170	0.000071	0.000028
0.010340	0.000696	0.000669
0.000625	0.000927	0.000820
0.000381	0.000184	-0.000057
0.221148	-0.180723	-0.180880
0.030848	-0.016654	-0.016677
0.000634	0.001680	0.001644
-0.001867	-0.003137	-0.003230
0.001549	0.002363	0.002309
0.006382	-0.000266	-0.000348
-0.004534	-0.001105	-0.001430
0.000831	0.007604	0.007589
0.006046	-0.000546	-0.000562
-0.001102	0.000469	0.000367
0.001682	-0.001549	-0.001585
0.001398	-0.001512	-0.001588
-0.051369	-0.001615	-0.001785
0.004030	-0.007658	-0.007678
0.003923	-0.141866	-0.142253
-0.017226	-0.000288	-0.000313
0.000831	-0.003105	-0.003130
0.000087	0.000755	0.000727
0.001960	0.000347	0.000271
0.002316	0.003578	0.003351
0.001667	0.000930	0.000897
0.006473	-0.000823	-0.000840
-0.004340	0.004779	0.004752
-0.026043	0.024443	0.024425
0.002107	-0.000224	-0.000290
-0.001218	0.002595	0.002575
0.002239	0.000210	0.000182
0.001857	0.000509	0.000479
0.004701	-0.003994	-0.004028
-0.001295	0.000008	-0.000025
-0.001532	-0.005957	-0.005977
-0.002223	-0.001206	-0.001224
0.006871	-0.006628	-0.006654
0.000293	-0.004823	-0.004860
0.001855	-0.000125	-0.000154
-0.001064	0.000462	0.000432
0.001644	-0.001059	-0.001091
-0.001619	-0.003175	-0.003207
0.001354	0.000967	0.000945
-0.016890	-0.006843	-0.007058
0.001783	0.001234	0.000941
0.001515	0.000051	0.000019
0.000291	0.000218	0.000077
0.019213	-0.005594	-0.005616
0.001707	0.008195	0.008112
-0.000335	-0.000699	-0.000740
0.004601	0.001787	0.001748
0.005000	0.258993	0.258910
0.000545	0.000626	0.000541
0.002408	-0.008023	-0.008067
0.025472	-0.008094	-0.008411
0.012876	-0.001956	-0.001972
-0.003599	0.000415	0.000394
0.001722	0.006675	0.006641
-0.001013	0.004080	0.004030
-0.007500	0.001066	0.001047
-0.000224	-0.003042	-0.003089
0.002554	0.003351	0.003330
-0.000788	-0.011724	-0.011859
-0.010173	0.008738	0.008722
-0.031431	-0.024109	-0.024226
0.000188	0.002571	0.002481
0.036705	-0.008374	-0.008729
-0.001189	-0.004501	-0.004529
-0.000340	0.003005	0.002985
0.016365	-0.006656	-0.006671
-0.019674	0.013379	0.013333
0.018017	0.022923	0.022906
-0.002119	0.003444	0.003228
-0.000634	0.001644	0.001504
0.002919	-0.003336	-0.003450
0.004320	-0.000693	-0.000711
0.002476	-0.002525	-0.002629
-0.243119	0.201913	0.201754
-0.004066	-0.014511	-0.014539
0.000657	-0.000972	-0.001016
0.003101	-0.003845	-0.003862
-0.003234	0.005585	0.005555
-0.001754	-0.007747	-0.007766
0.019693	-0.006370	-0.006496
0.018780	0.008063	0.007925
0.057986	0.036558	0.036534
0.006702	0.000377	0.000362
-0.003019	0.024072	0.024045
-0.006975	-0.002305	-0.002326
0.000157	0.000609	0.000392
-0.005698	0.002466	0.002342
-0.001243	-0.000695	-0.000746
-0.008473	0.009570	0.009186
0.008810	0.005680	0.005643
0.003732	0.010553	0.010539
0.009004	-0.000131	-0.000147
0.021975	0.011309	0.011294
0.012656	-0.003937	-0.003955
0.045802	-0.050905	-0.050923
0.006643	0.001260	0.001246
0.014532	-0.020748	-0.020805
-0.000596	0.000957	0.000931
-0.003549	-0.004027	-0.004071
-0.001867	0.000391	0.000369
-0.005507	-0.012936	-0.012974
0.000428	-0.000008	-0.000044
0.003878	0.000918	0.000902
-0.006320	0.003693	0.003646
0.022830	-0.149801	-0.149819
-0.001980	-0.001277	-0.001308
-0.003011	-0.003175	-0.003395
-0.001254	0.002024	0.001977
0.005580	0.000827	0.000808
0.005829	0.000328	0.000143
0.002325	0.006523	0.006506
-0.001315	-0.003247	-0.003262
-0.000034	-0.000869	-0.000895
-0.004628	0.002400	0.002343
0.007993	-0.028680	-0.028698
-0.001964	0.003945	0.003929
0.003490	-0.003643	-0.003666
0.003291	0.004126	0.004105
0.001336	0.000283	0.000246
-0.010483	0.005014	0.004976
0.028873	-0.024608	-0.024756
0.004372	-0.002982	-0.003016
-0.002663	0.001924	0.001872
-0.002249	0.009193	0.009155
-0.002154	0.002330	0.002105
-0.021921	-0.005009	-0.005024
-0.000403	-0.000876	-0.000898
0.003537	0.011783	0.011758
0.000689	-0.000950	-0.001084
-0.030387	0.000632	0.000608
0.028898	0.030782	0.030669
-0.002839	0.000502	0.000356
0.001015	0.003471	0.003279
0.027151	0.000139	-0.000061
0.003584	-0.000881	-0.000899
0.004722	0.010922	0.010898
0.005122	0.001309	0.001287
0.011821	0.006084	0.006066
-0.002408	0.004419	0.004399
0.009352	-0.003678	-0.003695
0.000952	-0.001040	-0.001153
0.001831	0.000706	0.000683
0.007135	0.000363	0.000321
0.000712	-0.002561	-0.002640
-0.032250	0.115181	0.115163
-0.004864	0.006476	0.006097
-0.004207	0.008528	0.008505
0.003419	0.003120	0.002867
-0.001166	-0.000172	-0.000205
-0.076988	0.134591	0.134201
0.000352	-0.000849	-0.000918
-0.004877	-0.000926	-0.001237
0.001315	-0.001851	-0.001894
0.143885	0.162241	0.162218
-0.015988	0.021459	0.021401
0.001955	0.001221	0.001150
-0.003760	0.006944	0.006924
-0.001800	-0.004021	-0.004123
-0.002118	-0.002320	-0.002375
0.005379	-0.001418	-0.001538
0.000715	-0.003999	-0.004019
-0.002535	0.002349	0.002324
-0.012345	0.012427	0.012408
-0.004749	0.002939	0.002695
0.018366	-0.021839	-0.021853
0.005707	0.008250	0.008232
0.017906	-0.009034	-0.009078
-0.001581	-0.000710	-0.000762
-0.001288	-0.003375	-0.003403
0.001436	-0.011246	-0.011269
0.000678	0.000644	0.000525
-0.003380	-0.256309	-0.256392
0.001575	0.000681	0.000608
0.000831	0.001584	0.001560
0.005855	-0.001981	-0.002002
0.001228	-0.000257	-0.000437
-0.005976	-0.002987	-0.003076
0.013505	-0.011169	-0.011194
0.007688	0.004087	0.004071
0.001288	0.001516	0.001399
0.000154	0.000600	0.000565
0.002806	0.000459	0.000373
0.041504	-0.017926	-0.017944
0.002482	0.000406	0.000388
-0.001120	0.003267	0.003248
-0.001309	-0.002187	-0.002507
-0.005773	0.000812	0.000793
-0.002456	0.004978	0.004682
0.014431	-0.000477	-0.000492
-0.000848	-0.003436	-0.003489
-0.005017	0.004898	0.004543
-0.146382	-0.159880	-0.159903
-0.000304	-0.001387	-0.001405
-0.039698	0.055383	0.055364
-0.014211	-0.001191	-0.001219
-0.012496	0.002474	0.002434
-83.986992	84.009056	0.009385
-83.998514	83.989262	-0.010723
-84.003964	84.004773	0.004790
-84.003865	84.000360	0.000460
-84.010987	83.989484	-0.010490
-83.996820	84.001504	0.001532
-84.000746	83.999530	-0.000430
-84.003918	84.003195	0.003239
-83.999908	83.995643	-0.004125
-84.197953	84.279807	0.279791
-84.003382	84.000106	0.000124
-83.994748	83.998506	-0.001478
-84.034594	84.037160	0.037316
-84.001221	84.000851	0.000869
-83.991071	84.009446	0.009471
-84.007734	83.997420	-0.002413
-83.996058	83.998594	-0.001385
-83.998624	83.998261	-0.001683
-83.986405	84.002139	0.002159
-84.007648	83.990398	-0.009584
-84.007118	84.006087	0.006106
-84.003194	83.995935	-0.003878
-84.016311	83.980320	-0.019664
-84.001437	83.997464	-0.002497
-83.999852	83.999383	-0.000513
-84.010689	83.995382	-0.004578
-83.999698	83.999854	-0.000082
-84.005728	84.004992	0.005079
-84.002571	83.997279	-0.002701
-83.995114	84.003921	0.003944
-84.004773	84.001266	0.001310
-83.999458	83.998022	-0.001948
-84.016799	83.989657	-0.010257
-83.995343	84.004783	0.004898
-84.003228	83.995435	-0.004503
-84.005015	84.001253	0.001269
-84.001621	83.998418	-0.001463
-84.001601	83.997768	-0.002090
-83.992372	83.997410	-0.002573
-84.007617	83.999940	-0.000034
-83.994551	83.996890	-0.003082
-83.981679	83.981755	-0.018222
-83.575367	84.004154	0.004267
-83.999857	84.004529	0.004811
-84.013065	84.001059	0.001180
-84.007766	84.001895	0.001910
-84.002795	83.996847	-0.002923
-84.002374	83.999173	-0.000806
-84.006646	84.003723	0.003740
-83.985897	83.999987	-0.000001
-84.004305	83.996206	-0.003780
-83.998340	84.001265	0.001287
-84.000925	83.997050	-0.002827
-84.001066	83.990108	-0.009869
-83.997055	83.997594	-0.002337
-83.989173	83.972941	-0.026794
-83.999644	83.998642	-0.001322
-83.995684	84.007189	0.007210
-83.996966	84.000407	0.000548
-84.004664	84.000800	0.000815
-84.006013	84.000946	0.000962
-84.029778	84.009812	0.009828
-84.001578	84.000193	0.000219
-83.994074	84.007888	0.008250
-83.997479	83.994270	-0.005642
-84.036963	84.020626	0.020642
-83.992884	84.004404	0.004449
-83.997951	83.996475	-0.003505
-84.001160	83.999938	0.000046
-83.998134	83.997394	-0.002516
-83.979212	84.033838	0.033856
-84.015271	83.997590	-0.002396
-84.001823	84.002064	0.002223
-84.003781	84.002603	0.002636
-84.005150	84.000493	0.000512
-83.995213	83.997734	-0.002249
-84.008471	83.998583	-0.001234
-83.992031	83.998627	-0.001351
-83.998505	83.997913	-0.002062
-83.997693	83.999616	-0.000343
-83.996017	84.004092	0.004121
-84.000706	84.002896	0.002926
-83.995185	83.997619	-0.002289
-83.997814	83.997494	-0.002488
-83.999583	84.000747	0.000858
-84.006492	84.003262	0.003356
-83.999887	83.999830	-0.000139
-84.004950	84.003330	0.003349
-84.021901	84.051037	0.051175
-84.010894	84.013095	0.013102
-83.998723	83.999844	-0.000135
-83.997412	83.993172	-0.006800
-83.996972	84.002453	0.002475
-84.003987	84.000508	0.000799
-83.993736	83.998190	-0.001793
-83.997689	83.996822	-0.002986
-84.014056	84.002656	0.002857
-83.995252	84.003694	0.003930
-84.007513	83.991661	-0.008325
-84.004992	84.003104	0.003118
-84.000410	83.999559	-0.000420
-83.991190	84.004324	0.004339
-84.004291	83.998960	-0.000905
-84.002258	83.997717	-0.002183
-84.006851	83.998376	-0.001605
-83.999282	84.000782	0.000821
-84.015035	84.012172	0.012186
-84.000665	83.998916	-0.001034
-84.002925	83.998848	-0.001136
-84.001616	83.995214	-0.004769
-84.007699	84.011247	0.011256
-83.996792	84.000991	0.001013
-84.000537	84.000756	0.000780
-84.004181	83.999781	-0.000199
-84.001816	83.999943	-0.000038
-83.996045	84.001094	0.001167
-84.000723	83.995992	-0.003931
-83.998051	83.996056	-0.003922
-84.006590	84.003046	0.003061
-84.000533	84.001937	0.001955
-83.996914	83.999568	-0.000408
-84.019173	83.998223	-0.001762
-83.825554	83.719652	-0.281192
-84.017801	84.006558	0.006571
-84.006141	84.001622	0.001636
-83.999480	83.999602	-0.000356
-83.999576	84.001210	0.001253
-83.994527	84.000279	0.000309
-84.001049	83.994864	-0.005115
-83.999091	84.000068	0.000090
-84.004815	84.002817	0.002915
-84.039720	84.009551	0.009559
-84.002267	83.998719	-0.001205
-83.996852	84.005541	0.005566
-83.987547	84.004406	0.004432
-83.997251	83.991320	-0.008574
-83.984102	83.985895	-0.014114
-84.000414	84.001333	0.001392
-83.993982	84.004464	0.004488
-83.956424	83.954708	-0.045212
-113.123608	98.553161	-8.003145
-84.491116	84.428966	0.428899
-84.002600	84.000264	0.000314
-84.008885	83.998243	-0.001474
-83.992472	84.017508	0.017520
-83.999869	83.999567	-0.000372
-83.998369	83.999048	-0.000929
-84.014692	84.010869	0.011085
-84.000192	83.998419	-0.001530
-84.021766	84.000695	0.000712
-96.189828	111.477574	8.098269
-84.022018	83.994832	-0.005161
-84.005874	83.990741	-0.009035
-84.003456	83.997672	-0.002313
-83.994420	83.992845	-0.007115
-84.001872	83.996895	-0.003059
-84.003889	84.000144	0.000161
-84.000469	84.001387	0.001401
-83.999122	84.003002	0.003038
-84.412270	84.014534	0.013872
-83.996613	83.997811	-0.002157
-83.999109	83.999358	-0.000613
-83.999581	84.002406	0.002453
-83.999590	84.001166	0.001194
-84.001372	84.002336	0.002360
-83.988371	84.004063	0.004264
-83.998489	83.996187	-0.003796
-84.012726	84.001249	0.001330
-84.005009	83.992956	-0.006707
-83.997155	83.999570	-0.000411
-83.992688	84.004606	0.004644
-83.997776	83.978226	-0.021468
-83.993580	84.000437	0.000470
-83.994001	84.001543	0.001875
-84.004229	83.997292	-0.002692
-83.999007	83.997591	-0.002376
-83.499892	83.577577	-0.424311
-83.991004	84.016149	0.016224
-83.998213	83.993773	-0.006215
-84.007349	84.001038	0.001051
-83.998706	83.999783	-0.000169
-84.007256	84.005360	0.005377
-83.975547	83.995205	-0.004585
-84.001130	83.998807	-0.001151
-83.970360	83.966629	-0.033392
-83.956329	84.019619	0.019604
-84.001871	84.003847	0.003909
-83.998451	84.000547	0.000567
-84.001420	84.002865	0.002884
-83.996493	84.000634	0.000666
-84.007331	83.994931	-0.004944
-83.999872	83.997426	-0.002520
-84.003657	84.005058	0.005071
-84.007917	84.006493	0.006765
-83.998574	83.998772	-0.000970
-84.004180	84.004210	0.004220
-84.002437	83.999992	0.000060
-83.995920	83.998137	-0.001687
-84.000140	83.999781	-0.000189
-84.002252	83.984508	-0.015489
-84.021007	83.966026	-0.033994
-83.999389	84.000973	0.001024
-83.974742	84.001113	0.001486
-84.000135	84.000832	0.000857
