0.000351	0.000528	0.000527
-0.004516	-0.002410	-0.002410
-0.000052	-0.000047	-0.000048
0.000166	0.000073	0.000073
-0.000263	0.000002	0.000001
0.000849	0.000056	0.000056
0.000046	0.000067	0.000066
0.000008	0.000007	0.000006
0.016340	-0.013466	-0.013466
0.002532	-0.001371	-0.001372
0.000051	0.000135	0.000135
-0.000164	-0.000264	-0.000265
0.000121	0.000193	0.000193
0.000518	-0.000027	-0.000028
-0.000396	-0.000112	-0.000113
0.000067	0.000626	0.000626
0.000496	-0.000046	-0.000046
-0.000102	0.000034	0.000034
0.000137	-0.000131	-0.000132
0.000106	-0.000128	-0.000128
-0.004251	-0.000141	-0.000142
0.000330	-0.000632	-0.000632
0.000140	-0.011283	-0.011285
-0.001424	-0.000024	-0.000024
0.000066	-0.000258	-0.000258
0.000005	0.000060	0.000060
0.000157	0.000022	0.000021
0.000171	0.000283	0.000282
0.000134	0.000074	0.000074
0.000532	-0.000069	-0.000069
-0.000362	0.000394	0.000393
-0.002140	0.002008	0.002008
0.000166	-0.000021	-0.000022
-0.000103	0.000214	0.000214
0.000181	0.000016	0.000016
0.000149	0.000041	0.000041
0.000383	-0.000330	-0.000330
-0.000111	-0.000000	-0.000000
-0.000128	-0.000493	-0.000493
-0.000185	-0.000101	-0.000101
0.000563	-0.000547	-0.000547
0.000019	-0.000398	-0.000398
0.000149	-0.000012	-0.000012
-0.000091	0.000036	0.000036
0.000134	-0.000091	-0.000091
-0.000138	-0.000262	-0.000262
0.000110	0.000078	0.000078
-0.001410	-0.000575	-0.000576
0.000124	0.000085	0.000084
0.000123	0.000001	0.000001
0.000009	0.000012	0.000011
0.001582	-0.000461	-0.000462
0.000138	0.000668	0.000668
-0.000033	-0.000059	-0.000060
0.000376	0.000144	0.000144
0.000376	0.019364	0.019364
0.000037	0.000045	0.000045
0.000193	-0.000662	-0.000662
0.002075	-0.000684	-0.000685
0.001060	-0.000162	-0.000162
-0.000299	0.000033	0.000033
0.000141	0.000547	0.000547
-0.000085	0.000332	0.000331
-0.000621	0.000086	0.000086
-0.000024	-0.000254	-0.000254
0.000208	0.000275	0.000275
-0.000079	-0.000969	-0.000970
-0.000839	0.000719	0.000719
-0.002589	-0.001987	-0.001987
0.000007	0.000206	0.000206
0.002983	-0.000702	-0.000704
-0.000099	-0.000374	-0.000374
-0.000029	0.000246	0.000246
0.001347	-0.000550	-0.000550
-0.001624	0.001098	0.001098
0.001487	0.001889	0.001889
-0.000192	0.000270	0.000269
-0.000067	0.000132	0.000131
0.000232	-0.000284	-0.000285
0.000355	-0.000059	-0.000059
0.000193	-0.000210	-0.000210
-0.018197	0.015214	0.015214
-0.000337	-0.001197	-0.001197
0.000049	-0.000082	-0.000083
0.000254	-0.000318	-0.000319
-0.000268	0.000458	0.000458
-0.000147	-0.000640	-0.000640
0.001611	-0.000528	-0.000528
0.001534	0.000663	0.000663
0.004738	0.002990	0.002990
0.000551	0.000030	0.000030
-0.000250	0.001980	0.001980
-0.000577	-0.000192	-0.000192
-0.000003	0.000035	0.000034
-0.000476	0.000193	0.000192
-0.000107	-0.000061	-0.000062
-0.000727	0.000769	0.000767
0.000721	0.000468	0.000468
0.000306	0.000869	0.000869
0.000741	-0.000012	-0.000012
0.001810	0.000930	0.000930
0.001042	-0.000326	-0.000326
0.003734	-0.004148	-0.004148
0.000546	0.000103	0.000103
0.001193	-0.001712	-0.001712
-0.000052	0.000077	0.000077
-0.000295	-0.000336	-0.000337
-0.000157	0.000031	0.000031
-0.000459	-0.001067	-0.001067
0.000031	-0.000003	-0.000004
0.000318	0.000075	0.000075
-0.000527	0.000304	0.000304
0.001818	-0.011932	-0.011932
-0.000167	-0.000107	-0.000107
-0.000270	-0.000267	-0.000268
-0.000109	0.000164	0.000164
0.000459	0.000066	0.000066
0.000465	0.000015	0.000014
0.000190	0.000537	0.000537
-0.000110	-0.000269	-0.000269
-0.000004	-0.000074	-0.000074
-0.000383	0.000192	0.000192
0.000656	-0.002361	-0.002362
-0.000164	0.000324	0.000324
0.000285	-0.000301	-0.000301
0.000270	0.000338	0.000338
0.000108	0.000020	0.000019
-0.000866	0.000410	0.000410
0.002375	-0.002035	-0.002035
0.000356	-0.000246	-0.000247
-0.000226	0.000155	0.000155
-0.000191	0.000757	0.000757
-0.000191	0.000175	0.000174
-0.001807	-0.000414	-0.000414
-0.000036	-0.000073	-0.000073
0.000291	0.000968	0.000968
0.000044	-0.000087	-0.000087
-0.002501	0.000049	0.000049
0.002364	0.002518	0.002518
-0.000242	0.000029	0.000028
0.000070	0.000272	0.000272
0.002218	0.000001	-0.000000
0.000293	-0.000074	-0.000074
0.000389	0.000898	0.000898
0.000420	0.000106	0.000106
0.000974	0.000500	0.000500
-0.000201	0.000363	0.000363
0.000770	-0.000305	-0.000305
0.000066	-0.000090	-0.000090
0.000150	0.000056	0.000056
0.000584	0.000027	0.000027
0.000050	-0.000212	-0.000212
-0.002603	0.009076	0.009076
-0.000429	0.000514	0.000513
-0.000350	0.000701	0.000701
0.000262	0.000242	0.000241
-0.000101	-0.000016	-0.000016
-0.006210	0.010636	0.010635
0.000021	-0.000072	-0.000072
-0.000431	-0.000087	-0.000088
0.000104	-0.000156	-0.000156
0.011128	0.012563	0.012563
-0.001318	0.001760	0.001759
0.000155	0.000095	0.000095
-0.000311	0.000571	0.000571
-0.000160	-0.000333	-0.000333
-0.000181	-0.000191	-0.000192
0.000430	-0.000120	-0.000121
0.000056	-0.000331	-0.000331
-0.000211	0.000192	0.000191
-0.001020	0.001021	0.001020
-0.000415	0.000236	0.000235
0.001512	-0.001800	-0.001800
0.000468	0.000680	0.000680
0.001470	-0.000747	-0.000748
-0.000137	-0.000059	-0.000059
-0.000110	-0.000278	-0.000279
0.000115	-0.000929	-0.000929
0.000046	0.000044	0.000044
-0.000251	-0.019158	-0.019158
0.000124	0.000050	0.000050
0.000065	0.000130	0.000130
0.000480	-0.000164	-0.000164
0.000083	-0.000027	-0.000028
-0.000496	-0.000254	-0.000255
0.001112	-0.000923	-0.000923
0.000632	0.000336	0.000336
0.000095	0.000117	0.000117
0.000010	0.000046	0.000046
0.000221	0.000034	0.000034
0.003410	-0.001472	-0.001472
0.000202	0.000033	0.000033
-0.000094	0.000268	0.000268
-0.000136	-0.000194	-0.000196
-0.000479	0.000066	0.000066
-0.000222	0.000391	0.000390
0.001189	-0.000041	-0.000041
-0.000077	-0.000285	-0.000285
-0.000439	0.000384	0.000382
-0.011340	-0.012371	-0.012372
-0.000028	-0.000115	-0.000116
-0.003235	0.004515	0.004514
-0.001175	-0.000099	-0.000099
-0.001036	0.000203	0.000203
-83.998907	84.000767	0.000768
-83.999876	83.999116	-0.000884
-84.000325	84.000395	0.000395
-84.000315	84.000039	0.000039
-84.000902	83.999134	-0.000866
-83.999737	84.000127	0.000127
-84.000060	83.999965	-0.000035
-84.000322	84.000268	0.000268
-83.999980	83.999658	-0.000341
-84.014474	84.020307	0.020307
-84.000276	84.000010	0.000010
-83.999565	83.999878	-0.000122
-84.002831	84.003066	0.003068
-84.000099	84.000072	0.000072
-83.999261	84.000779	0.000779
-84.000625	83.999799	-0.000200
-83.999672	83.999885	-0.000115
-83.999885	83.999862	-0.000138
-83.998877	84.000178	0.000178
-84.000628	83.999208	-0.000792
-84.000584	84.000503	0.000503
-84.000244	83.999671	-0.000328
-84.001342	83.998379	-0.001621
-84.000116	83.999794	-0.000205
-83.999982	83.999958	-0.000042
-84.000878	83.999623	-0.000377
-83.999971	83.999994	-0.000006
-84.000464	84.000418	0.000418
-84.000211	83.999778	-0.000222
-83.999594	84.000325	0.000325
-84.000388	84.000105	0.000105
-83.999951	83.999839	-0.000161
-84.001374	83.999150	-0.000850
-83.999611	84.000404	0.000405
-84.000261	83.999629	-0.000371
-84.000411	84.000104	0.000104
-84.000124	83.999879	-0.000121
-84.000117	83.999821	-0.000178
-83.999368	83.999787	-0.000213
-84.000625	83.999995	-0.000004
-83.999550	83.999746	-0.000254
-83.998491	83.998499	-0.001501
-83.968871	84.000384	0.000385
-83.999964	84.000389	0.000390
-84.001064	84.000090	0.000091
-84.000639	84.000158	0.000158
-84.000213	83.999755	-0.000244
-84.000193	83.999933	-0.000067
-84.000546	84.000308	0.000308
-83.998835	84.000000	0.000000
-84.000354	83.999688	-0.000312
-83.999860	84.000105	0.000105
-84.000063	83.999761	-0.000239
-84.000087	83.999187	-0.000813
-83.999753	83.999808	-0.000192
-83.999066	83.997790	-0.002209
-83.999966	83.999889	-0.000110
-83.999641	84.000593	0.000593
-83.999744	84.000046	0.000046
-84.000383	84.000067	0.000067
-84.000494	84.000079	0.000079
-84.002446	84.000811	0.000811
-84.000127	84.000017	0.000017
-83.999484	84.000672	0.000673
-83.999783	83.999534	-0.000466
-84.003034	84.001690	0.001691
-83.999407	84.000363	0.000364
-83.999828	83.999711	-0.000289
-84.000083	83.999998	-0.000001
-83.999843	83.999793	-0.000206
-83.998293	84.002778	0.002778
-84.001256	83.999803	-0.000198
-84.000134	84.000174	0.000175
-84.000307	84.000216	0.000216
-84.000424	84.000043	0.000043
-83.999603	83.999814	-0.000185
-84.000683	83.999895	-0.000104
-83.999340	83.999887	-0.000113
-83.999875	83.999830	-0.000170
-83.999804	83.999970	-0.000030
-83.999667	84.000338	0.000338
-84.000054	84.000240	0.000240
-83.999592	83.999807	-0.000193
-83.999818	83.999795	-0.000205
-83.999955	84.000069	0.000069
-84.000524	84.000272	0.000272
-83.999986	83.999987	-0.000013
-84.000405	84.000275	0.000275
-84.001770	84.004174	0.004175
-84.000896	84.001080	0.001079
-83.999893	83.999989	-0.000011
-83.999783	83.999437	-0.000563
-83.999749	84.000205	0.000205
-84.000306	84.000060	0.000061
-83.999481	83.999852	-0.000148
-83.999795	83.999751	-0.000248
-84.001137	84.000225	0.000225
-83.999589	84.000319	0.000320
-84.000618	83.999313	-0.000687
-84.000410	84.000257	0.000257
-84.000033	83.999966	-0.000034
-83.999273	84.000357	0.000358
-84.000339	83.999918	-0.000082
-84.000175	83.999816	-0.000184
-84.000562	83.999867	-0.000133
-83.999936	84.000065	0.000065
-84.001238	84.001004	0.001004
-84.000048	83.999913	-0.000087
-84.000239	83.999906	-0.000094
-84.000132	83.999607	-0.000393
-84.000632	84.000928	0.000927
-83.999733	84.000083	0.000084
-84.000042	84.000065	0.000065
-84.000342	83.999983	-0.000017
-84.000147	83.999997	-0.000003
-83.999668	84.000096	0.000096
-84.000057	83.999677	-0.000323
-83.999837	83.999676	-0.000323
-84.000542	84.000252	0.000252
-84.000041	84.000160	0.000160
-83.999742	83.999965	-0.000035
-84.001580	83.999855	-0.000145
-83.987467	83.979665	-0.020395
-84.001466	84.000541	0.000541
-84.000505	84.000135	0.000135
-83.999952	83.999970	-0.000030
-83.999959	84.000101	0.000101
-83.999545	84.000025	0.000025
-84.000084	83.999578	-0.000422
-83.999922	84.000007	0.000007
-84.000386	84.000234	0.000235
-84.003272	84.000788	0.000787
-84.000184	83.999901	-0.000098
-83.999737	84.000457	0.000457
-83.998970	84.000365	0.000365
-83.999769	83.999294	-0.000706
-83.998685	83.998840	-0.001162
-84.000027	84.000111	0.000112
-83.999500	84.000368	0.000368
-83.996413	83.996305	-0.003700
-84.048187	83.953677	-0.046324
-84.030383	84.026696	0.026696
-84.000211	84.000026	0.000026
-84.000714	83.999874	-0.000125
-83.999377	84.001444	0.001444
-83.999982	83.999967	-0.000033
-83.999864	83.999924	-0.000076
-84.001192	84.000909	0.000910
-84.000013	83.999874	-0.000125
-84.001791	84.000058	0.000057
-83.948754	84.045235	0.044989
-84.001813	83.999575	-0.000425
-84.000466	83.999251	-0.000749
-84.000284	83.999809	-0.000191
-83.999539	83.999414	-0.000586
-84.000149	83.999747	-0.000253
-84.000318	84.000013	0.000013
-84.000037	84.000115	0.000115
-83.999923	84.000248	0.000248
-84.030103	84.001151	0.001095
-83.999717	83.999821	-0.000179
-83.999923	83.999949	-0.000051
-83.999960	84.000202	0.000202
-83.999962	84.000097	0.000097
-84.000112	84.000195	0.000195
-83.999021	84.000340	0.000341
-83.999874	83.999687	-0.000313
-84.001039	84.000106	0.000106
-84.000387	83.999440	-0.000559
-83.999764	83.999966	-0.000033
-83.999394	84.000383	0.000383
-83.999797	83.998227	-0.001772
-83.999466	84.000037	0.000037
-83.999483	84.000149	0.000150
-84.000347	83.999778	-0.000222
-83.999917	83.999805	-0.000195
-83.968934	83.973908	-0.026204
-83.999250	84.001332	0.001331
-83.999850	83.999488	-0.000512
-84.000604	84.000087	0.000087
-83.999887	83.999982	-0.000017
-84.000595	84.000443	0.000443
-83.997963	83.999611	-0.000388
-84.000090	83.999905	-0.000094
-83.997568	83.997261	-0.002742
-83.996406	84.001614	0.001611
-84.000149	84.000323	0.000323
-83.999870	84.000047	0.000047
-84.000114	84.000238	0.000238
-83.999706	84.000053	0.000053
-84.000589	83.999586	-0.000415
-83.999985	83.999793	-0.000207
-84.000300	84.000419	0.000419
-84.000628	84.000547	0.000547
-83.999868	83.999917	-0.000082
-84.000343	84.000348	0.000348
-84.000194	84.000004	0.000004
-83.999645	83.999851	-0.000148
-84.000009	83.999985	-0.000015
-84.000185	83.998725	-0.001276
-84.001722	83.997214	-0.002789
-83.999943	84.000082	0.000082
-83.997891	84.000115	0.000116
-84.000008	84.000070	0.000070
